0,3910980
1,571
2,142
3,207
4,122
5,118
6,66
7,101
8,174
9,209
10,152
11,164
12,134
13,209
14,256
15,316
16,368
17,155
18,167
19,188
20,145
21,157
22,164
23,116
24,197
25,179
26,155
27,184
28,200
29,197
30,137
31,130
32,165
33,130
34,82
35,84
36,151
37,78
38,139
39,149
40,128
41,135
42,221
43,116
44,119
45,152
46,112
47,100
48,186
49,113
50,376
51,193
52,87
53,172
54,131
55,131
56,230
57,199
58,143
59,110
60,133
61,150
62,245
63,96
64,158
65,154
66,191
67,201
68,113
69,534
70,133
71,140
72,79
73,144
74,98
75,123
76,892
77,71
78,144
79,129
80,203
81,90
82,109
83,243
84,62
85,402
86,67
87,74
88,99
89,102
90,82
91,91
92,50
93,62
94,43
95,49
96,59
97,50
98,83
99,49
100,46
101,43
102,67
103,51
104,46
105,52
106,73
107,61
108,182
109,77
110,41
111,54
112,50
113,39
114,98
115,194
116,58
117,109
118,158
119,106
120,127
121,74
122,92
123,167
124,81
125,66
126,90
127,195
128,148
129,113
130,106
131,73
132,112
133,51
134,92
135,76
136,138
137,129
138,502
139,85
140,63
141,62
142,84
143,51
144,187
145,144
146,79
147,75
148,50
149,185
150,166
151,141
152,136
153,77
154,99
155,129
156,116
157,121
158,207
159,128
160,216
161,122
162,214
163,141
164,125
165,153
166,187
167,175
168,196
169,158
170,194
171,90
172,165
173,106
174,172
175,149
176,101
177,232
178,188
179,132
180,95
181,75
182,114
183,86
184,142
185,76
186,103
187,144
188,129
189,87
190,228
191,240
192,161
193,152
194,175
195,268
196,178
197,182
198,162
199,137
200,139
201,127
202,123
203,184
204,166
205,241
206,110
207,114
208,129
209,138
210,126
211,154
212,125
213,164
214,233
215,125
216,227
217,187
218,194
219,216
220,176
221,170
222,124
223,242
224,166
225,223
226,153
227,224
228,158
229,125
230,103
231,197
232,409
233,212
234,315
235,127
236,127
237,108
238,126
239,211
240,181
241,220
242,230
243,183
244,222
245,184
246,120
247,104
248,102
249,112
250,65
251,140
252,96
253,42
254,62
255,60
256,53
257,63
258,27
259,77
260,54
261,69
262,83
263,201
264,127
265,222
266,94
267,88
268,69
269,105
270,72
271,85
272,79
273,109
274,65
275,75
276,84
277,96
278,121
279,81
280,140
281,123
282,102
283,95
284,110
285,53
286,91
287,60
288,62
289,109
290,72
291,53
292,52
293,87
294,87
295,77
296,46
297,51
298,73
299,44
300,46
301,29
302,44
303,54
304,65
305,125
306,130
307,108
308,72
309,167
310,180
311,169
312,159
313,176
314,177
315,111
316,356
317,127
318,106
319,104
320,121
321,91
322,71
323,114
324,94
325,105
326,166
327,101
328,116
329,724
330,101
331,195
332,164
333,109
334,255
335,237
336,205
337,143
338,195
339,371
340,152
341,201
342,161
343,173
344,247
345,288
346,161
347,72
348,121
349,169
350,289
351,215
352,394
353,280
354,245
355,185
356,128
357,182
358,552
359,117
360,136
361,113
362,156
363,111
364,106
365,126
366,136
367,99
368,170
369,180
370,161
371,218
372,179
373,330
374,218
375,261
376,275
377,359
378,304
379,280
380,195
381,480
382,333
383,369
384,489
385,391
386,238
387,270
388,155
389,122
390,144
391,289
392,197
393,152
394,158
395,330
396,129
397,136
398,158
399,172
400,226
401,146
402,137
403,309
404,324
405,247
406,220
407,242
408,934
409,217
410,234
411,216
412,211
413,635
414,181
415,193
416,261
417,298
418,277
419,219
420,231
421,201
422,334
423,166
424,374
425,188
426,143
427,163
428,108
429,188
430,197
431,298
432,285
433,357
434,163
435,292
436,504
437,315
438,283
439,394
440,389
441,230
442,337
443,317
444,414
445,506
446,360
447,382
448,669
449,136
450,294
451,120
452,114
453,135
454,110
455,99
456,171
457,158
458,154
459,190
460,126
461,186
462,150
463,365
464,132
465,305
466,162
467,121
468,161
469,68
470,123
471,113
472,137
473,125
474,196
475,116
476,206
477,370
478,364
479,113
480,170
481,249
482,213
483,188
484,223
485,161
486,99
487,93
488,160
489,137
490,163
491,379
492,170
493,71
494,157
495,177
496,195
497,294
498,673
499,200
500,107
501,232
502,145
503,273
504,291
505,126
506,275
507,418
508,452
509,442
510,383
511,502
512,209
513,239
514,315
515,367
516,272
517,186
518,160
519,175
520,123
521,235
522,261
523,118
524,182
525,139
526,103
527,155
528,173
529,415
530,141
531,198
532,185
533,181
534,223
535,101
536,98
537,141
538,130
539,364
540,115
541,118
542,299
543,108
544,171
545,126
546,139
547,137
548,135
549,98
550,147
551,122
552,200
553,193
554,213
555,203
556,131
557,189
558,307
559,175
560,183
561,160
562,216
563,1215
564,179
565,256
566,259
567,177
568,253
569,132
570,195
571,150
572,433
573,165
574,195
575,211
576,330
577,337
578,264
579,217
580,345
581,254
582,265
583,221
584,233
585,324
586,201
587,307
588,220
589,227
590,222
591,276
592,172
593,135
594,204
595,154
596,197
597,166
598,254
599,377
600,206
601,124
602,212
603,252
604,222
605,210
606,290
607,165
608,201
609,182
610,233
611,135
612,120
613,122
614,123
615,177
616,245
617,431
618,143
619,143
620,157
621,165
622,150
623,340
624,228
625,830
626,242
627,317
628,334
629,622
630,759
631,446
632,580
633,667
634,826
635,1322
636,306
637,291
638,162
639,268
640,305
641,261
642,361
643,602
644,769
645,578
646,529
647,473
648,447
649,555
650,407
651,389
652,251
653,312
654,215
655,273
656,180
657,320
658,188
659,208
660,217
661,250
662,242
663,241
664,202
665,183
666,175
667,158
668,189
669,136
670,119
671,287
672,159
673,173
674,124
675,163
676,234
677,194
678,422
679,226
680,188
681,441
682,224
683,223
684,229
685,567
686,481
687,209
688,176
689,196
690,130
691,100
692,228
693,132
694,126
695,246
696,191
697,204
698,173
699,227
700,224
701,203
702,200
703,148
704,145
705,204
706,233
707,148
708,190
709,183
710,198
711,167
712,142
713,163
714,259
715,264
716,208
717,176
718,187
719,195
720,211
721,140
722,186
723,150
724,216
725,293
726,231
727,153
728,144
729,137
730,119
731,129
732,142
733,160
734,163
735,140
736,92
737,155
738,171
739,195
740,152
741,172
742,142
743,110
744,203
745,131
746,104
747,150
748,158
749,139
750,114
751,100
752,144
753,108
754,84
755,93
756,99
757,187
758,127
759,113
760,284
761,124
762,132
763,178
764,119
765,311
766,213
767,182
768,182
769,170
770,191
771,254
772,119
773,120
774,139
775,131
776,140
777,154
778,230
779,194
780,180
781,231
782,285
783,147
784,171
785,164
786,211
787,235
788,191
789,152
790,117
791,193
792,143
793,122
794,134
795,124
796,93
797,157
798,108
799,136
800,152
801,145
802,124
803,191
804,218
805,210
806,191
807,164
808,167
809,157
810,1142
811,146
812,203
813,188
814,117
815,162
816,113
817,195
818,144
819,174
820,215
821,104
822,147
823,141
824,324
825,672
826,355
827,491
828,344
829,233
830,151
831,293
832,329
833,132
834,112
835,147
836,219
837,315
838,224
839,161
840,295
841,291
842,159
843,125
844,135
845,149
846,161
847,156
848,124
849,104
850,134
851,248
852,189
853,277
854,213
855,156
856,218
857,206
858,287
859,201
860,165
861,217
862,227
863,201
864,200
865,224
866,231
867,224
868,178
869,214
870,319
871,415
872,219
873,246
874,146
875,252
876,256
877,217
878,303
879,335
880,442
881,335
882,201
883,250
884,300
885,231
886,188
887,214
888,158
889,194
890,362
891,134
892,707
893,160
894,78
895,893
896,105
897,331
898,214
899,930
900,461
901,107
902,134
903,493
904,222
905,96
906,74
907,92
908,125
909,83
910,115
911,104
912,118
913,112
914,3244
915,342
916,163
917,108
918,115
919,123
920,172
921,105
922,148
923,172
924,238
925,411
926,267
927,222
928,168
929,132
930,79
931,96
932,203
933,245
934,195
935,225
936,129
937,168
938,143
939,177
940,161
941,153
942,136
943,255
944,190
945,153
946,284
947,159
948,278
949,225
950,134
951,192
952,143
953,207
954,173
955,232
956,296
957,201
958,185
959,211
960,261
961,370
962,203
963,271
964,235
965,214
966,215
967,200
968,253
969,324
970,282
971,240
972,184
973,156
974,141
975,130
976,188
977,160
978,95
979,108
980,327
981,106
982,110
983,342
984,87
985,95
986,148
987,101
988,96
989,193
990,147
991,162
992,146
993,183
994,116
995,151
996,130
997,228
998,285
999,269
1000,188
1001,162
1002,233
1003,235
1004,187
1005,176
1006,144
1007,110
1008,213
1009,295
1010,214
1011,263
1012,190
1013,181
1014,184
1015,173
1016,209
1017,257
1018,243
1019,260
1020,144
1021,150
1022,81
1023,203
1024,147
1025,180
1026,154
1027,132
1028,222
1029,218
1030,201
1031,180
1032,205
1033,170
1034,138
1035,149
1036,116
1037,176
1038,255
1039,218
1040,167
1041,298
1042,109
1043,154
1044,129
1045,166
1046,106
1047,135
1048,121
1049,103
1050,83
1051,139
1052,155
1053,907
1054,1457
1055,184
1056,167
1057,126
1058,94
1059,178
1060,239
1061,203
1062,241
1063,237
1064,271
1065,201
1066,448
1067,306
1068,247
1069,362
1070,227
1071,311
1072,218
1073,182
1074,145
1075,183
1076,330
1077,191
1078,142
1079,159
1080,163
1081,139
1082,249
1083,213
1084,157
1085,249
1086,155
1087,156
1088,158
1089,300
1090,214
1091,190
1092,235
1093,224
1094,200
1095,164
1096,87
1097,430
1098,179
1099,305
1100,149
1101,136
1102,123
1103,133
1104,180
1105,259
1106,227
1107,486
1108,392
1109,204
1110,206
1111,203
1112,182
1113,174
1114,127
1115,113
1116,302
1117,163
1118,150
1119,156
1120,165
1121,158
1122,152
1123,114
1124,116
1125,331
1126,164
1127,120
1128,160
1129,277
1130,164
1131,114
1132,156
1133,130
1134,138
1135,126
1136,219
1137,105
1138,257
1139,159
1140,152
1141,180
1142,201
1143,460
1144,226
1145,244
1146,227
1147,367
1148,194
1149,300
1150,285
1151,147
1152,184
1153,104
1154,128
1155,217
1156,166
1157,273
1158,150
1159,179
1160,269
1161,137
1162,200
1163,110
1164,120
1165,127
1166,131
1167,240
1168,142
1169,154
1170,111
1171,143
1172,128
1173,161
1174,244
1175,135
1176,250
1177,248
1178,152
1179,145
1180,191
1181,347
1182,172
1183,211
1184,185
1185,190
1186,176
1187,251
1188,343
1189,522
1190,317
1191,782
1192,254
1193,207
1194,201
1195,217
1196,141
1197,141
1198,174
1199,183
1200,261
1201,472
1202,293
1203,411
1204,421
1205,313
1206,325
1207,259
1208,228
1209,269
1210,343
1211,277
1212,355
1213,320
1214,265
1215,430
1216,277
1217,198
1218,185
1219,266
1220,411
1221,166
1222,348
1223,255
1224,373
1225,300
1226,241
1227,254
1228,271
1229,230
1230,250
1231,240
1232,196
1233,286
1234,398
1235,388
1236,259
1237,345
1238,350
1239,270
1240,286
1241,482
1242,375
1243,346
1244,468
1245,526
1246,598
1247,744
1248,395
1249,833
1250,405
1251,379
1252,345
1253,598
1254,402
1255,530
1256,432
1257,304
1258,397
1259,479
1260,402
1261,814
1262,542
1263,428
1264,514
1265,363
1266,477
1267,483
1268,421
1269,449
1270,566
1271,597
1272,590
1273,574
1274,580
1275,413
1276,477
1277,878
1278,393
1279,364
1280,370
1281,409
1282,537
1283,472
1284,465
1285,527
1286,430
1287,442
1288,1660
1289,501
1290,492
1291,490
1292,596
1293,498
1294,470
1295,447
1296,491
1297,349
1298,464
1299,484
1300,368
1301,418
1302,522
1303,519
1304,302
1305,391
1306,487
1307,429
1308,778
1309,1526
1310,791
1311,599
1312,682
1313,566
1314,1070
1315,483
1316,571
1317,755
1318,509
1319,541
1320,551
1321,380
1322,584
1323,791
1324,548
1325,356
1326,450
1327,449
1328,330
1329,490
1330,530
1331,331
1332,443
1333,532
1334,1096
1335,366
1336,451
1337,489
1338,443
1339,452
1340,644
1341,355
1342,281
1343,321
1344,340
1345,334
1346,350
1347,396
1348,543
1349,639
1350,472
1351,644
1352,429
1353,885
1354,745
1355,808
1356,526
1357,526
1358,442
1359,543
1360,688
1361,651
1362,459
1363,456
1364,439
1365,1018
1366,464
1367,842
1368,674
1369,908
1370,442
1371,412
1372,364
1373,396
1374,368
1375,380
1376,413
1377,322
1378,248
1379,399
1380,335
1381,329
1382,463
1383,608
1384,344
1385,328
1386,340
1387,429
1388,318
1389,421
1390,477
1391,447
1392,358
1393,623
1394,511
1395,598
1396,502
1397,634
1398,530
1399,446
1400,587
1401,460
1402,718
1403,692
1404,702
1405,883
1406,912
1407,659
1408,698
1409,709
1410,546
1411,615
1412,575
1413,830
1414,640
1415,886
1416,735
1417,703
1418,924
1419,1059
1420,832
1421,599
1422,741
1423,567
1424,570
1425,867
1426,616
1427,788
1428,566
1429,624
1430,894
1431,824
1432,1406
1433,909
1434,648
1435,1173
1436,696
1437,1069
1438,763
1439,505
1440,452
1441,448
1442,660
1443,742
1444,532
1445,533
1446,517
1447,978
1448,751
1449,984
1450,840
1451,838
1452,737
1453,526
1454,382
1455,421
1456,421
1457,605
1458,580
1459,743
1460,776
1461,659
1462,510
1463,913
1464,747
1465,524
1466,381
1467,513
1468,671
1469,693
1470,588
1471,692
1472,694
1473,546
1474,720
1475,667
1476,626
1477,878
1478,1831
1479,978
1480,649
1481,884
1482,816
1483,721
1484,1248
1485,779
1486,546
1487,631
1488,711
1489,629
1490,1378
1491,636
1492,613
1493,719
1494,384
1495,836
1496,788
1497,656
1498,570
1499,503
1500,427
1501,677
1502,593
1503,1016
1504,527
1505,731
1506,733
1507,519
1508,528
1509,521
1510,604
1511,640
1512,793
1513,874
1514,855
1515,780
1516,1253
1517,797
1518,1110
1519,692
1520,761
1521,724
1522,873
1523,1079
1524,766
1525,791
1526,879
1527,858
1528,721
1529,841
1530,930
1531,775
1532,920
1533,1009
1534,1035
1535,1219
1536,979
1537,1145
1538,1528
1539,865
1540,1626
1541,837
1542,865
1543,821
1544,1675
1545,1069
1546,848
1547,1529
1548,717
1549,906
1550,978
1551,721
1552,885
1553,773
1554,818
1555,569
1556,770
1557,856
1558,676
1559,523
1560,608
1561,723
1562,1109
1563,909
1564,971
1565,680
1566,729
1567,812
1568,771
1569,567
1570,692
1571,663
1572,653
1573,729
1574,808
1575,794
1576,899
1577,989
1578,700
1579,749
1580,869
1581,969
1582,817
1583,779
1584,771
1585,774
1586,873
1587,1193
1588,1066
1589,1212
1590,1098
1591,1406
1592,1615
1593,985
1594,916
1595,857
1596,1047
1597,1164
1598,1011
1599,982
1600,1171
1601,1115
1602,1335
1603,1083
1604,905
1605,984
1606,1718
1607,947
1608,995
1609,1093
1610,1064
1611,1250
1612,1199
1613,1465
1614,1376
1615,1292
1616,1098
1617,1623
1618,1062
1619,1143
1620,1229
1621,1259
1622,1245
1623,1116
1624,1301
1625,1249
1626,1019
1627,2092
1628,1567
1629,1427
1630,1515
1631,1248
1632,1459
1633,1578
1634,1549
1635,1283
1636,1394
1637,1496
1638,1469
1639,1549
1640,3152
1641,3012
1642,2473
1643,1878
1644,1680
1645,1795
1646,1757
1647,2235
1648,1744
1649,1736
1650,1917
1651,2105
1652,2461
1653,1911
1654,1928
1655,1866
1656,2356
1657,1964
1658,2148
1659,2689
1660,2792
1661,2669
1662,3702
1663,3054
1664,2444
1665,2587
1666,2579
1667,2525
1668,2488
1669,3072
1670,2621
1671,3785
1672,3571
1673,4039
1674,3564
1675,4425
1676,3680
1677,2634
1678,2850
1679,2830
1680,2780
1681,3387
1682,2352
1683,3845
1684,2733
1685,2471
1686,2698
1687,3484
1688,3279
1689,3273
1690,3402
1691,3453
1692,3817
1693,4636
1694,5024
1695,5454
1696,4424
1697,4589
1698,4513
1699,4502
1700,6439
1701,4533
1702,3965
1703,4075
1704,3646
1705,3791
1706,4496
1707,4366
1708,6852
1709,4987
1710,4456
1711,5153
1712,5012
1713,7127
1714,5466
1715,5980
1716,6858
1717,5673
1718,5251
1719,6003
1720,5610
1721,6108
1722,5694
1723,6414
1724,6333
1725,6375
1726,7156
1727,7509
1728,8545
1729,7346
1730,6881
1731,6221
1732,6751
1733,7542
1734,7982
1735,8189
1736,7820
1737,7772
1738,8256
1739,8474
1740,9798
1741,10594
1742,10847
1743,9504
1744,11045
1745,10313
1746,12004
1747,11983
1748,10849
1749,12066
1750,11315
1751,13427
1752,15306
1753,13463
1754,13670
1755,13423
1756,13856
1757,14753
1758,17162
1759,15098
1760,17763
1761,18566
1762,17838
1763,18965
1764,19702
1765,20927
1766,25750
1767,25249
1768,24872
1769,31251
1770,27500
1771,28498
1772,29857
1773,32246
1774,32262
1775,34742
1776,34914
1777,36704
1778,39446
1779,44531
1780,48136
1781,51001
1782,58211
1783,62197
1784,77037
1785,83731
1786,84443
1787,98811
1788,112153
1789,123759
1790,137592
1791,163561
1792,198905
1793,229243
1794,302538
1795,385024
1796,508391
1797,731111
1798,1156968
1799,2673529
1800,25282882
1801,39227
1802,30216
1803,30997
1804,26315
1805,25540
1806,28231
1807,24085
1808,23663
1809,23751
1810,29582
1811,26442
1812,25228
1813,26590
1814,23770
1815,24881
1816,22641
1817,21585
1818,20707
1819,20785
1820,16951
1821,17079
1822,20491
1823,17758
1824,16243
1825,15586
1826,14796
1827,15242
1828,15721
1829,15161
1830,16896
1831,19908
1832,19246
1833,19719
1834,21568
1835,18196
1836,18106
1837,19946
1838,23432
1839,22434
1840,20503
1841,17473
1842,17691
1843,19569
1844,20186
1845,19132
1846,22736
1847,21558
1848,17272
1849,17196
1850,17195
1851,16544
1852,16861
1853,15356
1854,16571
1855,14880
1856,16491
1857,14721
1858,15892
1859,18714
1860,14983
1861,15060
1862,16464
1863,18329
1864,16301
1865,19520
1866,20537
1867,18807
1868,19280
1869,17330
1870,16008
1871,16773
1872,14854
1873,14564
1874,16783
1875,16326
1876,16509
1877,15672
1878,14468
1879,14662
1880,15017
1881,13499
1882,13421
1883,17085
1884,16763
1885,13168
1886,12796
1887,12711
1888,13240
1889,13721
1890,12443
1891,12961
1892,12723
1893,14159
1894,13415
1895,11603
1896,12814
1897,11797
1898,13571
1899,14843
1900,16995
1901,16094
1902,13369
1903,12160
1904,13313
1905,9121
1906,8964
1907,11432
1908,11595
1909,11684
1910,11556
1911,11466
1912,12457
1913,11548
1914,12858
1915,10619
1916,10905
1917,10172
1918,11131
1919,11985
1920,11365
1921,12604
1922,11793
1923,11893
1924,12085
1925,10098
1926,9956
1927,9712
1928,11605
1929,10379
1930,9870
1931,8942
1932,8522
1933,8414
1934,9079
1935,9468
1936,9685
1937,9811
1938,9791
1939,9639
1940,11426
1941,8829
1942,9778
1943,11420
1944,11232
1945,9914
1946,9456
1947,9572
1948,10022
1949,9534
1950,9652
1951,9578
1952,8939
1953,7334
1954,7708
1955,7733
1956,7669
1957,6931
1958,7795
1959,8586
1960,8488
1961,9808
1962,10846
1963,9296
1964,8870
1965,7819
1966,7607
1967,10867
1968,7475
1969,8360
1970,8977
1971,8976
1972,8330
1973,9261
1974,9167
1975,10162
1976,10268
1977,9331
1978,8500
1979,8370
1980,8375
1981,7524
1982,7469
1983,7911
1984,8915
1985,10582
1986,12584
1987,13632
1988,13279
1989,11091
1990,9448
1991,9477
1992,8630
1993,7892
1994,6830
1995,6965
1996,7960
1997,7647
1998,8460
1999,9785
2000,8577
2001,7933
2002,7783
2003,6494
2004,7531
2005,6621
2006,5923
2007,6655
2008,6025
2009,5788
2010,7353
2011,7436
2012,8479
2013,7935
2014,7782
2015,10433
2016,12532
2017,12563
2018,13184
2019,13023
2020,12987
2021,13616
2022,11561
2023,10286
2024,10079
2025,14099
2026,12935
2027,11226
2028,11559
2029,11930
2030,13521
2031,12973
2032,13056
2033,12369
2034,10353
2035,9679
2036,10279
2037,9230
2038,8698
2039,9016
2040,10046
2041,10840
2042,9195
2043,8690
2044,10140
2045,11194
2046,10439
2047,11197
2048,11647
2049,11161
2050,11656
2051,12925
2052,11692
2053,11094
2054,11574
2055,13996
2056,14493
2057,14501
2058,15065
2059,14975
2060,13453
2061,13314
2062,13443
2063,13313
2064,12404
2065,12165
2066,13887
2067,14274
2068,13876
2069,14910
2070,14633
2071,11310
2072,10740
2073,12917
2074,12771
2075,12526
2076,13737
2077,11413
2078,10635
2079,12716
2080,14750
2081,18119
2082,15524
2083,15081
2084,13780
2085,14679
2086,12530
2087,14026
2088,13766
2089,13381
2090,12673
2091,12296
2092,15808
2093,20787
2094,22275
2095,24454
2096,27348
2097,27576
2098,25885
2099,22975
2100,24208
2101,23896
2102,21265
2103,18720
2104,17554
2105,16581
2106,16716
2107,15449
2108,14620
2109,12249
2110,9186
2111,8544
2112,10166
2113,10333
2114,10164
2115,9198
2116,8766
2117,8705
2118,8771
2119,8739
2120,7352
2121,9323
2122,9848
2123,9236
2124,8228
2125,7518
2126,7428
2127,6493
2128,5932
2129,8618
2130,8861
2131,7489
2132,7055
2133,7733
2134,7787
2135,7348
2136,6785
2137,5685
2138,6258
2139,6894
2140,6401
2141,6879
2142,6652
2143,7721
2144,7261
2145,7310
2146,6520
2147,7403
2148,7373
2149,7579
2150,8197
2151,7945
2152,7970
2153,7953
2154,7115
2155,7059
2156,7687
2157,8189
2158,7508
2159,8211
2160,8581
2161,7670
2162,9367
2163,8399
2164,8699
2165,8345
2166,7850
2167,7090
2168,6369
2169,6019
2170,7053
2171,7139
2172,7142
2173,6921
2174,6451
2175,7134
2176,6863
2177,7350
2178,8613
2179,9704
2180,11042
2181,8836
2182,8696
2183,9846
2184,8440
2185,7645
2186,7815
2187,8433
2188,8568
2189,8365
2190,7402
2191,7169
2192,6855
2193,6123
2194,6274
2195,6571
2196,6721
2197,6556
2198,6742
2199,7520
2200,7085
2201,7035
2202,7187
2203,6979
2204,6253
2205,6119
2206,5870
2207,6545
2208,7171
2209,5976
2210,5986
2211,6365
2212,6653
2213,6701
2214,5933
2215,5827
2216,5431
2217,5558
2218,5237
2219,5371
2220,4840
2221,5646
2222,5939
2223,6602
2224,6345
2225,7021
2226,6708
2227,6551
2228,6335
2229,7326
2230,6263
2231,6045
2232,6844
2233,6451
2234,6164
2235,6406
2236,7079
2237,6348
2238,6119
2239,7495
2240,6697
2241,6335
2242,6562
2243,6195
2244,6028
2245,7015
2246,5917
2247,5666
2248,6096
2249,6574
2250,7292
2251,7491
2252,8364
2253,6043
2254,6165
2255,6520
2256,6768
2257,6693
2258,7165
2259,6869
2260,6878
2261,6647
2262,5701
2263,5973
2264,6073
2265,6275
2266,6151
2267,6549
2268,6270
2269,6393
2270,6353
2271,6283
2272,6940
2273,6501
2274,5799
2275,5177
2276,5309
2277,5386
2278,6054
2279,5018
2280,5153
2281,4588
2282,5778
2283,5599
2284,5734
2285,6258
2286,5631
2287,5513
2288,6572
2289,7846
2290,7810
2291,7486
2292,7219
2293,6546
2294,5716
2295,4637
2296,5227
2297,6316
2298,6130
2299,5550
2300,5854
2301,4966
2302,4727
2303,4834
2304,5299
2305,5327
2306,4887
2307,5307
2308,6101
2309,6246
2310,6266
2311,6395
2312,6355
2313,5908
2314,6425
2315,6806
2316,5626
2317,5107
2318,5202
2319,5079
2320,4728
2321,5515
2322,4652
2323,5478
2324,4867
2325,5082
2326,4856
2327,4985
2328,5158
2329,5724
2330,5526
2331,5534
2332,4962
2333,5034
2334,5084
2335,4809
2336,4370
2337,4384
2338,4704
2339,4824
2340,4183
2341,3878
2342,3478
2343,3730
2344,4027
2345,4362
2346,4580
2347,3787
2348,3782
2349,3981
2350,4259
2351,3914
2352,4327
2353,5106
2354,4910
2355,4314
2356,5049
2357,4552
2358,4518
2359,4349
2360,4271
2361,3730
2362,3901
2363,3963
2364,4531
2365,5260
2366,5017
2367,4024
2368,3812
2369,3533
2370,3690
2371,3642
2372,4320
2373,4021
2374,4250
2375,5093
2376,4566
2377,4220
2378,4160
2379,4053
2380,3858
2381,4120
2382,4412
2383,4757
2384,4835
2385,4544
2386,5019
2387,5203
2388,5899
2389,7144
2390,6742
2391,5888
2392,5825
2393,6111
2394,5614
2395,5395
2396,5085
2397,5548
2398,5952
2399,7115
2400,7748
2401,8207
2402,7377
2403,6796
2404,6307
2405,6527
2406,7066
2407,7209
2408,7186
2409,6436
2410,6082
2411,5634
2412,5383
2413,5679
2414,6949
2415,7055
2416,6086
2417,6987
2418,6620
2419,7456
2420,5872
2421,6236
2422,11115
2423,7259
2424,7520
2425,6796
2426,6884
2427,6573
2428,5771
2429,7130
2430,6109
2431,6065
2432,5636
2433,6937
2434,7191
2435,6355
2436,6599
2437,7504
2438,6996
2439,6829
2440,7550
2441,7487
2442,6352
2443,6716
2444,6149
2445,6150
2446,5722
2447,6442
2448,7497
2449,7981
2450,7857
2451,8271
2452,8140
2453,8558
2454,8109
2455,7727
2456,7202
2457,7085
2458,7655
2459,6705
2460,7302
2461,6896
2462,6341
2463,5770
2464,5094
2465,5539
2466,5596
2467,6015
2468,6358
2469,7462
2470,6781
2471,5634
2472,4769
2473,4938
2474,5252
2475,5807
2476,6850
2477,6280
2478,5379
2479,5554
2480,7027
2481,6428
2482,5905
2483,4909
2484,5216
2485,5468
2486,5664
2487,5080
2488,7659
2489,5951
2490,6364
2491,5205
2492,4964
2493,4897
2494,5351
2495,6596
2496,6005
2497,6793
2498,6229
2499,5078
2500,5295
2501,4389
2502,4328
2503,3984
2504,4402
2505,3989
2506,3856
2507,4883
2508,5671
2509,5267
2510,4781
2511,4081
2512,4118
2513,3403
2514,3982
2515,4293
2516,4645
2517,4489
2518,4374
2519,4385
2520,3934
2521,3988
2522,3915
2523,4946
2524,4825
2525,5107
2526,5416
2527,5373
2528,4587
2529,3914
2530,4046
2531,4917
2532,4320
2533,3825
2534,4179
2535,5469
2536,5326
2537,4798
2538,3891
2539,3985
2540,4503
2541,3886
2542,3285
2543,3550
2544,4261
2545,3902
2546,4245
2547,4032
2548,4082
2549,4014
2550,4363
2551,4358
2552,4748
2553,4148
2554,4454
2555,4954
2556,4463
2557,4481
2558,4143
2559,4810
2560,4845
2561,3778
2562,3989
2563,4219
2564,3691
2565,2982
2566,3815
2567,3856
2568,4163
2569,3804
2570,4071
2571,4871
2572,5024
2573,4519
2574,3659
2575,3651
2576,4177
2577,4619
2578,4776
2579,5368
2580,5313
2581,5366
2582,3876
2583,3172
2584,2807
2585,4156
2586,3574
2587,3925
2588,3746
2589,4075
2590,3265
2591,2468
2592,1930
2593,1989
2594,2148
2595,3185
2596,2590
2597,2576
2598,3101
2599,2907
2600,2300
2601,2229
2602,3124
2603,2938
2604,2530
2605,2958
2606,3145
2607,3163
2608,3868
2609,3090
2610,2753
2611,3245
2612,3281
2613,3072
2614,3706
2615,3484
2616,2749
2617,3005
2618,3772
2619,2913
2620,3936
2621,2981
2622,3928
2623,3598
2624,4144
2625,3359
2626,3277
2627,4106
2628,4890
2629,4853
2630,4278
2631,3317
2632,4117
2633,4403
2634,4388
2635,4399
2636,3840
2637,2914
2638,3843
2639,2716
2640,2831
2641,3341
2642,3468
2643,3753
2644,3421
2645,3169
2646,3721
2647,4081
2648,4889
2649,5183
2650,4776
2651,5380
2652,6301
2653,7047
2654,5720
2655,5873
2656,5563
2657,5680
2658,5122
2659,5655
2660,5190
2661,5852
2662,6026
2663,5009
2664,3455
2665,2978
2666,4013
2667,3604
2668,4030
2669,3162
2670,3334
2671,3553
2672,3701
2673,4256
2674,4089
2675,3439
2676,3577
2677,3072
2678,3318
2679,3337
2680,3291
2681,2925
2682,3584
2683,4053
2684,3840
2685,4608
2686,3163
2687,3438
2688,2415
2689,3193
2690,2721
2691,3339
2692,3271
2693,3317
2694,2976
2695,2575
2696,3153
2697,2971
2698,3619
2699,3233
2700,3052
2701,2724
2702,3095
2703,3439
2704,3356
2705,2830
2706,2741
2707,2398
2708,3243
2709,3034
2710,2994
2711,3678
2712,3569
2713,3560
2714,3157
2715,3398
2716,2442
2717,3283
2718,2123
2719,2997
2720,2443
2721,2904
2722,2755
2723,3061
2724,2496
2725,3484
2726,2630
2727,2839
2728,3068
2729,2973
2730,3095
2731,2960
2732,2957
2733,2380
2734,2524
2735,2445
2736,1888
2737,2479
2738,2823
2739,2878
2740,2182
2741,2464
2742,2344
2743,2098
2744,2394
2745,1729
2746,2201
2747,2018
2748,2338
2749,1985
2750,3366
2751,2946
2752,3199
2753,2807
2754,2743
2755,2850
2756,2128
2757,2903
2758,2190
2759,2154
2760,3187
2761,2277
2762,2407
2763,2380
2764,1548
2765,2250
2766,2127
2767,3212
2768,2985
2769,2232
2770,1619
2771,1423
2772,1740
2773,1431
2774,2582
2775,2665
2776,1526
2777,1671
2778,1349
2779,2258
2780,2454
2781,2099
2782,2121
2783,2268
2784,3307
2785,3137
2786,3229
2787,2888
2788,3038
2789,4655
2790,3468
2791,3443
2792,3236
2793,3395
2794,3048
2795,3587
2796,2807
2797,3100
2798,3309
2799,3102
2800,3672
2801,3054
2802,2833
2803,2969
2804,1917
2805,1549
2806,2417
2807,2614
2808,2473
2809,2056
2810,3167
2811,2066
2812,2736
2813,2321
2814,2451
2815,2424
2816,3331
2817,4192
2818,4812
2819,3368
2820,2948
2821,3349
2822,2944
2823,2129
2824,1484
2825,1440
2826,2308
2827,2384
2828,2346
2829,2281
2830,1885
2831,2407
2832,2979
2833,3124
2834,2991
2835,3533
2836,4268
2837,4279
2838,3250
2839,2378
2840,2984
2841,1962
2842,1462
2843,1363
2844,1831
2845,1820
2846,1492
2847,1779
2848,1964
2849,2681
2850,2136
2851,2429
2852,2834
2853,3757
2854,2605
2855,2104
2856,1929
2857,1833
2858,1912
2859,2261
2860,2873
2861,3902
2862,5723
2863,5109
2864,3709
2865,3895
2866,4514
2867,4136
2868,4244
2869,4967
2870,6496
2871,5792
2872,4422
2873,4250
2874,2668
2875,3713
2876,3119
2877,2936
2878,2884
2879,2748
2880,3749
2881,2505
2882,3400
2883,3078
2884,3784
2885,3060
2886,5371
2887,4136
2888,4924
2889,2880
2890,1962
2891,2299
2892,1971
2893,2161
2894,2099
2895,2673
2896,2824
2897,3578
2898,2836
2899,2264
2900,2764
2901,2881
2902,2240
2903,2668
2904,2309
2905,2823
2906,2311
2907,2202
2908,2057
2909,1854
2910,2221
2911,2123
2912,2712
2913,2148
2914,2927
2915,2667
2916,2989
2917,2302
2918,2142
2919,2079
2920,2401
2921,3050
2922,3760
2923,3454
2924,3113
2925,3009
2926,2605
2927,3196
2928,2804
2929,3037
2930,2755
2931,2600
2932,2049
2933,1676
2934,1878
2935,2095
2936,2414
2937,1682
2938,1873
2939,2555
2940,2016
2941,1838
2942,2503
2943,2381
2944,2612
2945,2705
2946,2983
2947,1964
2948,2496
2949,2485
2950,1585
2951,2271
2952,3057
2953,3094
2954,3414
2955,3710
2956,3703
2957,2729
2958,3124
2959,1925
2960,2202
2961,2642
2962,2946
2963,2377
2964,2763
2965,2257
2966,1812
2967,1802
2968,1385
2969,1893
2970,1801
2971,2004
2972,3092
2973,4246
2974,4732
2975,4853
2976,4072
2977,2833
2978,2757
2979,1745
2980,1823
2981,2103
2982,3006
2983,2584
2984,2682
2985,3602
2986,3179
2987,2815
2988,2751
2989,2989
2990,2801
2991,2559
2992,1817
2993,1561
2994,2353
2995,3842
2996,3643
2997,4915
2998,5218
2999,4052
3000,4169
3001,3999
3002,4010
3003,3595
3004,3355
3005,2966
3006,3478
3007,1948
3008,2118
3009,2319
3010,1910
3011,1289
3012,1204
3013,1077
3014,1141
3015,1641
3016,1600
3017,1383
3018,1274
3019,1759
3020,1878
3021,1963
3022,1534
3023,1956
3024,1393
3025,2333
3026,1933
3027,2291
3028,2904
3029,3500
3030,3667
3031,2649
3032,2818
3033,2142
3034,1668
3035,1895
3036,1911
3037,2048
3038,2263
3039,2177
3040,2542
3041,1575
3042,2661
3043,3125
3044,3470
3045,3799
3046,3122
3047,3323
3048,3382
3049,3384
3050,3955
3051,2664
3052,2306
3053,2218
3054,2997
3055,3338
3056,3339
3057,2470
3058,2926
3059,3228
3060,2064
3061,1431
3062,1550
3063,1931
3064,2654
3065,4403
3066,7146
3067,6027
3068,5723
3069,5146
3070,6800
3071,7554
3072,5425
3073,2917
3074,1233
3075,619
3076,648
3077,761
3078,578
3079,604
3080,864
3081,1052
3082,891
3083,929
3084,826
3085,550
3086,515
3087,540
3088,507
3089,480
3090,467
3091,469
3092,530
3093,746
3094,507
3095,516
3096,562
3097,391
3098,365
3099,394
3100,285
3101,269
3102,332
3103,326
3104,299
3105,404
3106,468
3107,589
3108,488
3109,477
3110,530
3111,449
3112,534
3113,511
3114,530
3115,628
3116,474
3117,439
3118,430
3119,443
3120,629
3121,622
3122,700
3123,790
3124,713
3125,545
3126,543
3127,647
3128,655
3129,486
3130,507
3131,572
3132,776
3133,835
3134,752
3135,806
3136,751
3137,885
3138,972
3139,1054
3140,741
3141,1157
3142,1242
3143,1077
3144,1052
3145,1409
3146,1158
3147,758
3148,636
3149,641
3150,692
3151,565
3152,551
3153,571
3154,651
3155,884
3156,1062
3157,937
3158,1016
3159,890
3160,854
3161,989
3162,718
3163,596
3164,633
3165,637
3166,529
3167,449
3168,558
3169,512
3170,663
3171,499
3172,563
3173,425
3174,408
3175,384
3176,374
3177,432
3178,563
3179,295
3180,351
3181,503
3182,657
3183,630
3184,389
3185,284
3186,305
3187,345
3188,398
3189,398
3190,343
3191,328
3192,356
3193,426
3194,368
3195,703
3196,369
3197,394
3198,354
3199,459
3200,490
3201,484
3202,472
3203,469
3204,500
3205,503
3206,455
3207,884
3208,852
3209,919
3210,689
3211,616
3212,793
3213,852
3214,889
3215,661
3216,493
3217,725
3218,641
3219,611
3220,788
3221,793
3222,913
3223,499
3224,753
3225,629
3226,775
3227,574
3228,534
3229,539
3230,475
3231,504
3232,472
3233,570
3234,588
3235,662
3236,533
3237,463
3238,441
3239,360
3240,496
3241,553
3242,556
3243,588
3244,571
3245,578
3246,508
3247,560
3248,534
3249,605
3250,576
3251,722
3252,520
3253,579
3254,655
3255,780
3256,675
3257,570
3258,517
3259,429
3260,391
3261,519
3262,337
3263,330
3264,474
3265,444
3266,791
3267,501
3268,483
3269,497
3270,612
3271,789
3272,725
3273,914
3274,1048
3275,823
3276,603
3277,702
3278,524
3279,662
3280,1356
3281,569
3282,531
3283,799
3284,447
3285,497
3286,711
3287,893
3288,617
3289,546
3290,421
3291,467
3292,620
3293,676
3294,715
3295,716
3296,572
3297,494
3298,545
3299,583
3300,590
3301,663
3302,520
3303,635
3304,975
3305,1003
3306,1178
3307,949
3308,949
3309,718
3310,804
3311,709
3312,641
3313,651
3314,619
3315,798
3316,779
3317,783
3318,717
3319,745
3320,450
3321,377
3322,380
3323,592
3324,504
3325,437
3326,334
3327,341
3328,418
3329,476
3330,522
3331,428
3332,511
3333,497
3334,560
3335,596
3336,793
3337,640
3338,512
3339,433
3340,581
3341,528
3342,748
3343,577
3344,510
3345,478
3346,512
3347,602
3348,428
3349,404
3350,449
3351,418
3352,486
3353,409
3354,440
3355,384
3356,463
3357,489
3358,465
3359,423
3360,490
3361,323
3362,436
3363,368
3364,442
3365,624
3366,554
3367,797
3368,574
3369,361
3370,683
3371,758
3372,656
3373,665
3374,587
3375,653
3376,596
3377,642
3378,594
3379,612
3380,542
3381,620
3382,611
3383,548
3384,592
3385,548
3386,737
3387,557
3388,432
3389,557
3390,605
3391,665
3392,622
3393,763
3394,971
3395,857
3396,894
3397,957
3398,797
3399,869
3400,1016
3401,1012
3402,956
3403,1118
3404,1088
3405,1121
3406,1147
3407,850
3408,742
3409,587
3410,605
3411,1078
3412,737
3413,581
3414,725
3415,695
3416,763
3417,841
3418,725
3419,654
3420,624
3421,722
3422,881
3423,788
3424,999
3425,868
3426,934
3427,891
3428,1000
3429,786
3430,1862
3431,1288
3432,1223
3433,943
3434,894
3435,733
3436,748
3437,940
3438,745
3439,894
3440,614
3441,544
3442,348
3443,329
3444,406
3445,668
3446,823
3447,732
3448,635
3449,464
3450,756
3451,687
3452,541
3453,672
3454,639
3455,805
3456,786
3457,1016
3458,1235
3459,1324
3460,929
3461,723
3462,794
3463,680
3464,929
3465,563
3466,776
3467,1049
3468,1155
3469,885
3470,838
3471,825
3472,791
3473,901
3474,715
3475,781
3476,708
3477,866
3478,968
3479,1036
3480,1185
3481,1194
3482,1176
3483,1060
3484,969
3485,742
3486,911
3487,1308
3488,945
3489,972
3490,1024
3491,775
3492,836
3493,921
3494,940
3495,941
3496,943
3497,695
3498,553
3499,464
3500,723
3501,942
3502,973
3503,1326
3504,1042
3505,1297
3506,1943
3507,1405
3508,836
3509,1036
3510,882
3511,1010
3512,1018
3513,942
3514,1166
3515,1028
3516,1123
3517,969
3518,1061
3519,989
3520,924
3521,1086
3522,1159
3523,1005
3524,1102
3525,1443
3526,1376
3527,1348
3528,1165
3529,1373
3530,1493
3531,1278
3532,1729
3533,889
3534,986
3535,978
3536,886
3537,1026
3538,1050
3539,944
3540,1056
3541,985
3542,1203
3543,920
3544,1046
3545,1194
3546,1561
3547,1421
3548,1101
3549,911
3550,835
3551,758
3552,709
3553,815
3554,939
3555,816
3556,814
3557,1004
3558,1046
3559,1156
3560,1161
3561,978
3562,985
3563,1082
3564,1021
3565,931
3566,964
3567,973
3568,922
3569,1163
3570,1049
3571,948
3572,672
3573,834
3574,944
3575,893
3576,1007
3577,1082
3578,1555
3579,887
3580,965
3581,820
3582,1018
3583,1003
3584,635
3585,636
3586,691
3587,670
3588,693
3589,760
3590,594
3591,614
3592,579
3593,553
3594,719
3595,543
3596,699
3597,671
3598,652
3599,762
3600,587
3601,575
3602,648
3603,677
3604,664
3605,764
3606,741
3607,760
3608,558
3609,529
3610,840
3611,683
3612,566
3613,540
3614,700
3615,666
3616,665
3617,886
3618,821
3619,881
3620,517
3621,451
3622,610
3623,487
3624,479
3625,552
3626,591
3627,481
3628,876
3629,761
3630,712
3631,802
3632,749
3633,673
3634,614
3635,450
3636,548
3637,591
3638,639
3639,598
3640,992
3641,729
3642,393
3643,468
3644,482
3645,523
3646,528
3647,633
3648,604
3649,519
3650,458
3651,406
3652,516
3653,507
3654,484
3655,552
3656,504
3657,408
3658,463
3659,350
3660,389
3661,329
3662,454
3663,506
3664,767
3665,850
3666,798
3667,714
3668,893
3669,575
3670,716
3671,559
3672,749
3673,793
3674,663
3675,729
3676,688
3677,619
3678,699
3679,752
3680,798
3681,728
3682,750
3683,831
3684,1048
3685,1343
3686,1612
3687,1640
3688,1662
3689,1609
3690,1452
3691,1659
3692,1865
3693,1595
3694,1739
3695,1571
3696,1592
3697,1883
3698,1882
3699,2115
3700,1757
3701,1737
3702,2262
3703,1819
3704,1789
3705,1628
3706,1287
3707,1624
3708,1293
3709,1598
3710,1029
3711,1245
3712,1469
3713,1088
3714,1100
3715,866
3716,742
3717,649
3718,876
3719,653
3720,812
3721,1097
3722,1132
3723,1990
3724,837
3725,795
3726,835
3727,880
3728,926
3729,762
3730,620
3731,704
3732,619
3733,604
3734,703
3735,716
3736,654
3737,577
3738,596
3739,579
3740,482
3741,534
3742,417
3743,527
3744,496
3745,387
3746,490
3747,562
3748,665
3749,595
3750,548
3751,494
3752,468
3753,424
3754,362
3755,375
3756,295
3757,355
3758,371
3759,306
3760,412
3761,430
3762,400
3763,295
3764,406
3765,398
3766,476
3767,416
3768,319
3769,320
3770,310
3771,437
3772,402
3773,443
3774,361
3775,570
3776,502
3777,707
3778,684
3779,660
3780,496
3781,545
3782,452
3783,441
3784,381
3785,554
3786,611
3787,804
3788,678
3789,475
3790,537
3791,506
3792,600
3793,699
3794,762
3795,728
3796,683
3797,625
3798,951
3799,914
3800,902
3801,952
3802,1172
3803,752
3804,625
3805,575
3806,478
3807,508
3808,401
3809,409
3810,320
3811,329
3812,394
3813,466
3814,479
3815,410
3816,350
3817,479
3818,437
3819,412
3820,396
3821,379
3822,436
3823,557
3824,518
3825,555
3826,819
3827,590
3828,652
3829,567
3830,518
3831,678
3832,667
3833,766
3834,823
3835,695
3836,529
3837,471
3838,472
3839,564
3840,638
3841,529
3842,533
3843,504
3844,355
3845,508
3846,655
3847,535
3848,428
3849,676
3850,511
3851,433
3852,457
3853,440
3854,553
3855,511
3856,525
3857,564
3858,749
3859,688
3860,812
3861,886
3862,798
3863,586
3864,440
3865,460
3866,474
3867,518
3868,507
3869,517
3870,577
3871,479
3872,421
3873,360
3874,362
3875,243
3876,292
3877,351
3878,324
3879,265
3880,350
3881,430
3882,397
3883,448
3884,479
3885,558
3886,614
3887,549
3888,555
3889,352
3890,360
3891,475
3892,534
3893,461
3894,363
3895,303
3896,320
3897,227
3898,280
3899,272
3900,334
3901,262
3902,369
3903,327
3904,262
3905,264
3906,294
3907,620
3908,1172
3909,211
3910,263
3911,263
3912,398
3913,677
3914,609
3915,425
3916,456
3917,352
3918,268
3919,271
3920,324
3921,427
3922,237
3923,215
3924,283
3925,324
3926,305
3927,278
3928,246
3929,339
3930,351
3931,319
3932,288
3933,370
3934,349
3935,261
3936,175
3937,234
3938,169
3939,214
3940,184
3941,181
3942,190
3943,214
3944,202
3945,177
3946,253
3947,187
3948,175
3949,335
3950,270
3951,285
3952,208
3953,201
3954,142
3955,227
3956,145
3957,127
3958,162
3959,121
3960,157
3961,107
3962,59
3963,94
3964,135
3965,103
3966,148
3967,104
3968,56
3969,73
3970,118
3971,139
3972,185
3973,161
3974,96
3975,75
3976,92
3977,100
3978,118
3979,194
3980,296
3981,183
3982,189
3983,127
3984,122
3985,96
3986,129
3987,137
3988,245
3989,164
3990,100
3991,129
3992,118
3993,144
3994,131
3995,99
3996,203
3997,188
3998,192
3999,218
4000,169
4001,217
4002,302
4003,285
4004,194
4005,95
4006,75
4007,71
4008,87
4009,68
4010,60
4011,120
4012,38
4013,72
4014,46
4015,58
4016,37
4017,36
4018,76
4019,47
4020,74
4021,58
4022,92
4023,86
4024,73
4025,77
4026,94
4027,70
4028,125
4029,84
4030,151
4031,76
4032,92
4033,47
4034,95
4035,80
4036,128
4037,126
4038,107
4039,84
4040,68
4041,59
4042,124
4043,125
4044,127
4045,87
4046,76
4047,66
4048,166
4049,171
4050,182
4051,211
4052,123
4053,145
4054,200
4055,59
4056,52
4057,98
4058,57
4059,50
4060,139
4061,126
4062,105
4063,92
4064,92
4065,85
4066,72
4067,90
4068,160
4069,180
4070,152
4071,158
4072,95
4073,214
4074,140
4075,173
4076,150
4077,109
4078,84
4079,102
4080,129
4081,149
4082,114
4083,96
4084,66
4085,138
4086,178
4087,222
4088,262
4089,139
4090,143
4091,130
4092,192
4093,152
4094,125
4095,77
4096,123
4097,160
4098,142
4099,132
4100,102
4101,147
4102,93
4103,69
4104,122
4105,140
4106,78
4107,64
4108,60
4109,131
4110,219
4111,185
4112,108
4113,166
4114,157
4115,140
4116,82
4117,150
4118,86
4119,76
4120,77
4121,102
4122,131
4123,131
4124,216
4125,187
4126,155
4127,149
4128,182
4129,150
4130,102
4131,104
4132,135
4133,135
4134,138
4135,436
4136,494
4137,539
4138,494
4139,755
4140,657
4141,544
4142,590
4143,541
4144,478
4145,478
4146,533
4147,308
4148,223
4149,273
4150,422
4151,319
4152,214
4153,273
4154,250
4155,309
4156,215
4157,279
4158,241
4159,249
4160,286
4161,480
4162,393
4163,325
4164,393
4165,442
4166,366
4167,356
4168,323
4169,270
4170,342
4171,210
4172,198
4173,159
4174,102
4175,119
4176,84
4177,98
4178,93
4179,82
4180,101
4181,99
4182,154
4183,128
4184,91
4185,97
4186,95
4187,87
4188,71
4189,111
4190,153
4191,158
4192,229
4193,159
4194,127
4195,115
4196,96
4197,92
4198,147
4199,96
4200,72
4201,75
4202,62
4203,81
4204,118
4205,105
4206,108
4207,90
4208,84
4209,77
4210,84
4211,92
4212,90
4213,74
4214,96
4215,172
4216,82
4217,113
4218,140
4219,130
4220,143
4221,66
4222,53
4223,91
4224,127
4225,64
4226,66
4227,107
4228,101
4229,70
4230,79
4231,158
4232,110
4233,151
4234,199
4235,183
4236,234
4237,301
4238,249
4239,233
4240,133
4241,132
4242,184
4243,179
4244,257
4245,287
4246,219
4247,210
4248,210
4249,295
4250,277
4251,286
4252,268
4253,213
4254,128
4255,160
4256,207
4257,279
4258,249
4259,268
4260,327
4261,314
4262,420
4263,552
4264,380
4265,335
4266,209
4267,236
4268,193
4269,174
4270,145
4271,195
4272,202
4273,188
4274,143
4275,118
4276,159
4277,143
4278,149
4279,151
4280,135
4281,116
4282,154
4283,146
4284,116
4285,191
4286,194
4287,167
4288,194
4289,150
4290,157
4291,118
4292,127
4293,118
4294,141
4295,158
4296,145
4297,111
4298,235
4299,130
4300,79
4301,94
4302,110
4303,193
4304,148
4305,123
4306,161
4307,133
4308,182
4309,149
4310,87
4311,84
4312,86
4313,82
4314,114
4315,140
4316,71
4317,57
4318,56
4319,89
4320,83
4321,96
4322,58
4323,70
4324,65
4325,60
4326,48
4327,59
4328,107
4329,196
4330,71
4331,88
4332,61
4333,58
4334,78
4335,96
4336,149
4337,129
4338,105
4339,109
4340,129
4341,90
4342,106
4343,123
4344,144
4345,108
4346,208
4347,362
4348,452
4349,438
4350,395
4351,776
4352,563
4353,433
4354,303
4355,314
4356,351
4357,291
4358,297
4359,293
4360,347
4361,305
4362,377
4363,281
4364,329
4365,254
4366,171
4367,284
4368,160
4369,224
4370,191
4371,175
4372,206
4373,144
4374,291
4375,206
4376,236
4377,276
4378,251
4379,246
4380,215
4381,216
4382,216
4383,207
4384,273
4385,196
4386,210
4387,131
4388,216
4389,284
4390,251
4391,235
4392,253
4393,305
4394,307
4395,371
4396,263
4397,299
4398,354
4399,408
4400,448
4401,280
4402,251
4403,201
4404,202
4405,221
4406,254
4407,243
4408,203
4409,232
4410,198
4411,177
4412,221
4413,329
4414,278
4415,318
4416,269
4417,238
4418,231
4419,192
4420,146
4421,202
4422,226
4423,259
4424,276
4425,271
4426,237
4427,259
4428,342
4429,341
4430,426
4431,518
4432,577
4433,324
4434,308
4435,385
4436,361
4437,314
4438,307
4439,301
4440,340
4441,365
4442,338
4443,444
4444,346
4445,322
4446,292
4447,356
4448,307
4449,300
4450,319
4451,290
4452,368
4453,340
4454,409
4455,497
4456,503
4457,501
4458,415
4459,354
4460,401
4461,455
4462,400
4463,354
4464,380
4465,351
4466,248
4467,231
4468,216
4469,248
4470,185
4471,210
4472,196
4473,172
4474,267
4475,371
4476,315
4477,438
4478,299
4479,225
4480,179
4481,257
4482,228
4483,173
4484,174
4485,165
4486,165
4487,179
4488,154
4489,182
4490,234
4491,202
4492,170
4493,167
4494,206
4495,170
4496,235
4497,150
4498,137
4499,172
4500,182
4501,186
4502,189
4503,162
4504,149
4505,140
4506,184
4507,260
4508,182
4509,222
4510,315
4511,260
4512,291
4513,228
4514,199
4515,296
4516,234
4517,260
4518,207
4519,230
4520,261
4521,215
4522,246
4523,249
4524,205
4525,233
4526,279
4527,340
4528,247
4529,266
4530,307
4531,327
4532,422
4533,321
4534,324
4535,327
4536,306
4537,258
4538,314
4539,346
4540,317
4541,355
4542,236
4543,356
4544,336
4545,369
4546,444
4547,411
4548,393
4549,330
4550,340
4551,325
4552,291
4553,253
4554,280
4555,348
4556,241
4557,265
4558,242
4559,212
4560,267
4561,182
4562,148
4563,113
4564,62
4565,67
4566,78
4567,96
4568,110
4569,89
4570,123
4571,133
4572,117
4573,116
4574,180
4575,185
4576,166
4577,173
4578,218
4579,102
4580,103
4581,182
4582,170
4583,165
4584,118
4585,166
4586,118
4587,157
4588,195
4589,192
4590,164
4591,157
4592,193
4593,168
4594,193
4595,170
4596,124
4597,162
4598,182
4599,236
4600,119
4601,157
4602,191
4603,211
4604,220
4605,209
4606,129
4607,177
4608,148
4609,128
4610,115
4611,194
4612,134
4613,145
4614,111
4615,151
4616,175
4617,171
4618,166
4619,140
4620,106
4621,172
4622,197
4623,163
4624,152
4625,205
4626,244
4627,288
4628,227
4629,492
4630,353
4631,291
4632,459
4633,270
4634,303
4635,323
4636,174
4637,119
4638,182
4639,200
4640,232
4641,209
4642,179
4643,231
4644,229
4645,223
4646,225
4647,271
4648,225
4649,149
4650,202
4651,169
4652,211
4653,240
4654,277
4655,270
4656,386
4657,412
4658,265
4659,240
4660,207
4661,179
4662,189
4663,196
4664,214
4665,163
4666,197
4667,274
4668,284
4669,200
4670,176
4671,180
4672,212
4673,240
4674,232
4675,215
4676,168
4677,128
4678,132
4679,157
4680,143
4681,144
4682,197
4683,200
4684,185
4685,184
4686,165
4687,167
4688,168
4689,172
4690,249
4691,189
4692,191
4693,178
4694,207
4695,161
4696,97
4697,126
4698,97
4699,151
4700,108
4701,115
4702,123
4703,91
4704,110
4705,155
4706,100
4707,133
4708,115
4709,153
4710,158
4711,182
4712,190
4713,187
4714,176
4715,168
4716,216
4717,192
4718,194
4719,139
4720,319
4721,329
4722,277
4723,335
4724,387
4725,421
4726,507
4727,537
4728,524
4729,487
4730,281
4731,396
4732,355
4733,233
4734,228
4735,230
4736,325
4737,355
4738,313
4739,316
4740,431
4741,313
4742,274
4743,281
4744,408
4745,367
4746,357
4747,306
4748,275
4749,318
4750,269
4751,268
4752,265
4753,263
4754,140
4755,205
4756,179
4757,146
4758,131
4759,104
4760,158
4761,128
4762,135
4763,235
4764,259
4765,170
4766,176
4767,117
4768,158
4769,139
4770,176
4771,147
4772,112
4773,118
4774,82
4775,88
4776,99
4777,169
4778,124
4779,146
4780,167
4781,139
4782,213
4783,163
4784,210
4785,216
4786,160
4787,109
4788,100
4789,90
4790,76
4791,127
4792,271
4793,193
4794,59
4795,70
4796,98
4797,140
4798,166
4799,110
4800,124
4801,149
4802,183
4803,90
4804,93
4805,56
4806,49
4807,43
4808,71
4809,62
4810,116
4811,106
4812,52
4813,50
4814,89
4815,94
4816,81
4817,57
4818,42
4819,68
4820,57
4821,71
4822,95
4823,53
4824,109
4825,124
4826,120
4827,116
4828,120
4829,141
4830,99
4831,62
4832,92
4833,150
4834,96
4835,79
4836,81
4837,84
4838,100
4839,100
4840,108
4841,97
4842,86
4843,76
4844,106
4845,88
4846,55
4847,50
4848,51
4849,134
4850,67
4851,51
4852,70
4853,71
4854,93
4855,114
4856,68
4857,138
4858,124
4859,76
4860,184
4861,109
4862,81
4863,99
4864,120
4865,141
4866,147
4867,87
4868,223
4869,181
4870,186
4871,149
4872,100
4873,151
4874,215
4875,145
4876,228
4877,230
4878,207
4879,218
4880,125
4881,197
4882,267
4883,343
4884,332
4885,324
4886,321
4887,342
4888,273
4889,282
4890,269
4891,213
4892,252
4893,274
4894,523
4895,393
4896,367
4897,406
4898,368
4899,423
4900,290
4901,271
4902,324
4903,186
4904,198
4905,381
4906,272
4907,296
4908,370
4909,515
4910,235
4911,278
4912,285
4913,314
4914,288
4915,158
4916,310
4917,284
4918,363
4919,262
4920,271
4921,317
4922,205
4923,247
4924,209
4925,226
4926,163
4927,146
4928,116
4929,149
4930,127
4931,86
4932,62
4933,70
4934,96
4935,92
4936,69
4937,95
4938,127
4939,132
4940,126
4941,85
4942,59
4943,87
4944,124
4945,85
4946,67
4947,111
4948,96
4949,107
4950,154
4951,146
4952,133
4953,146
4954,114
4955,156
4956,143
4957,102
4958,77
4959,77
4960,77
4961,86
4962,87
4963,87
4964,71
4965,67
4966,90
4967,127
4968,182
4969,149
4970,121
4971,85
4972,111
4973,134
4974,193
4975,291
4976,227
4977,187
4978,268
4979,209
4980,174
4981,139
4982,164
4983,148
4984,102
4985,56
4986,61
4987,123
4988,100
4989,110
4990,143
4991,88
4992,116
4993,71
4994,45
4995,49
4996,57
4997,29
4998,44
4999,76
5000,101
5001,64
5002,51
5003,95
5004,64
5005,58
5006,96
5007,186
5008,141
5009,119
5010,95
5011,66
5012,70
5013,73
5014,81
5015,80
5016,56
5017,70
5018,81
5019,88
5020,54
5021,134
5022,59
5023,37
5024,36
5025,82
5026,78
5027,54
5028,53
5029,88
5030,110
5031,94
5032,46
5033,46
5034,48
5035,35
5036,38
5037,37
5038,77
5039,62
5040,73
5041,61
5042,94
5043,87
5044,69
5045,40
5046,118
5047,96
5048,311
5049,156
5050,111
5051,134
5052,99
5053,98
5054,108
5055,140
5056,92
5057,105
5058,84
5059,23
5060,56
5061,41
5062,44
5063,54
5064,57
5065,33
5066,20
5067,22
5068,24
5069,22
5070,28
5071,24
5072,21
5073,36
5074,17
5075,46
5076,44
5077,29
5078,28
5079,34
5080,18
5081,31
5082,19
5083,26
5084,27
5085,34
5086,40
5087,44
5088,71
5089,44
5090,26
5091,14
5092,20
5093,25
5094,24
5095,25
5096,18
5097,14
5098,16
5099,22
5100,60
5101,55
5102,47
5103,25
5104,27
5105,31
5106,22
5107,18
5108,25
5109,33
5110,51
5111,45
5112,44
5113,48
5114,53
5115,77
5116,58
5117,28
5118,58
5119,57
5120,73
5121,87
5122,93
5123,85
5124,112
5125,146
5126,53
5127,86
5128,78
5129,27
5130,10
5131,16
5132,28
5133,21
5134,14
5135,21
5136,37
5137,31
5138,34
5139,32
5140,29
5141,28
5142,34
5143,34
5144,20
5145,37
5146,35
5147,24
5148,18
5149,20
5150,59
5151,83
5152,82
5153,46
5154,99
5155,17
5156,20
5157,9
5158,9
5159,16
5160,18
5161,19
5162,9
5163,26
5164,26
5165,64
5166,33
5167,32
5168,15
5169,19
5170,19
5171,17
5172,20
5173,10
5174,6
5175,17
5176,21
5177,16
5178,27
5179,54
5180,50
5181,42
5182,46
5183,83
5184,123
5185,163
5186,238
5187,71
5188,26
5189,71
5190,58
5191,50
5192,63
5193,26
5194,17
5195,18
5196,14
5197,13
5198,21
5199,24
5200,37
5201,57
5202,48
5203,46
5204,67
5205,101
5206,80
5207,31
5208,50
5209,32
5210,38
5211,49
5212,52
5213,44
5214,39
5215,31
5216,67
5217,80
5218,37
5219,14
5221,26
5222,6
5223,6
5224,4
5225,8
5226,7
5227,3
5228,8
5229,10
5230,6
5231,11
5232,12
5233,13
5234,4
5235,7
5236,7
5237,18
5238,9
5239,9
5240,3
5241,6
5242,8
5243,6
5244,21
5245,19
5246,5
5247,6
5248,18
5249,18
5250,7
5251,11
5252,14
5253,23
5254,38
5255,3
5256,21
5257,5
5258,11
5259,8
5260,3
5261,3
5262,7
5263,16
5264,8
5265,7
5266,14
5267,11
5268,21
5269,12
5270,6
5271,14
5272,10
5273,5
5274,4
5275,5
5276,15
5277,29
5278,30
5279,19
5280,35
5281,10
5282,10
5283,15
5284,10
5285,3
5286,7
5287,13
5288,9
5289,8
5290,12
5291,11
5292,4
5293,6
5294,11
5295,7
5296,15
5297,38
5298,40
5299,18
5300,8
5301,7
5302,12
5303,12
5304,2
5305,4
5306,7
5307,5
5308,7
5309,5
5310,4
5311,6
5312,3
5313,10
5314,5
5315,7
5316,5
5317,1
5318,4
5319,5
5320,8
5321,4
5322,30
5323,14
5324,6
5325,6
5326,9
5327,5
5328,5
5329,5
5330,4
5331,2
5333,3
5334,4
5335,13
5336,8
5337,27
5338,5
5339,1
5340,8
5341,8
5342,4
5343,8
5344,8
5345,7
5346,11
5347,8
5348,2
5349,7
5350,15
5351,31
5352,11
5353,4
5354,10
5355,6
5356,4
5357,7
5358,5
5359,12
5360,8
5361,8
5362,11
5363,16
5364,14
5365,16
5366,7
5367,8
5368,6
5369,9
5370,7
5371,19
5372,10
5373,17
5374,74
5375,89
5376,8
5377,3
5378,20
5379,6
5380,8
5381,3
5382,4
5383,12
5384,9
5385,5
5386,7
5387,8
5388,15
5389,69
5390,60
5391,46
5392,34
5393,36
5394,40
5395,31
5396,54
5397,89
5398,21
5399,28
5400,20
5401,33
5402,25
5403,10
5404,7
5405,4
5406,7
5407,12
5408,9
5409,5
5410,6
5411,8
5412,19
5413,37
5414,44
5415,63
5416,57
5417,46
5418,34
5419,27
5420,22
5421,6
5422,1
5423,7
5424,7
5425,9
5426,7
5427,39
5428,28
5429,6
5430,12
5431,11
5432,24
5433,6
5434,9
5435,6
5436,8
5437,13
5438,12
5439,9
5440,31
5441,4
5442,6
5443,7
5444,6
5445,8
5446,15
5447,8
5448,8
5449,5
5450,10
5451,25
5452,18
5453,50
5454,20
5455,2
5456,2
5457,8
5458,6
5459,4
5460,11
5461,5
5462,4
5463,6
5464,10
5465,6
5466,9
5467,25
5468,9
5469,6
5470,4
5471,9
5472,4
5473,12
5474,8
5475,4
5476,2
5477,1
5478,6
5479,25
5480,66
5481,28
5482,33
5483,42
5484,17
5485,12
5486,7
5487,12
5488,8
5489,7
5490,2
5491,3
5492,2
5493,5
5494,3
5495,9
5496,5
5497,7
5498,20
5499,30
5500,4
5501,2
5503,3
5504,5
5505,9
5506,4
5507,6
5508,6
5509,6
5510,7
5511,11
5512,22
5513,28
5514,10
5515,3
5516,29
5517,25
5518,22
5519,25
5520,29
5521,21
5522,11
5523,8
5524,16
5525,12
5526,38
5527,24
5528,7
5529,8
5530,5
5531,4
5532,4
5533,3
5534,15
5535,3
5536,9
5537,7
5538,3
5539,5
5540,16
5541,48
5542,35
5543,1
5544,10
5545,19
5546,13
5547,11
5548,8
5549,8
5550,6
5551,1
5552,12
5553,2
5554,4
5555,1
5556,13
5557,4
5558,25
5559,6
5560,8
5561,2
5562,5
5563,5
5564,3
5565,3
5566,21
5567,101
5568,83
5569,48
5570,24
5571,11
5572,8
5573,10
5574,3
5575,2
5576,8
5577,3
5578,15
5579,6
5580,20
5581,15
5582,5
5583,3
5584,12
5585,3
5586,25
5587,39
5588,28
5589,55
5590,30
5591,22
5592,12
5593,12
5594,11
5595,1
5596,3
5597,5
5598,9
5599,11
5600,4
5601,11
5602,34
5603,34
5604,3
5605,8
5606,10
5607,8
5608,11
5609,10
5610,23
5611,44
5612,46
5613,66
5614,12
5615,30
5616,55
5617,13
5618,7
5619,32
5620,9
5621,19
5622,15
5623,16
5624,13
5625,4
5626,6
5627,3
5628,14
5629,22
5630,3
5631,7
5632,12
5633,3
5634,1
5635,2
5636,9
5637,10
5638,9
5639,17
5640,19
5641,51
5642,43
5643,11
5644,7
5645,2
5646,14
5647,19
5648,10
5649,9
5650,15
5651,29
5652,24
5653,12
5654,14
5655,23
5656,6
5657,22
5658,16
5659,25
5660,14
5661,5
5662,8
5663,10
5664,4
5665,19
5666,42
5668,21
5669,17
5670,11
5671,3
5672,5
5673,22
5674,8
5675,11
5676,7
5677,11
5678,64
5679,76
5680,158
5681,120
5682,17
5683,11
5684,16
5685,18
5686,11
5687,5
5689,9
5690,14
5691,14
5692,69
5693,6
5694,21
5695,6
5696,4
5697,17
5698,5
5699,9
5700,12
5701,16
5702,6
5703,17
5704,4
5705,24
5706,24
5707,10
5708,8
5709,2
5710,12
5711,5
5712,8
5713,7
5714,7
5715,5
5716,3
5717,6
5718,5
5719,22
5720,27
5721,5
5722,11
5723,1
5724,3
5725,7
5726,21
5727,4
5728,1
5729,9
5730,3
5731,3
5732,10
5733,11
5734,25
5735,13
5736,21
5737,11
5738,12
5739,7
5740,9
5741,4
5742,8
5743,16
5744,15
5745,14
5746,26
5747,14
5748,47
5749,10
5750,9
5751,25
5752,25
5753,3
5754,6
5755,1
5756,10
5757,14
5758,5
5759,6
5760,14
5761,1
5762,9
5763,4
5764,9
5765,3
5766,18
5767,8
5768,1
5769,9
5770,4
5771,18
5772,8
5773,11
5774,16
5775,14
5776,7
5778,12
5779,23
5780,17
5781,58
5782,31
5783,5
5784,6
5785,24
5786,5
5787,12
5788,8
5789,9
5790,8
5791,5
5792,8
5793,11
5794,8
5795,14
5796,12
5797,9
5798,4
5799,15
5800,7
5801,7
5803,6
5804,26
5806,8
5807,9
5808,11
5809,26
5810,35
5811,47
5812,28
5813,26
5814,7
5815,18
5816,4
5817,14
5818,15
5819,37
5820,63
5821,4
5822,3
5823,136
5824,276
5825,255
5826,87
5827,192
5828,96
5829,96
5830,69
5831,119
5832,280
5833,241
5834,157
5835,48
5836,31
5837,6
5838,6
5839,6
5840,1
5841,1
5842,14
5843,52
5844,17
5845,7
5846,9
5847,2
5848,2
5849,9
5850,16
5851,8
5852,8
5853,7
5854,17
5855,49
5856,22
5857,8
5859,2
5860,3
5861,4
5862,4
5863,4
5864,8
5865,7
5866,2
5867,3
5868,1
5869,3
5870,12
5871,51
5872,66
5873,3
5874,4
5875,7
5876,10
5877,10
5878,2
5879,11
5880,4
5881,2
5882,6
5883,2
5884,4
5885,19
5886,15
5887,5
5888,6
5889,3
5890,13
5891,19
5892,5
5893,8
5894,6
5895,13
5896,8
5897,10
5898,14
5899,15
5900,13
5901,14
5902,5
5903,18
5904,4
5905,6
5906,11
5907,5
5908,10
5910,3
5912,2
5913,2
5914,22
5915,35
5916,29
5917,26
5918,9
5919,17
5920,11
5921,5
5922,7
5923,14
5924,8
5925,4
5926,6
5927,12
5928,22
5929,5
5930,18
5931,17
5932,12
5933,3
5934,5
5935,4
5936,7
5937,6
5938,14
5939,3
5940,18
5941,42
5942,50
5943,30
5944,30
5945,15
5946,29
5947,17
5948,21
5949,4
5950,10
5951,10
5952,24
5953,11
5954,15
5955,19
5956,32
5957,15
5958,9
5959,1
5960,2
5961,2
5962,14
5963,39
5964,7
5965,6
5966,38
5967,20
5968,41
5969,4
5970,10
5971,26
5972,5
5973,39
5974,7
5975,5
5976,7
5977,4
5978,7
5979,24
5980,13
5981,14
5982,10
5983,7
5984,9
5985,9
5986,3
5987,12
5988,11
5989,10
5990,11
5992,2
5993,23
5994,23
5995,24
5996,3
5997,4
5998,2
5999,7
6000,20
6001,6
6002,7
6003,4
6004,3
6005,7
6006,8
6007,23
6008,28
6009,5
6010,9
6011,7
6012,17
6013,4
6014,5
6015,9
6016,5
6017,12
6018,13
6019,10
6020,11
6021,18
6022,10
6023,18
6024,30
6025,37
6026,24
6027,42
6028,44
6029,42
6030,41
6031,58
6032,13
