0,52483
1,346
2,118
3,27
4,52
5,40
6,6
7,3
8,3
9,9
10,4
11,1
12,12
13,4
14,1
15,1
16,1
17,1
18,12
19,3
20,3
21,5
22,5
23,2
24,3
25,11
26,7
27,6
28,1
29,3
30,5
31,1
32,2
33,3
34,4
35,5
36,4
37,16
38,4
39,6
40,6
41,1
42,4
43,8
44,5
45,12
46,5
47,4
48,5
49,10
50,5
51,8
52,2
53,6
54,5
55,1
56,4
57,3
58,6
59,13
60,4
61,4
62,5
63,6
65,13
67,23
68,5
69,2
70,3
71,5
72,11
75,3
76,3
77,4
78,5
79,11
80,4
81,4
82,3
83,6
84,5
85,1
86,2
87,9
88,4
89,4
90,2
91,5
92,3
93,4
94,2
95,14
96,1
97,2
98,3
99,4
100,9
101,2
102,3
103,5
104,7
105,5
106,5
107,8
108,3
109,6
110,1
111,10
112,3
113,8
114,6
115,6
116,9
117,4
118,5
119,8
120,7
121,5
122,2
123,2
124,1
125,3
126,3
127,2
128,2
129,3
130,1
134,2
135,7
136,2
137,1
138,37
139,87
140,4
141,2
142,6
144,4
145,4
146,4
147,2
148,2
149,5
150,8
151,8
152,7
153,9
154,1
155,1
156,2
158,3
159,3
160,1
161,2
162,1
163,1
164,35
165,30
166,10
167,30
168,2
169,18
170,34
171,33
172,13
173,1
174,2
175,3
176,1
177,3
178,2
179,2
181,1
182,1
183,1
185,1
186,2
187,1
188,1
189,5
190,1
191,1
192,2
194,2
195,1
196,2
197,1
198,2
199,1
201,1
202,13
203,20
204,58
205,17
206,14
207,1
208,3
209,1
211,2
213,1
214,2
215,3
216,2
217,1
218,1
220,3
221,2
222,2
223,2
224,4
225,2
226,1
228,1
229,4
230,1
231,2
232,1
233,2
234,1
235,1
236,1
237,2
240,30
241,24
242,2
243,1
244,2
245,4
246,1
248,5
249,2
250,2
251,3
252,6
253,14
254,3
255,3
256,5
257,4
258,15
259,53
260,54
261,23
262,12
263,49
264,23
265,17
266,34
267,26
268,26
269,35
270,6
271,16
272,4
273,5
274,13
275,1
276,10
277,7
278,4
279,14
280,8
281,10
282,2
283,1
284,6
285,7
286,6
287,5
288,4
289,6
290,12
291,2
292,2
293,7
294,1
295,7
296,7
297,10
298,11
299,3
300,1
301,20
302,6
303,14
304,6
305,28
306,21
307,21
308,24
309,67
310,90
311,53
312,149
313,18
314,9
315,16
316,22
317,40
318,52
319,74
320,42
321,44
322,16
323,7
324,9
325,7
326,4
327,32
328,22
329,42
330,20
331,13
332,9
333,16
334,12
335,22
336,48
337,15
338,31
339,14
340,63
341,31
342,53
343,21
344,22
345,60
346,97
347,174
348,81
349,47
350,13
351,10
352,8
353,17
354,26
355,13
356,30
357,21
358,21
359,18
360,20
361,10
362,35
363,22
364,26
365,163
366,21
367,21
368,21
369,64
370,44
371,45
372,37
373,46
374,182
375,52
376,38
377,67
378,64
379,109
380,49
381,57
382,80
383,84
384,129
385,156
386,79
387,58
388,428
389,85
390,79
391,69
392,78
393,92
394,87
395,79
396,52
397,55
398,184
399,92
400,87
401,135
402,42
403,100
404,65
405,48
406,61
407,64
408,77
409,64
410,71
411,59
412,74
413,50
414,59
415,77
416,82
417,138
418,114
419,98
420,40
421,32
422,27
423,38
424,38
425,109
426,43
427,168
428,55
429,60
430,52
431,88
432,94
433,54
434,89
435,181
436,62
437,79
438,38
439,23
440,47
441,29
442,90
443,10
444,26
445,11
446,16
447,20
448,17
449,75
450,29
451,41
452,69
453,46
454,28
455,136
456,35
457,28
458,34
459,102
460,121
461,80
462,62
463,76
464,74
465,87
466,61
467,419
468,107
469,73
470,137
471,137
472,174
473,155
474,72
475,53
476,74
477,62
478,45
479,68
480,76
481,57
482,40
483,54
484,52
485,60
486,46
487,158
488,57
489,60
490,38
491,38
492,140
493,90
494,86
495,27
496,43
497,264
498,167
499,80
500,125
501,107
502,95
503,147
504,199
505,324
506,426
507,309
508,352
509,316
510,224
511,233
512,228
513,201
514,213
515,248
516,471
517,580
518,826
519,451
520,290
521,294
522,313
523,219
524,316
525,667
526,389
527,325
528,196
529,221
530,268
531,386
532,319
533,244
534,190
535,463
536,199
537,152
538,264
539,133
540,157
541,203
542,241
543,211
544,170
545,192
546,158
547,169
548,150
549,147
550,305
551,96
552,168
553,153
554,209
555,205
556,93
557,85
558,93
559,82
560,92
561,164
562,170
563,159
564,299
565,271
566,193
567,212
568,288
569,248
570,355
571,445
572,240
573,406
574,315
575,276
576,196
577,908
578,1562
579,381
580,464
581,278
582,386
583,217
584,157
585,355
586,220
587,267
588,279
589,832
590,334
591,316
592,255
593,210
594,252
595,193
596,153
597,312
598,348
599,155
600,228
601,454
602,251
603,230
604,137
605,159
606,120
607,164
608,129
609,288
610,127
611,122
612,380
613,621
614,599
615,271
616,200
617,161
618,234
619,195
620,155
621,215
622,305
623,468
624,232
625,405
626,393
627,470
628,381
629,376
630,326
631,296
632,283
633,359
634,274
635,327
636,336
637,450
638,452
639,550
640,537
641,444
642,428
643,260
644,380
645,347
646,472
647,380
648,363
649,566
650,439
651,351
652,444
653,191
654,219
655,226
656,185
657,304
658,208
659,175
660,303
661,366
662,189
663,217
664,209
665,284
666,233
667,416
668,824
669,463
670,368
671,457
672,340
673,257
674,255
675,320
676,541
677,365
678,356
679,370
680,497
681,477
682,1164
683,528
684,365
685,551
686,412
687,425
688,459
689,457
690,626
691,786
692,793
693,517
694,783
695,710
696,603
697,882
698,953
699,975
700,674
701,596
702,784
703,755
704,822
705,710
706,872
707,750
708,1012
709,573
710,802
711,828
712,663
713,1330
714,1009
715,944
716,927
717,853
718,1024
719,854
720,913
721,1105
722,875
723,941
724,1014
725,1407
726,1083
727,1980
728,1524
729,676
730,634
731,874
732,911
733,954
734,1521
735,1368
736,1329
737,1571
738,1889
739,1151
740,2455
741,1785
742,1991
743,1656
744,990
745,975
746,950
747,747
748,778
749,823
750,902
751,2008
752,1041
753,826
754,1059
755,1088
756,1780
757,1166
758,1407
759,2052
760,2060
761,1978
762,2454
763,2458
764,2903
765,1704
766,2140
767,2110
768,1802
769,1969
770,2679
771,2529
772,3046
773,3253
774,3235
775,2399
776,2506
777,2000
778,2288
779,2493
780,1977
781,2020
782,1989
783,2625
784,1971
785,1947
786,2210
787,2735
788,2585
789,2902
790,2927
791,3594
792,3975
793,3436
794,3415
795,3428
796,3119
797,3290
798,3525
799,3005
800,5617
801,3816
802,4145
803,3536
804,4005
805,4241
806,4305
807,4561
808,4236
809,4571
810,4084
811,4975
812,5119
813,5838
814,5830
815,5992
816,7044
817,6188
818,5304
819,6933
820,6187
821,6580
822,6546
823,6722
824,6236
825,6340
826,7124
827,7245
828,9406
829,7572
830,7827
831,6239
832,6582
833,7018
834,8805
835,7086
836,7844
837,8472
838,8162
839,8988
840,9652
841,10891
842,10340
843,10443
844,11614
845,11127
846,12733
847,12355
848,12152
849,12927
850,13182
851,14261
852,17185
853,14779
854,15159
855,14975
856,15912
857,17195
858,18652
859,16618
860,18276
861,23043
862,19904
863,21576
864,21431
865,22085
866,28399
867,28119
868,29663
869,37112
870,31032
871,32182
872,34590
873,35996
874,37207
875,40918
876,41407
877,42952
878,46169
879,56935
880,58161
881,60846
882,67850
883,72264
884,93278
885,99416
886,101159
887,117545
888,136052
889,148943
890,162052
891,196604
892,235240
893,278417
894,377489
895,463094
896,588552
897,818727
898,1285450
899,2860952
900,28344926
901,37894
902,26167
903,26841
904,27077
905,26788
906,26337
907,27198
908,27921
909,27027
910,28181
911,27082
912,28623
913,29873
914,25961
915,27810
916,25940
917,24826
918,22368
919,21349
920,19440
921,19674
922,18325
923,18398
924,18365
925,18684
926,17955
927,18792
928,17976
929,18195
930,20331
931,19996
932,17228
933,21827
934,22681
935,20384
936,17873
937,18500
938,18622
939,20332
940,19050
941,17855
942,17330
943,15416
944,14011
945,13779
946,15623
947,19152
948,18206
949,19376
950,16745
951,18033
952,18575
953,17918
954,16193
955,15840
956,17637
957,16799
958,16143
959,19955
960,15800
961,18502
962,17309
963,15972
964,14374
965,16504
966,15012
967,16349
968,16842
969,17579
970,18178
971,18251
972,16941
973,17165
974,15951
975,16653
976,18045
977,15991
978,16049
979,15074
980,17341
981,15306
982,13597
983,13437
984,13423
985,13250
986,12561
987,13764
988,13701
989,16065
990,14751
991,16186
992,15717
993,16015
994,19351
995,18840
996,16497
997,13501
998,11167
999,15297
1000,12796
1001,12543
1002,12932
1003,11899
1004,12446
1005,11790
1006,12617
1007,13468
1008,12220
1009,11685
1010,11794
1011,14622
1012,13782
1013,13258
1014,14793
1015,10767
1016,12372
1017,10256
1018,10419
1019,11575
1020,12585
1021,10076
1022,10985
1023,10633
1024,10706
1025,9235
1026,11354
1027,10664
1028,10733
1029,10140
1030,10026
1031,10240
1032,9793
1033,8615
1034,9572
1035,8956
1036,9317
1037,8299
1038,10158
1039,11139
1040,12364
1041,10627
1042,9058
1043,9831
1044,9920
1045,10001
1046,10681
1047,10592
1048,9893
1049,9730
1050,9676
1051,9498
1052,8205
1053,8978
1054,9112
1055,9491
1056,9711
1057,9007
1058,8730
1059,9021
1060,9103
1061,8695
1062,10348
1063,10310
1064,8308
1065,8516
1066,9911
1067,11483
1068,9161
1069,9559
1070,9727
1071,10508
1072,9311
1073,10616
1074,9685
1075,8395
1076,7732
1077,7739
1078,9115
1079,7302
1080,8732
1081,8774
1082,7533
1083,8768
1084,8022
1085,9465
1086,8803
1087,9750
1088,9505
1089,7866
1090,6912
1091,7674
1092,7875
1093,9379
1094,8363
1095,8277
1096,8913
1097,10774
1098,11756
1099,15143
1100,14296
1101,12463
1102,10335
1103,9469
1104,9523
1105,7830
1106,7249
1107,6752
1108,6263
1109,6945
1110,8286
1111,8523
1112,8494
1113,8705
1114,8615
1115,9839
1116,8910
1117,8547
1118,8997
1119,9686
1120,10606
1121,10386
1122,11278
1123,11468
1124,14590
1125,14032
1126,13549
1127,12521
1128,11881
1129,11603
1130,13110
1131,11835
1132,11434
1133,12356
1134,13213
1135,13541
1136,13640
1137,14057
1138,13387
1139,12414
1140,11110
1141,10408
1142,8926
1143,7977
1144,8090
1145,9196
1146,8297
1147,8195
1148,8660
1149,8828
1150,7588
1151,8764
1152,8209
1153,9445
1154,9656
1155,11594
1156,11321
1157,10427
1158,12501
1159,13923
1160,10658
1161,11443
1162,10400
1163,10996
1164,12121
1165,12948
1166,15163
1167,13498
1168,14553
1169,14224
1170,12623
1171,11154
1172,12632
1173,14051
1174,12293
1175,11090
1176,12011
1177,11698
1178,13390
1179,14551
1180,13527
1181,14509
1182,11762
1183,13587
1184,13070
1185,17255
1186,15631
1187,14481
1188,13003
1189,12285
1190,15427
1191,13236
1192,12998
1193,10241
1194,10864
1195,9419
1196,9333
1197,8460
1198,11098
1199,11581
1200,13405
1201,14127
1202,14579
1203,14931
1204,18224
1205,21886
1206,24189
1207,25434
1208,26940
1209,26949
1210,22130
1211,21990
1212,22733
1213,21611
1214,17126
1215,17985
1216,18323
1217,18060
1218,17484
1219,15308
1220,13736
1221,11536
1222,9964
1223,9526
1224,11192
1225,11302
1226,11009
1227,8964
1228,9367
1229,11091
1230,9708
1231,8597
1232,8016
1233,9032
1234,10492
1235,9909
1236,10038
1237,9060
1238,7605
1239,6854
1240,6951
1241,8259
1242,8040
1243,7451
1244,6992
1245,7002
1246,5655
1247,6173
1248,5823
1249,6623
1250,6576
1251,7811
1252,8062
1253,7876
1254,7355
1255,7505
1256,7504
1257,7559
1258,7810
1259,7470
1260,6965
1261,8542
1262,7182
1263,7473
1264,8203
1265,9148
1266,7568
1267,7138
1268,6366
1269,6340
1270,7273
1271,7335
1272,7596
1273,7864
1274,7599
1275,8184
1276,8259
1277,8077
1278,7559
1279,7052
1280,7065
1281,6471
1282,7026
1283,7860
1284,7660
1285,7910
1286,7489
1287,7465
1288,6839
1289,7371
1290,7391
1291,7547
1292,6628
1293,7693
1294,7671
1295,7171
1296,6732
1297,7613
1298,7224
1299,7564
1300,7524
1301,7801
1302,6867
1303,7450
1304,7590
1305,6405
1306,5730
1307,6159
1308,6788
1309,6717
1310,6265
1311,6563
1312,7507
1313,7652
1314,7238
1315,6456
1316,6821
1317,6134
1318,6355
1319,5469
1320,5139
1321,5364
1322,6108
1323,6786
1324,5919
1325,5412
1326,5342
1327,5844
1328,6021
1329,5409
1330,5453
1331,5695
1332,5997
1333,5092
1334,4912
1335,4724
1336,4585
1337,4964
1338,5754
1339,6373
1340,5835
1341,5897
1342,6072
1343,6534
1344,7400
1345,7779
1346,8720
1347,8621
1348,8250
1349,7071
1350,6951
1351,6425
1352,6478
1353,5972
1354,5839
1355,6264
1356,6279
1357,5914
1358,5584
1359,5837
1360,6270
1361,6257
1362,6477
1363,6050
1364,5981
1365,5210
1366,6091
1367,6132
1368,6382
1369,7827
1370,7682
1371,6727
1372,6277
1373,6380
1374,6110
1375,6264
1376,6134
1377,6466
1378,5677
1379,5369
1380,5466
1381,5539
1382,5015
1383,5360
1384,6889
1385,6113
1386,6259
1387,6018
1388,5440
1389,6491
1390,7169
1391,7895
1392,7036
1393,6665
1394,5653
1395,5836
1396,5235
1397,5120
1398,4857
1399,4455
1400,4788
1401,4833
1402,4935
1403,4936
1404,4601
1405,5234
1406,6358
1407,6735
1408,6527
1409,6982
1410,7116
1411,6814
1412,5765
1413,5663
1414,5695
1415,4712
1416,5589
1417,5231
1418,5068
1419,4597
1420,5381
1421,5971
1422,5482
1423,6083
1424,5681
1425,5213
1426,5537
1427,5243
1428,4545
1429,4339
1430,5173
1431,5976
1432,6178
1433,5868
1434,5932
1435,5192
1436,5977
1437,5360
1438,5850
1439,5478
1440,5571
1441,5530
1442,5224
1443,5160
1444,5191
1445,5439
1446,5771
1447,5624
1448,5906
1449,6206
1450,5543
1451,5140
1452,4969
1453,5259
1454,5337
1455,4960
1456,5881
1457,5517
1458,5177
1459,4525
1460,4757
1461,5476
1462,5760
1463,5945
1464,5822
1465,5077
1466,5660
1467,5045
1468,4872
1469,4257
1470,4288
1471,4565
1472,4054
1473,4099
1474,3859
1475,4063
1476,4050
1477,4129
1478,3599
1479,3794
1480,4117
1481,4575
1482,4132
1483,3814
1484,3745
1485,3586
1486,3684
1487,3858
1488,4057
1489,4020
1490,4628
1491,4607
1492,3405
1493,3759
1494,4559
1495,3693
1496,3772
1497,3244
1498,3324
1499,3659
1500,3763
1501,4273
1502,3724
1503,3955
1504,3889
1505,4829
1506,4993
1507,4957
1508,4835
1509,4787
1510,5025
1511,4940
1512,4927
1513,4586
1514,4567
1515,5115
1516,5156
1517,6060
1518,5648
1519,5480
1520,5951
1521,6461
1522,11233
1523,7226
1524,7482
1525,6444
1526,6304
1527,5940
1528,5974
1529,6006
1530,5932
1531,5398
1532,5414
1533,6419
1534,7476
1535,7714
1536,7556
1537,8487
1538,9475
1539,9798
1540,8655
1541,8361
1542,6955
1543,6844
1544,6691
1545,6292
1546,6179
1547,6308
1548,5455
1549,6312
1550,5751
1551,6460
1552,6221
1553,6886
1554,7713
1555,8141
1556,8860
1557,9877
1558,11048
1559,9708
1560,8108
1561,8041
1562,7765
1563,7058
1564,7832
1565,6666
1566,7173
1567,8776
1568,7851
1569,7452
1570,8421
1571,7977
1572,6665
1573,6271
1574,5708
1575,5031
1576,5126
1577,6222
1578,6022
1579,5936
1580,5019
1581,5026
1582,5075
1583,4821
1584,4787
1585,4162
1586,3967
1587,3809
1588,5477
1589,4550
1590,4862
1591,5154
1592,5113
1593,4611
1594,5402
1595,4952
1596,5324
1597,4851
1598,4749
1599,5400
1600,5475
1601,5909
1602,5799
1603,4266
1604,4288
1605,5126
1606,5496
1607,5511
1608,5052
1609,5075
1610,6106
1611,5762
1612,4531
1613,3908
1614,3723
1615,4786
1616,4990
1617,6221
1618,5657
1619,4536
1620,4887
1621,5650
1622,5198
1623,5598
1624,5702
1625,6092
1626,4544
1627,4721
1628,4248
1629,4219
1630,3887
1631,3723
1632,3813
1633,3451
1634,3364
1635,3627
1636,3779
1637,4452
1638,3952
1639,3150
1640,3045
1641,2961
1642,3319
1643,3500
1644,5596
1645,5749
1646,6240
1647,5528
1648,5677
1649,4896
1650,4819
1651,4372
1652,3933
1653,4401
1654,3578
1655,2984
1656,4630
1657,5231
1658,4483
1659,3876
1660,4850
1661,4258
1662,3321
1663,3823
1664,3986
1665,5533
1666,4504
1667,3305
1668,3017
1669,3810
1670,3959
1671,3804
1672,3300
1673,3978
1674,4325
1675,3478
1676,4518
1677,5101
1678,5014
1679,5490
1680,4591
1681,4737
1682,4687
1683,4099
1684,4797
1685,4635
1686,3965
1687,2581
1688,2935
1689,4064
1690,2826
1691,3238
1692,4005
1693,4674
1694,4330
1695,4876
1696,4311
1697,3961
1698,2704
1699,3715
1700,4132
1701,3727
1702,5049
1703,4560
1704,4427
1705,4220
1706,4402
1707,3756
1708,4568
1709,5319
1710,5861
1711,4557
1712,4947
1713,5313
1714,6333
1715,5179
1716,5254
1717,5509
1718,4895
1719,4920
1720,5071
1721,5375
1722,5315
1723,4835
1724,4822
1725,4273
1726,3512
1727,3694
1728,3505
1729,2996
1730,2970
1731,4893
1732,4692
1733,4307
1734,3779
1735,4349
1736,4608
1737,3775
1738,3732
1739,3526
1740,3502
1741,3201
1742,2281
1743,2788
1744,2772
1745,2701
1746,3414
1747,2825
1748,3805
1749,3682
1750,4233
1751,3550
1752,3639
1753,3346
1754,2846
1755,3485
1756,4536
1757,4541
1758,4302
1759,4185
1760,4129
1761,4330
1762,3516
1763,3692
1764,4453
1765,3590
1766,3869
1767,3493
1768,3608
1769,3879
1770,3762
1771,3233
1772,3810
1773,3795
1774,4288
1775,3074
1776,4090
1777,4343
1778,4628
1779,4705
1780,4092
1781,5386
1782,4981
1783,5117
1784,4541
1785,3643
1786,4053
1787,4913
1788,5039
1789,4705
1790,4926
1791,4852
1792,3938
1793,3583
1794,3415
1795,2591
1796,3015
1797,2801
1798,2520
1799,2487
1800,2218
1801,2674
1802,2563
1803,2735
1804,2133
1805,3288
1806,2096
1807,3170
1808,2401
1809,2983
1810,2658
1811,3399
1812,3953
1813,4343
1814,3072
1815,3991
1816,2762
1817,4043
1818,2610
1819,3651
1820,3553
1821,3547
1822,4093
1823,3315
1824,3887
1825,3805
1826,3949
1827,3919
1828,4245
1829,3716
1830,3716
1831,4233
1832,3603
1833,2935
1834,3425
1835,2512
1836,2938
1837,2440
1838,2435
1839,2891
1840,2775
1841,3218
1842,2509
1843,3042
1844,2648
1845,2790
1846,2036
1847,3053
1848,2863
1849,2869
1850,2630
1851,3127
1852,3073
1853,3336
1854,2860
1855,3226
1856,2688
1857,2991
1858,2724
1859,3253
1860,3072
1861,2940
1862,2734
1863,2305
1864,2085
1865,2215
1866,2397
1867,2854
1868,1937
1869,2167
1870,3046
1871,2539
1872,2249
1873,2603
1874,2295
1875,2407
1876,2352
1877,2284
1878,2983
1879,2603
1880,3318
1881,3376
1882,2320
1883,2882
1884,2540
1885,2394
1886,2590
1887,2111
1888,3070
1889,2437
1890,2719
1891,3161
1892,2757
1893,2843
1894,4130
1895,3521
1896,3668
1897,1919
1898,1941
1899,2110
1900,2356
1901,2221
1902,3149
1903,2075
1904,1630
1905,1429
1906,1752
1907,3302
1908,2445
1909,1778
1910,1589
1911,1747
1912,2611
1913,2536
1914,2156
1915,1551
1916,1983
1917,2670
1918,2958
1919,3502
1920,2869
1921,3137
1922,2828
1923,3150
1924,2828
1925,3037
1926,1888
1927,2357
1928,2256
1929,2262
1930,2419
1931,2642
1932,2250
1933,2391
1934,2749
1935,3367
1936,1987
1937,1783
1938,2624
1939,2061
1940,2098
1941,1913
1942,1942
1943,2309
1944,2076
1945,2169
1946,3244
1947,2760
1948,1790
1949,1638
1950,3960
1951,2983
1952,2507
1953,2170
1954,2376
1955,3222
1956,1739
1957,2402
1958,2138
1959,1879
1960,2103
1961,2030
1962,2069
1963,1702
1964,1744
1965,2353
1966,2389
1967,2299
1968,1742
1969,2240
1970,2666
1971,2184
1972,2894
1973,2732
1974,1789
1975,1426
1976,1831
1977,2804
1978,1995
1979,1677
1980,1750
1981,1903
1982,1706
1983,2304
1984,2164
1985,2429
1986,2659
1987,2440
1988,3968
1989,5130
1990,3734
1991,3074
1992,2273
1993,2487
1994,2612
1995,2170
1996,2082
1997,2066
1998,2851
1999,2595
2000,2365
2001,2475
2002,3222
2003,2379
2004,2953
2005,2864
2006,3770
2007,4177
2008,4433
2009,3983
2010,3649
2011,5210
2012,5500
2013,4458
2014,2950
2015,2929
2016,1960
2017,2536
2018,2467
2019,1990
2020,2847
2021,2815
2022,2676
2023,2583
2024,2156
2025,3294
2026,2835
2027,2308
2028,3219
2029,4297
2030,4191
2031,4699
2032,3691
2033,2800
2034,2475
2035,1754
2036,1434
2037,1413
2038,2014
2039,1835
2040,1879
2041,1675
2042,2250
2043,2214
2044,1900
2045,2074
2046,1919
2047,2209
2048,3423
2049,3277
2050,3999
2051,3054
2052,3145
2053,2654
2054,1788
2055,2587
2056,2979
2057,2328
2058,2420
2059,2480
2060,2266
2061,2303
2062,2135
2063,1667
2064,1423
2065,1792
2066,2242
2067,1736
2068,2071
2069,2371
2070,3011
2071,2484
2072,2637
2073,2102
2074,2945
2075,2280
2076,4394
2077,3301
2078,3611
2079,2302
2080,3111
2081,2897
2082,3514
2083,3695
2084,3633
2085,3135
2086,3432
2087,3771
2088,2676
2089,2562
2090,2768
2091,2541
2092,2627
2093,2559
2094,2278
2095,1668
2096,1507
2097,2413
2098,2496
2099,2578
2100,2890
2101,3037
2102,2556
2103,3634
2104,4139
2105,3546
2106,3504
2107,3662
2108,3517
2109,3513
2110,2409
2111,1962
2112,2269
2113,2402
2114,2197
2115,1794
2116,2333
2117,2442
2118,3051
2119,2296
2120,2141
2121,1470
2122,1323
2123,1153
2124,1397
2125,1704
2126,2097
2127,2887
2128,3058
2129,3340
2130,2667
2131,3401
2132,3608
2133,2834
2134,2137
2135,2444
2136,2693
2137,2417
2138,2335
2139,2044
2140,1893
2141,1543
2142,941
2143,1125
2144,961
2145,1349
2146,1884
2147,1530
2148,1285
2149,1396
2150,1354
2151,2210
2152,1395
2153,2265
2154,1513
2155,2025
2156,1697
2157,1612
2158,1828
2159,2322
2160,4040
2161,3720
2162,2162
2163,2314
2164,1590
2165,2158
2166,2174
2167,2303
2168,2183
2169,2041
2170,2304
2171,2536
2172,2017
2173,3030
2174,2032
2175,2485
2176,2973
2177,2483
2178,2689
2179,2991
2180,3062
2181,3791
2182,2812
2183,2158
2184,2087
2185,1702
2186,1676
2187,2594
2188,2379
2189,3153
2190,3687
2191,3282
2192,3570
2193,4114
2194,2677
2195,3023
2196,5290
2197,4533
2198,4210
2199,4069
2200,3294
2201,4330
2202,5637
2203,5039
2204,4713
2205,5909
2206,4618
2207,6083
2208,6906
2209,7260
2210,7790
2211,6064
2212,3660
2213,4233
2214,4810
2215,3246
2216,2559
2217,889
2218,679
2219,890
2220,647
2221,640
2222,973
2223,700
2224,548
2225,913
2226,640
2227,642
2228,805
2229,589
2230,588
2231,522
2232,695
2233,622
2234,487
2235,823
2236,795
2237,711
2238,745
2239,578
2240,704
2241,764
2242,945
2243,1056
2244,1088
2245,841
2246,815
2247,736
2248,696
2249,632
2250,628
2251,677
2252,668
2253,803
2254,645
2255,615
2256,757
2257,761
2258,703
2259,633
2260,719
2261,669
2262,670
2263,558
2264,631
2265,647
2266,732
2267,627
2268,774
2269,971
2270,564
2271,672
2272,707
2273,617
2274,532
2275,524
2276,668
2277,605
2278,564
2279,536
2280,593
2281,728
2282,645
2283,699
2284,854
2285,629
2286,762
2287,494
2288,538
2289,700
2290,760
2291,856
2292,664
2293,708
2294,457
2295,521
2296,619
2297,938
2298,782
2299,444
2300,567
2301,534
2302,474
2303,536
2304,650
2305,595
2306,602
2307,807
2308,858
2309,1028
2310,965
2311,839
2312,1043
2313,672
2314,699
2315,555
2316,582
2317,480
2318,540
2319,466
2320,688
2321,591
2322,797
2323,808
2324,784
2325,743
2326,647
2327,750
2328,516
2329,546
2330,802
2331,644
2332,763
2333,864
2334,778
2335,562
2336,516
2337,481
2338,323
2339,307
2340,253
2341,263
2342,251
2343,257
2344,351
2345,427
2346,311
2347,357
2348,363
2349,449
2350,386
2351,482
2352,465
2353,621
2354,562
2355,574
2356,619
2357,663
2358,593
2359,728
2360,700
2361,955
2362,752
2363,535
2364,562
2365,548
2366,753
2367,577
2368,713
2369,573
2370,588
2371,605
2372,523
2373,622
2374,611
2375,623
2376,633
2377,821
2378,1056
2379,593
2380,1456
2381,520
2382,489
2383,424
2384,490
2385,512
2386,449
2387,656
2388,593
2389,590
2390,535
2391,484
2392,634
2393,589
2394,617
2395,556
2396,440
2397,500
2398,388
2399,395
2400,399
2401,441
2402,629
2403,638
2404,609
2405,532
2406,510
2407,492
2408,400
2409,505
2410,463
2411,367
2412,514
2413,452
2414,425
2415,474
2416,495
2417,513
2418,472
2419,536
2420,590
2421,509
2422,462
2423,372
2424,427
2425,680
2426,622
2427,520
2428,356
2429,370
2430,348
2431,318
2432,466
2433,386
2434,473
2435,386
2436,440
2437,379
2438,544
2439,604
2440,559
2441,550
2442,849
2443,518
2444,514
2445,663
2446,653
2447,697
2448,854
2449,809
2450,830
2451,952
2452,975
2453,994
2454,971
2455,1057
2456,1114
2457,963
2458,879
2459,927
2460,900
2461,960
2462,647
2463,737
2464,689
2465,643
2466,837
2467,1092
2468,874
2469,604
2470,574
2471,436
2472,467
2473,544
2474,548
2475,494
2476,491
2477,475
2478,731
2479,496
2480,555
2481,684
2482,638
2483,824
2484,901
2485,874
2486,788
2487,741
2488,570
2489,564
2490,447
2491,476
2492,577
2493,615
2494,721
2495,704
2496,491
2497,768
2498,586
2499,566
2500,722
2501,816
2502,1080
2503,1040
2504,841
2505,871
2506,771
2507,801
2508,880
2509,875
2510,999
2511,1199
2512,823
2513,752
2514,787
2515,770
2516,916
2517,999
2518,1009
2519,1024
2520,1359
2521,1220
2522,1570
2523,1279
2524,1444
2525,1216
2526,1281
2527,1122
2528,1062
2529,1781
2530,1072
2531,1125
2532,957
2533,835
2534,926
2535,869
2536,738
2537,438
2538,449
2539,430
2540,481
2541,505
2542,362
2543,339
2544,573
2545,438
2546,521
2547,814
2548,756
2549,576
2550,560
2551,661
2552,709
2553,645
2554,537
2555,559
2556,476
2557,512
2558,417
2559,623
2560,576
2561,687
2562,650
2563,526
2564,536
2565,538
2566,667
2567,582
2568,820
2569,576
2570,645
2571,927
2572,829
2573,993
2574,715
2575,798
2576,750
2577,1168
2578,733
2579,728
2580,668
2581,664
2582,877
2583,711
2584,882
2585,896
2586,673
2587,839
2588,623
2589,616
2590,700
2591,593
2592,1018
2593,977
2594,978
2595,1266
2596,941
2597,895
2598,787
2599,789
2600,1126
2601,1127
2602,925
2603,883
2604,794
2605,738
2606,701
2607,952
2608,1286
2609,1208
2610,1235
2611,1180
2612,859
2613,898
2614,897
2615,1352
2616,1139
2617,867
2618,1071
2619,1584
2620,1704
2621,1474
2622,1336
2623,1351
2624,1388
2625,1217
2626,1287
2627,1549
2628,1511
2629,1101
2630,1125
2631,1403
2632,1166
2633,1388
2634,1413
2635,1305
2636,1410
2637,1416
2638,1526
2639,1355
2640,1077
2641,1086
2642,1361
2643,1032
2644,1105
2645,995
2646,769
2647,842
2648,891
2649,824
2650,868
2651,673
2652,562
2653,882
2654,794
2655,558
2656,596
2657,597
2658,666
2659,620
2660,611
2661,729
2662,713
2663,663
2664,651
2665,759
2666,643
2667,554
2668,768
2669,781
2670,801
2671,945
2672,708
2673,722
2674,629
2675,792
2676,914
2677,736
2678,665
2679,648
2680,628
2681,856
2682,688
2683,779
2684,789
2685,667
2686,572
2687,580
2688,527
2689,684
2690,501
2691,528
2692,468
2693,630
2694,477
2695,1327
2696,614
2697,555
2698,603
2699,797
2700,870
2701,872
2702,737
2703,645
2704,713
2705,630
2706,631
2707,525
2708,680
2709,745
2710,762
2711,652
2712,707
2713,830
2714,738
2715,676
2716,825
2717,816
2718,1112
2719,1100
2720,887
2721,860
2722,936
2723,948
2724,907
2725,705
2726,616
2727,909
2728,753
2729,809
2730,1052
2731,952
2732,900
2733,915
2734,894
2735,753
2736,719
2737,491
2738,591
2739,705
2740,711
2741,763
2742,716
2743,718
2744,610
2745,402
2746,709
2747,584
2748,755
2749,851
2750,828
2751,1109
2752,953
2753,1447
2754,809
2755,505
2756,583
2757,702
2758,704
2759,772
2760,651
2761,592
2762,578
2763,572
2764,615
2765,623
2766,655
2767,700
2768,1025
2769,535
2770,530
2771,401
2772,325
2773,366
2774,538
2775,689
2776,817
2777,680
2778,635
2779,576
2780,635
2781,822
2782,739
2783,814
2784,615
2785,659
2786,468
2787,584
2788,665
2789,721
2790,864
2791,730
2792,622
2793,762
2794,1129
2795,1144
2796,1108
2797,1484
2798,1538
2799,1549
2800,1224
2801,1738
2802,1558
2803,1608
2804,1737
2805,1681
2806,1655
2807,1512
2808,1584
2809,2142
2810,1874
2811,1780
2812,1815
2813,1497
2814,1690
2815,1955
2816,1974
2817,1781
2818,1566
2819,1300
2820,824
2821,1016
2822,842
2823,1016
2824,1254
2825,1497
2826,876
2827,562
2828,595
2829,660
2830,685
2831,798
2832,829
2833,874
2834,968
2835,1928
2836,868
2837,823
2838,850
2839,816
2840,797
2841,714
2842,627
2843,784
2844,832
2845,792
2846,592
2847,825
2848,887
2849,657
2850,610
2851,466
2852,437
2853,446
2854,544
2855,595
2856,457
2857,450
2858,426
2859,481
2860,498
2861,442
2862,455
2863,431
2864,368
2865,389
2866,464
2867,395
2868,350
2869,390
2870,503
2871,531
2872,357
2873,393
2874,459
2875,437
2876,497
2877,395
2878,341
2879,244
2880,332
2881,270
2882,273
2883,315
2884,380
2885,431
2886,437
2887,665
2888,615
2889,769
2890,592
2891,645
2892,634
2893,540
2894,416
2895,619
2896,608
2897,551
2898,478
2899,472
2900,422
2901,426
2902,571
2903,411
2904,399
2905,577
2906,703
2907,724
2908,910
2909,691
2910,705
2911,675
2912,671
2913,642
2914,723
2915,576
2916,532
2917,536
2918,421
2919,395
2920,391
2921,358
2922,434
2923,295
2924,319
2925,403
2926,345
2927,421
2928,359
2929,424
2930,399
2931,684
2932,370
2933,346
2934,466
2935,460
2936,644
2937,886
2938,561
2939,513
2940,379
2941,460
2942,373
2943,350
2944,449
2945,315
2946,261
2947,325
2948,314
2949,381
2950,403
2951,367
2952,360
2953,436
2954,555
2955,370
2956,423
2957,349
2958,370
2959,357
2960,345
2961,359
2962,347
2963,290
2964,270
2965,309
2966,355
2967,441
2968,436
2969,468
2970,401
2971,435
2972,581
2973,360
2974,306
2975,328
2976,423
2977,425
2978,388
2979,471
2980,529
2981,333
2982,368
2983,356
2984,274
2985,250
2986,330
2987,318
2988,345
2989,467
2990,506
2991,542
2992,495
2993,515
2994,427
2995,502
2996,378
2997,509
2998,539
2999,594
3000,546
3001,565
3002,538
3003,419
3004,431
3005,485
3006,408
3007,426
3008,382
3009,433
3010,440
3011,528
3012,491
3013,404
3014,371
3015,479
3016,611
3017,1808
3018,602
3019,561
3020,771
3021,696
3022,771
3023,954
3024,884
3025,770
3026,623
3027,515
3028,678
3029,810
3030,607
3031,693
3032,604
3033,659
3034,721
3035,529
3036,570
3037,729
3038,528
3039,525
3040,395
3041,596
3042,412
3043,279
3044,301
3045,267
3046,255
3047,282
3048,214
3049,312
3050,279
3051,295
3052,292
3053,398
3054,299
3055,342
3056,374
3057,411
3058,433
3059,379
3060,316
3061,291
3062,228
3063,149
3064,177
3065,192
3066,199
3067,162
3068,144
3069,169
3070,225
3071,134
3072,117
3073,181
3074,196
3075,178
3076,204
3077,119
3078,130
3079,129
3080,135
3081,184
3082,242
3083,178
3084,81
3085,72
3086,157
3087,160
3088,171
3089,207
3090,163
3091,241
3092,210
3093,139
3094,80
3095,73
3096,94
3097,60
3098,54
3099,48
3100,37
3101,66
3102,54
3103,42
3104,62
3105,62
3106,74
3107,75
3108,216
3109,110
3110,101
3111,116
3112,56
3113,55
3114,48
3115,73
3116,74
3117,54
3118,85
3119,168
3120,60
3121,56
3122,40
3123,58
3124,58
3125,44
3126,41
3127,45
3128,58
3129,48
3130,46
3131,62
3132,94
3133,94
3134,111
3135,119
3136,114
3137,104
3138,70
3139,60
3140,79
3141,52
3142,74
3143,96
3144,93
3145,182
3146,169
3147,86
3148,80
3149,74
3150,120
3151,59
3152,142
3153,383
3154,324
3155,585
3156,565
3157,498
3158,665
3159,516
3160,393
3161,259
3162,207
3163,35
3164,55
3165,58
3166,113
3167,74
3168,92
3169,73
3170,74
3171,83
3172,56
3173,60
3174,54
3175,210
3176,213
3177,119
3178,87
3179,148
3180,161
3181,126
3182,60
3183,105
3184,164
3185,104
3186,87
3187,102
3188,117
3189,108
3190,79
3191,135
3192,137
3193,110
3194,132
3195,146
3196,162
3197,145
3198,86
3199,86
3200,112
3201,164
3202,260
3203,94
3204,78
3205,93
3206,99
3207,55
3208,56
3209,59
3210,110
3211,126
3212,123
3213,176
3214,119
3215,90
3216,51
3217,54
3218,71
3219,96
3220,94
3221,156
3222,142
3223,163
3224,179
3225,184
3226,82
3227,58
3228,31
3229,35
3230,37
3231,24
3232,42
3233,23
3234,35
3235,43
3236,97
3237,115
3238,100
3239,130
3240,137
3241,139
3242,576
3243,532
3244,491
3245,457
3246,487
3247,564
3248,673
3249,596
3250,566
3251,503
3252,694
3253,291
3254,254
3255,303
3256,437
3257,419
3258,374
3259,305
3260,242
3261,301
3262,306
3263,255
3264,221
3265,305
3266,268
3267,261
3268,266
3269,463
3270,329
3271,385
3272,375
3273,398
3274,428
3275,269
3276,262
3277,363
3278,361
3279,241
3280,225
3281,183
3282,133
3283,161
3284,126
3285,156
3286,176
3287,136
3288,153
3289,113
3290,117
3291,103
3292,87
3293,86
3294,131
3295,226
3296,71
3297,45
3298,62
3299,67
3300,90
3301,94
3302,73
3303,78
3304,67
3305,78
3306,64
3307,101
3308,113
3309,30
3310,52
3311,58
3312,86
3313,108
3314,75
3315,96
3316,51
3317,46
3318,67
3319,67
3320,91
3321,57
3322,79
3323,121
3324,71
3325,57
3326,61
3327,105
3328,169
3329,168
3330,144
3331,123
3332,91
3333,93
3334,93
3335,71
3336,93
3337,86
3338,67
3339,78
3340,53
3341,90
3342,174
3343,171
3344,139
3345,106
3346,75
3347,74
3348,92
3349,177
3350,64
3351,59
3352,65
3353,210
3354,151
3355,114
3356,153
3357,203
3358,214
3359,208
3360,168
3361,196
3362,78
3363,94
3364,118
3365,135
3366,147
3367,179
3368,229
3369,263
3370,258
3371,308
3372,319
3373,199
3374,225
3375,288
3376,127
3377,62
3378,77
3379,60
3380,94
3381,66
3382,66
3383,122
3384,130
3385,88
3386,81
3387,120
3388,97
3389,46
3390,30
3391,48
3392,95
3393,154
3394,138
3395,74
3396,88
3397,105
3398,85
3399,78
3400,68
3401,53
3402,73
3403,110
3404,94
3405,52
3406,65
3407,58
3408,61
3409,43
3410,65
3411,45
3412,68
3413,91
3414,76
3415,85
3416,153
3417,64
3418,105
3419,110
3420,43
3421,92
3422,56
3423,57
3424,73
3425,66
3426,80
3427,88
3428,71
3429,68
3430,55
3431,58
3432,75
3433,167
3434,182
3435,195
3436,301
3437,184
3438,55
3439,104
3440,57
3441,48
3442,73
3443,66
3444,82
3445,160
3446,64
3447,88
3448,65
3449,87
3450,60
3451,102
3452,92
3453,276
3454,502
3455,382
3456,411
3457,311
3458,366
3459,537
3460,451
3461,547
3462,299
3463,274
3464,270
3465,240
3466,251
3467,206
3468,318
3469,331
3470,240
3471,286
3472,273
3473,379
3474,301
3475,296
3476,145
3477,148
3478,184
3479,223
3480,170
3481,152
3482,221
3483,274
3484,223
3485,208
3486,247
3487,195
3488,176
3489,261
3490,276
3491,215
3492,252
3493,136
3494,155
3495,170
3496,173
3497,225
3498,180
3499,201
3500,174
3501,316
3502,320
3503,345
3504,253
3505,263
3506,307
3507,270
3508,186
3509,172
3510,174
3511,190
3512,147
3513,185
3514,196
3515,276
3516,242
3517,191
3518,133
3519,221
3520,281
3521,223
3522,219
3523,213
3524,169
3525,241
3526,318
3527,197
3528,287
3529,306
3530,258
3531,250
3532,254
3533,241
3534,250
3535,370
3536,465
3537,736
3538,430
3539,436
3540,312
3541,297
3542,407
3543,382
3544,362
3545,398
3546,336
3547,383
3548,298
3549,291
3550,379
3551,406
3552,227
3553,177
3554,220
3555,221
3556,198
3557,246
3558,313
3559,245
3560,224
3561,313
3562,347
3563,242
3564,223
3565,262
3566,222
3567,242
3568,332
3569,290
3570,245
3571,238
3572,170
3573,229
3574,186
3575,219
3576,276
3577,253
3578,196
3579,321
3580,289
3581,277
3582,311
3583,208
3584,342
3585,290
3586,169
3587,199
3588,210
3589,209
3590,252
3591,218
3592,229
3593,214
3594,229
3595,233
3596,270
3597,335
3598,284
3599,279
3600,268
3601,214
3602,204
3603,207
3604,190
3605,168
3606,183
3607,210
3608,344
3609,232
3610,211
3611,157
3612,123
3613,162
3614,198
3615,293
3616,193
3617,248
3618,299
3619,253
3620,311
3621,249
3622,276
3623,275
3624,357
3625,376
3626,351
3627,402
3628,375
3629,371
3630,413
3631,348
3632,329
3633,266
3634,270
3635,254
3636,312
3637,331
3638,253
3639,351
3640,406
3641,366
3642,362
3643,336
3644,367
3645,375
3646,441
3647,395
3648,398
3649,312
3650,409
3651,362
3652,384
3653,401
3654,348
3655,306
3656,489
3657,425
3658,341
3659,360
3660,347
3661,324
3662,492
3663,355
3664,304
3665,265
3666,340
3667,260
3668,276
3669,233
3670,179
3671,195
3672,139
3673,118
3674,135
3675,132
3676,190
3677,171
3678,201
3679,312
3680,222
3681,175
3682,203
3683,171
3684,130
3685,204
3686,133
3687,143
3688,200
3689,224
3690,207
3691,187
3692,159
3693,122
3694,104
3695,173
3696,227
3697,193
3698,148
3699,182
3700,135
3701,158
3702,184
3703,162
3704,142
3705,158
3706,226
3707,169
3708,191
3709,147
3710,143
3711,180
3712,165
3713,148
3714,179
3715,154
3716,151
3717,140
3718,216
3719,112
3720,134
3721,138
3722,114
3723,213
3724,145
3725,181
3726,116
3727,101
3728,241
3729,217
3730,228
3731,178
3732,270
3733,300
3734,198
3735,407
3736,458
3737,314
3738,504
3739,261
3740,226
3741,328
3742,279
3743,151
3744,164
3745,223
3746,234
3747,395
3748,198
3749,144
3750,201
3751,198
3752,221
3753,169
3754,216
3755,196
3756,194
3757,464
3758,133
3759,118
3760,141
3761,152
3762,302
3763,289
3764,276
3765,310
3766,250
3767,200
3768,201
3769,201
3770,195
3771,252
3772,210
3773,223
3774,266
3775,328
3776,273
3777,214
3778,220
3779,265
3780,252
3781,215
3782,222
3783,162
3784,140
3785,155
3786,167
3787,164
3788,166
3789,191
3790,152
3791,168
3792,220
3793,162
3794,190
3795,154
3796,169
3797,270
3798,219
3799,199
3800,149
3801,142
3802,193
3803,179
3804,112
3805,115
3806,110
3807,98
3808,115
3809,133
3810,153
3811,130
3812,108
3813,188
3814,133
3815,171
3816,150
3817,153
3818,171
3819,169
3820,191
3821,234
3822,166
3823,242
3824,224
3825,268
3826,236
3827,270
3828,285
3829,443
3830,493
3831,441
3832,461
3833,733
3834,384
3835,440
3836,290
3837,333
3838,367
3839,348
3840,351
3841,184
3842,204
3843,282
3844,288
3845,249
3846,305
3847,218
3848,227
3849,228
3850,281
3851,251
3852,325
3853,264
3854,278
3855,300
3856,217
3857,249
3858,281
3859,314
3860,194
3861,267
3862,225
3863,245
3864,176
3865,156
3866,215
3867,203
3868,188
3869,178
3870,319
3871,236
3872,238
3873,200
3874,204
3875,284
3876,218
3877,204
3878,281
3879,159
3880,194
3881,126
3882,136
3883,156
3884,209
3885,218
3886,232
3887,164
3888,318
3889,234
3890,317
3891,249
3892,252
3893,273
3894,316
3895,234
3896,251
3897,352
3898,334
3899,214
3900,226
3901,246
3902,163
3903,192
3904,303
3905,226
3906,238
3907,242
3908,258
3909,138
3910,159
3911,179
3912,113
3913,93
3914,74
3915,97
3916,148
3917,90
3918,64
3919,63
3920,100
3921,77
3922,90
3923,76
3924,48
3925,52
3926,59
3927,71
3928,75
3929,74
3930,123
3931,66
3932,64
3933,152
3934,123
3935,76
3936,110
3937,93
3938,114
3939,75
3940,158
3941,103
3942,107
3943,139
3944,127
3945,99
3946,100
3947,97
3948,127
3949,74
3950,48
3951,86
3952,103
3953,123
3954,101
3955,72
3956,94
3957,63
3958,65
3959,69
3960,56
3961,64
3962,94
3963,131
3964,221
3965,115
3966,106
3967,113
3968,141
3969,89
3970,156
3971,103
3972,126
3973,98
3974,207
3975,188
3976,155
3977,187
3978,126
3979,96
3980,226
3981,159
3982,153
3983,177
3984,191
3985,261
3986,235
3987,232
3988,280
3989,275
3990,405
3991,392
3992,304
3993,302
3994,323
3995,242
3996,281
3997,232
3998,278
3999,262
4000,485
4001,373
4002,469
4003,319
4004,397
4005,394
4006,316
4007,199
4008,267
4009,465
4010,224
4011,292
4012,322
4013,383
4014,230
4015,387
4016,307
4017,200
4018,240
4019,294
4020,289
4021,348
4022,194
4023,334
4024,244
4025,246
4026,298
4027,294
4028,309
4029,273
4030,237
4031,236
4032,138
4033,200
4034,187
4035,152
4036,95
4037,93
4038,66
4039,52
4040,56
4041,95
4042,71
4043,63
4044,150
4045,137
4046,90
4047,102
4048,193
4049,61
4050,108
4051,161
4052,65
4053,63
4054,122
4055,119
4056,113
4057,130
4058,129
4059,138
4060,131
4061,137
4062,151
4063,178
4064,138
4065,54
4066,90
4067,100
4068,115
4069,74
4070,75
4071,54
4072,91
4073,76
4074,139
4075,103
4076,132
4077,109
4078,97
4079,104
4080,111
4081,130
4082,164
4083,218
4084,197
4085,243
4086,273
4087,210
4088,189
4089,215
4090,169
4091,199
4092,107
4093,69
4094,154
4095,145
4096,121
4097,64
4098,81
4099,128
4100,66
4101,53
4102,38
4103,92
4104,72
4105,73
4106,110
4107,47
4108,67
4109,77
4110,200
4111,78
4112,102
4113,89
4114,162
4115,180
4116,84
4117,98
4118,63
4119,67
4120,68
4121,76
4122,69
4123,81
4124,53
4125,73
4126,54
4127,54
4128,81
4129,105
4130,47
4131,50
4132,92
4133,52
4134,74
4135,64
4136,55
4137,40
4138,79
4139,97
4140,45
4141,60
4142,45
4143,31
4144,57
4145,43
4146,84
4147,50
4148,51
4149,59
4150,56
4151,93
4152,60
4153,63
4154,129
4155,198
4156,180
4157,340
4158,146
4159,74
4160,65
4161,39
4162,29
4163,81
4164,121
4165,121
4166,123
4167,98
4168,115
4169,106
4170,60
4171,67
4172,53
4173,38
4174,17
4175,23
4176,27
4177,25
4178,22
4179,30
4180,15
4181,40
4182,38
4183,37
4184,44
4185,42
4186,24
4187,30
4188,33
4189,30
4190,26
4191,15
4192,50
4193,58
4194,42
4195,31
4196,63
4197,31
4198,11
4199,35
4200,38
4201,20
4202,29
4203,19
4204,28
4205,39
4206,45
4207,29
4208,43
4209,44
4210,43
4211,26
4212,27
4213,27
4214,33
4215,18
4216,49
4217,36
4218,75
4219,84
4220,49
4221,43
4222,48
4223,57
4224,60
4225,76
4226,44
4227,63
4228,86
4229,99
4230,82
4231,149
4232,125
4233,78
4234,52
4235,81
4236,52
4237,31
4238,16
4239,17
4240,45
4241,40
4242,9
4243,51
4244,106
4245,73
4246,32
4247,29
4248,28
4249,27
4250,56
4251,54
4252,27
4253,11
4254,14
4255,58
4256,24
4257,44
4258,65
4259,108
4260,43
4261,88
4262,82
4263,11
4264,11
4265,21
4266,20
4267,13
4268,20
4269,15
4270,27
4271,63
4272,30
4273,33
4274,33
4275,25
4276,20
4277,22
4278,37
4279,18
4280,23
4281,24
4282,34
4283,46
4284,65
4285,48
4286,40
4287,83
4288,79
4289,203
4290,255
4291,204
4292,43
4293,41
4294,51
4295,96
4296,70
4297,108
4298,83
4299,46
4300,66
4301,36
4302,43
4303,55
4304,41
4305,35
4306,44
4307,48
4308,51
4309,85
4310,42
4311,45
4312,110
4313,111
4314,106
4315,83
4316,63
4317,53
4318,45
4319,31
4320,45
4321,56
4322,93
4323,57
4324,64
4325,33
4326,28
4327,10
4328,1
4329,35
4330,13
4331,17
4332,13
4333,28
4334,11
4335,15
4336,11
4337,30
4338,18
4339,14
4340,20
4341,24
4342,19
4343,21
4344,19
4345,28
4346,27
4347,24
4348,11
4349,15
4350,11
4351,36
4352,9
4353,35
4354,29
4355,48
4356,25
4357,41
4358,34
4359,94
4360,82
4361,105
4362,81
4363,92
4364,71
4365,66
4366,37
4367,23
4368,21
4369,18
4370,30
4371,29
4372,41
4373,41
4374,53
4375,37
4376,36
4377,48
4378,16
4379,44
4380,37
4381,30
4382,13
4383,37
4384,40
4385,53
4386,51
4387,65
4388,39
4389,15
4390,57
4391,27
4392,28
4393,27
4394,23
4395,27
4396,18
4397,36
4398,22
4399,22
4400,13
4401,31
4402,24
4403,20
4404,40
4405,71
4406,51
4407,40
4408,23
4409,31
4410,15
4411,15
4412,17
4413,3
4414,7
4415,7
4416,5
4417,6
4418,6
4419,1
4420,5
4421,6
4422,8
4423,6
4424,8
4425,1
4426,4
4427,9
4428,5
4429,6
4430,38
4431,4
4432,4
4433,13
4434,3
4435,5
4436,4
4437,4
4438,4
4439,3
4441,1
4442,7
4443,13
4444,21
4445,15
4446,1
4447,6
4448,6
4449,5
4450,11
4451,3
4452,10
4453,4
4454,11
4455,8
4456,3
4457,10
4458,19
4459,15
4460,4
4461,14
4462,10
4463,7
4464,10
4465,3
4466,16
4467,4
4468,5
4469,9
4470,12
4471,10
4472,29
4473,12
4474,4
4475,7
4476,4
4477,4
4478,6
4479,12
4480,10
4481,94
4482,89
4483,14
4484,4
4485,10
4486,4
4487,11
4488,10
4489,8
4490,12
4491,6
4492,5
4493,9
4494,7
4495,10
4496,40
4497,40
4498,19
4499,43
4500,30
4501,36
4502,35
4503,29
4504,69
4505,96
4506,40
4507,28
4508,34
4509,28
4510,28
4511,12
4512,5
4513,5
4514,10
4515,9
4516,6
4517,6
4518,12
4519,11
4520,16
4521,18
4522,13
4523,15
4524,45
4525,68
4526,35
4527,48
4528,45
4529,13
4530,27
4531,13
4532,3
4533,6
4534,9
4535,25
4536,27
4537,10
4538,11
4539,11
4540,25
4541,5
4542,19
4543,5
4544,3
4545,8
4546,14
4547,13
4548,29
4549,7
4550,14
4551,6
4552,9
4553,7
4554,6
4555,9
4556,7
4557,14
4558,17
4559,3
4560,29
4561,22
4562,20
4563,19
4564,21
4565,7
4566,4
4567,6
4568,3
4569,4
4570,10
4571,6
4572,6
4573,6
4574,6
4575,23
4576,16
4577,7
4578,3
4579,14
4580,1
4581,6
4582,7
4583,5
4584,10
4585,3
4586,3
4587,9
4588,4
4589,8
4590,43
4591,67
4592,41
4593,23
4594,21
4595,23
4596,7
4597,3
4598,2
4599,7
4600,4
4601,2
4602,6
4603,7
4604,6
4605,6
4606,26
4607,19
4608,11
4609,10
4610,1
4611,2
4612,2
4613,4
4614,6
4615,6
4616,7
4617,3
4618,9
4619,7
4620,27
4621,28
4622,6
4623,4
4624,6
4625,3
4626,13
4627,4
4628,46
4629,55
4630,3
4631,16
4632,15
4633,27
4634,49
4635,27
4636,9
4637,5
4638,5
4639,3
4640,2
4641,6
4642,7
4643,7
4644,6
4645,9
4646,4
4647,7
4648,16
4649,16
4650,34
4651,35
4652,8
4653,1
4654,1
4655,19
4656,28
4657,10
4658,7
4659,8
4660,2
4661,5
4662,1
4663,8
4664,10
4665,16
4666,17
4667,2
4668,7
4669,1
4670,6
4671,7
4673,3
4674,40
4675,76
4676,94
4677,40
4678,20
4679,10
4680,7
4681,10
4682,6
4683,6
4684,4
4685,10
4686,5
4687,9
4688,30
4689,5
4690,9
4691,6
4692,16
4693,7
4694,14
4695,43
4696,37
4697,53
4698,25
4699,19
4700,16
4701,13
4702,6
4703,1
4704,2
4705,7
4706,9
4707,10
4708,4
4709,5
4710,40
4711,37
4712,9
4713,8
4714,7
4715,10
4716,8
4717,39
4718,42
4719,19
4720,22
4721,91
4722,41
4723,11
4724,7
4725,19
4726,7
4727,18
4728,12
4729,29
4730,29
4731,12
4732,15
4733,4
4734,2
4735,3
4736,12
4737,23
4738,5
4739,8
4740,5
4741,4
4742,2
4743,7
4744,1
4745,8
4746,10
4747,2
4748,12
4749,46
4750,26
4751,13
4752,44
4753,17
4754,12
4755,7
4756,5
4757,7
4758,24
4759,27
4760,15
4761,16
4762,6
4763,4
4764,10
4765,25
4766,9
4767,18
4768,19
4769,16
4770,15
4771,13
4772,20
4773,32
4774,33
4775,5
4776,24
4777,12
4778,11
4779,2
4780,1
4781,4
4782,1
4783,8
4784,11
4785,11
4786,59
4787,105
4788,170
4789,26
4790,21
4791,20
4792,7
4793,28
4794,17
4795,23
4796,18
4797,13
4798,8
4799,46
4800,20
4801,15
4802,9
4803,11
4804,4
4805,14
4806,2
4807,18
4808,7
4809,9
4810,5
4811,17
4812,27
4813,25
4814,18
4815,16
4816,15
4817,7
4818,21
4819,6
4820,2
4821,2
4822,13
4823,5
4824,6
4825,10
4826,12
4827,32
4828,16
4829,9
4830,3
4831,3
4832,7
4833,2
4834,1
4835,3
4836,1
4837,8
4838,11
4839,8
4840,16
4841,4
4842,26
4843,14
4844,12
4845,5
4846,12
4847,11
4848,12
4849,5
4850,2
4851,3
4852,5
4853,30
4854,16
4855,28
4856,10
4857,40
4858,39
4859,47
4860,3
4861,5
4862,3
4863,1
4864,13
4865,7
4866,6
4867,4
4868,2
4869,1
4870,11
4871,14
4872,4
4873,19
4874,10
4875,3
4876,5
4877,12
4878,19
4879,4
4880,1
4881,25
4882,14
4883,12
4884,5
4885,6
4886,6
4887,17
4888,42
4889,49
4890,12
4891,4
4892,1
4893,29
4894,11
4895,8
4896,12
4897,8
4898,11
4899,3
4900,5
4901,12
4902,4
4903,21
4904,14
4905,4
4906,13
4907,1
4908,5
4909,10
4910,10
4911,8
4912,11
4913,6
4914,10
4915,7
4916,15
4917,33
4918,53
4919,41
4920,17
4921,14
4922,8
4923,16
4924,12
4925,9
4926,20
4927,32
4928,61
4930,152
4931,308
4932,202
4933,107
4934,126
4935,138
4936,78
4937,74
4938,106
4939,192
4940,254
4941,219
4942,85
4943,34
4944,15
4945,7
4946,4
4948,6
4949,7
4950,45
4951,32
4953,9
4954,5
4955,3
4956,7
4957,5
4958,11
4959,2
4960,7
4961,7
4962,59
4963,13
4964,29
4965,2
4966,4
4967,6
4968,1
4969,4
4970,12
4971,8
4973,3
4975,3
4976,5
4977,6
4978,35
4979,60
4980,24
4981,8
4982,6
4983,9
4984,9
4985,6
4986,3
4987,8
4988,3
4989,3
4990,2
4991,8
4992,6
4993,18
4994,11
4995,5
4996,1
4997,8
4998,12
4999,15
5000,6
5001,4
5002,9
5003,16
5004,27
5005,9
5007,5
5008,29
5009,10
5010,4
5011,8
5012,7
5013,18
5014,3
5015,18
5017,2
5018,1
5019,2
5020,1
5021,13
5022,3
5023,45
5024,11
5025,17
5026,13
5027,5
5028,14
5029,9
5030,6
5031,10
5032,12
5033,11
5034,9
5035,12
5036,24
5037,1
5038,32
5039,15
5040,8
5041,5
5042,2
5043,8
5044,4
5045,5
5046,15
5047,15
5048,21
5049,28
5050,53
5051,46
5052,24
5053,19
5054,13
5055,13
5056,17
5057,5
5058,10
5059,19
5060,12
5061,16
5062,11
5063,28
5064,21
5065,27
5066,5
5067,3
5068,2
5069,2
5070,9
5071,46
5072,11
5073,45
5074,15
5075,36
5076,32
5077,14
5078,10
5079,6
5080,27
5081,1
5082,3
5083,4
5084,11
5085,8
5086,8
5087,10
5088,23
5089,5
5090,14
5091,4
5092,8
5093,6
5094,12
5095,25
5096,27
5097,4
5098,17
5099,2
5100,3
5101,3
5102,26
5103,18
5104,5
5105,2
5106,1
5108,26
5109,1
5110,8
5111,1
5112,1
5113,6
5114,11
5115,26
5116,35
5118,8
5119,7
5120,15
5121,5
5122,6
5123,5
5124,1
5125,10
5126,18
5127,7
5128,14
5129,11
5130,17
5131,26
5132,25
5133,37
5134,20
5135,50
5136,40
5137,43
5138,40
5139,72
5140,26
5141,1
