0,52427
1,534
2,70
3,96
4,79
5,90
6,37
7,34
8,50
9,72
10,93
11,58
12,186
13,24
14,12
15,21
16,19
17,28
18,25
19,42
20,28
21,12
22,14
23,13
24,7
25,25
26,24
27,10
28,52
29,23
30,8
31,7
32,11
33,16
34,22
35,9
36,20
37,14
38,26
39,8
40,26
41,15
42,29
43,23
44,13
45,25
46,25
47,16
48,15
49,26
50,21
51,14
52,15
53,15
54,28
55,4
56,16
57,28
58,30
59,34
60,20
61,30
62,71
63,58
64,73
65,267
66,73
67,57
68,45
69,66
70,31
71,49
72,75
73,75
74,133
75,44
76,45
77,61
78,68
79,105
80,46
81,45
82,65
83,83
84,134
85,168
86,126
87,95
88,382
89,109
90,95
91,55
92,43
93,88
94,62
95,54
96,66
97,71
98,276
99,90
100,110
101,191
102,175
103,195
104,88
105,155
106,125
107,92
108,74
109,84
110,54
111,50
112,90
113,51
114,76
115,73
116,101
117,129
118,66
119,48
120,51
121,120
122,129
123,48
124,48
125,32
126,18
127,54
128,72
129,100
130,45
131,75
132,69
133,36
134,36
135,60
136,100
137,43
138,25
139,26
140,23
141,26
142,47
143,15
144,24
145,24
146,20
147,46
148,40
149,122
150,43
151,45
152,84
153,95
154,136
155,163
156,66
157,56
158,31
159,82
160,126
161,141
162,143
163,76
164,93
165,102
166,226
167,464
168,164
169,78
170,64
171,59
172,45
173,88
174,43
175,39
176,44
177,31
178,39
179,45
180,81
181,61
182,42
183,53
184,51
185,61
186,69
187,160
188,69
189,113
190,107
191,127
192,201
193,189
194,162
195,123
196,61
197,285
198,125
199,77
200,134
201,115
202,85
203,126
204,86
205,187
206,238
207,218
208,240
209,263
210,140
211,213
212,171
213,121
214,170
215,208
216,454
217,505
218,541
219,347
220,396
221,306
222,286
223,382
224,321
225,509
226,328
227,189
228,186
229,195
230,246
231,404
232,248
233,174
234,144
235,378
236,187
237,122
238,173
239,127
240,173
241,166
242,198
243,160
244,132
245,217
246,188
247,169
248,176
249,200
250,360
251,131
252,140
253,183
254,206
255,212
256,155
257,190
258,208
259,149
260,154
261,204
262,215
263,296
264,299
265,328
266,227
267,329
268,347
269,267
270,303
271,541
272,418
273,401
274,214
275,263
276,292
277,819
278,1671
279,388
280,469
281,417
282,382
283,284
284,224
285,483
286,221
287,373
288,305
289,903
290,483
291,439
292,366
293,387
294,357
295,281
296,235
297,260
298,370
299,217
300,189
301,706
302,438
303,379
304,314
305,297
306,289
307,273
308,226
309,320
310,187
311,219
312,299
313,520
314,569
315,197
316,222
317,244
318,236
319,225
320,123
321,263
322,357
323,484
324,183
325,368
326,381
327,562
328,547
329,351
330,310
331,334
332,255
333,383
334,284
335,295
336,309
337,538
338,497
339,542
340,433
341,303
342,387
343,183
344,307
345,370
346,408
347,347
348,318
349,542
350,432
351,298
352,397
353,144
354,130
355,225
356,288
357,238
358,162
359,166
360,330
361,374
362,236
363,234
364,219
365,279
366,281
367,545
368,832
369,454
370,402
371,508
372,395
373,260
374,256
375,350
376,484
377,337
378,338
379,353
380,459
381,415
382,1119
383,509
384,496
385,504
386,494
387,433
388,556
389,415
390,612
391,812
392,894
393,549
394,688
395,634
396,567
397,785
398,843
399,909
400,630
401,588
402,783
403,528
404,648
405,652
406,826
407,696
408,961
409,474
410,681
411,797
412,602
413,1357
414,1051
415,922
416,832
417,961
418,1081
419,838
420,844
421,918
422,863
423,1019
424,898
425,1347
426,1076
427,1048
428,1672
429,761
430,754
431,940
432,1015
433,1010
434,1618
435,1217
436,1194
437,1616
438,1821
439,1508
440,2126
441,1897
442,1951
443,1727
444,939
445,1025
446,915
447,834
448,898
449,991
450,915
451,1994
452,1058
453,915
454,1136
455,1010
456,1691
457,1124
458,1504
459,2003
460,2074
461,1855
462,2483
463,2481
464,2723
465,1801
466,2379
467,2141
468,1923
469,2133
470,2573
471,2380
472,3128
473,3067
474,3066
475,2235
476,2589
477,2061
478,2358
479,2517
480,1977
481,1998
482,1957
483,2627
484,1995
485,2109
486,2048
487,2520
488,2425
489,3154
490,2938
491,3629
492,3866
493,3436
494,3375
495,3471
496,3192
497,3337
498,3152
499,2951
500,5685
501,3829
502,4186
503,3466
504,4048
505,4212
506,4344
507,4379
508,3985
509,4651
510,3647
511,4474
512,5410
513,6084
514,5804
515,5382
516,6967
517,5694
518,5755
519,6994
520,6002
521,7066
522,6615
523,6960
524,6347
525,6376
526,7323
527,7311
528,9455
529,7156
530,7547
531,6446
532,6516
533,6752
534,8366
535,7380
536,7605
537,8345
538,8280
539,9296
540,9773
541,11214
542,10522
543,10238
544,11395
545,10576
546,12297
547,12237
548,12010
549,12047
550,12635
551,14251
552,17760
553,14950
554,15654
555,15009
556,15502
557,16961
558,17908
559,16085
560,18036
561,23121
562,19090
563,21815
564,21864
565,21720
566,28781
567,27489
568,28925
569,36997
570,31282
571,32934
572,33527
573,36628
574,37101
575,41488
576,41811
577,43905
578,47535
579,57209
580,58421
581,61632
582,68311
583,72265
584,93802
585,98768
586,101295
587,118775
588,138822
589,149934
590,162776
591,193216
592,232630
593,277542
594,381539
595,461943
596,586316
597,816089
598,1285166
599,2863895
600,28334887
601,39330
602,26654
603,26272
604,25777
605,27060
606,27335
607,27912
608,26803
609,26426
610,28438
611,26412
612,26562
613,28013
614,27536
615,27582
616,26417
617,24636
618,21604
619,21591
620,19209
621,19690
622,18995
623,18409
624,20378
625,18769
626,18068
627,19082
628,17757
629,17777
630,19673
631,19316
632,16970
633,20244
634,22214
635,21818
636,19210
637,19331
638,17333
639,19947
640,19203
641,16830
642,17214
643,15293
644,14906
645,14427
646,16313
647,19398
648,18867
649,18597
650,18288
651,20740
652,20467
653,15729
654,15767
655,15547
656,18499
657,17725
658,17118
659,18809
660,14814
661,17533
662,15226
663,16327
664,14597
665,15376
666,14828
667,15878
668,16542
669,16866
670,17337
671,18894
672,17362
673,16883
674,15361
675,16745
676,16165
677,16982
678,16463
679,16044
680,16205
681,14135
682,13328
683,12386
684,14177
685,13473
686,11912
687,12754
688,13841
689,15654
690,14588
691,15455
692,15733
693,16038
694,17084
695,18035
696,16321
697,15244
698,12780
699,13294
700,13731
701,13539
702,14058
703,13310
704,12924
705,12948
706,14215
707,12779
708,10731
709,12194
710,11427
711,13136
712,13240
713,14446
714,15312
715,12571
716,11667
717,9470
718,11832
719,12512
720,11369
721,10139
722,10587
723,9482
724,10706
725,8721
726,10670
727,9678
728,9809
729,9008
730,9227
731,9747
732,9790
733,9019
734,10216
735,9861
736,9845
737,9495
738,10581
739,11778
740,12828
741,11708
742,9310
743,9259
744,9125
745,9582
746,10461
747,10604
748,9708
749,9466
750,9866
751,10604
752,8477
753,8317
754,8229
755,8738
756,9736
757,8538
758,9001
759,10030
760,8903
761,8568
762,10140
763,10358
764,8164
765,9598
766,10258
767,11860
768,9467
769,8744
770,9112
771,9155
772,8773
773,9193
774,8506
775,8254
776,7689
777,7739
778,8297
779,7627
780,7432
781,7262
782,7796
783,8955
784,9341
785,10241
786,9739
787,9243
788,10170
789,8312
790,8301
791,7733
792,7757
793,8543
794,8954
795,7470
796,8400
797,9031
798,10700
799,13260
800,14870
801,14375
802,13002
803,11241
804,10386
805,9591
806,7991
807,7490
808,6131
809,6609
810,7390
811,8698
812,8835
813,8532
814,8199
815,10184
816,8155
817,8427
818,8383
819,8830
820,10879
821,11375
822,11685
823,12469
824,13942
825,15780
826,13588
827,12653
828,11929
829,12047
830,12689
831,12623
832,11621
833,10966
834,12199
835,13496
836,14356
837,13942
838,14428
839,13285
840,11145
841,11430
842,10011
843,8381
844,8064
845,9167
846,9081
847,8453
848,8687
849,9916
850,7786
851,8699
852,8094
853,8942
854,9930
855,10638
856,11289
857,10668
858,11399
859,13128
860,11933
861,11285
862,10458
863,10376
864,12170
865,11895
866,15244
867,13989
868,14125
869,14616
870,14118
871,11425
872,12185
873,14323
874,14183
875,11425
876,11990
877,11843
878,12581
879,14213
880,14031
881,14924
882,12377
883,12237
884,12592
885,15926
886,16055
887,14123
888,13496
889,12245
890,14266
891,12882
892,14040
893,10426
894,9819
895,9345
896,8534
897,8854
898,9366
899,10468
900,12242
901,13543
902,13030
903,14913
904,16063
905,21073
906,23531
907,24886
908,25475
909,26922
910,23316
911,22088
912,21974
913,22776
914,18979
915,17892
916,18953
917,17369
918,17660
919,16130
920,15169
921,14136
922,11434
923,9855
924,9715
925,11037
926,11322
927,9624
928,8153
929,9935
930,8972
931,8627
932,8356
933,8544
934,9796
935,11159
936,11663
937,10832
938,7753
939,7287
940,6320
941,7976
942,8236
943,8380
944,7960
945,6956
946,5830
947,6470
948,6336
949,7249
950,7431
951,7999
952,8921
953,8208
954,7430
955,6822
956,6700
957,7055
958,8015
959,8812
960,7766
961,8002
962,7346
963,7490
964,7823
965,8913
966,8371
967,7753
968,6712
969,7058
970,7780
971,7439
972,7646
973,8706
974,8557
975,7779
976,7928
977,8225
978,7478
979,8032
980,7244
981,6978
982,6634
983,7365
984,6962
985,7192
986,7187
987,7846
988,6342
989,7264
990,7148
991,7439
992,6911
993,7409
994,7499
995,7617
996,6598
997,6378
998,6923
999,6922
1000,7427
1001,8023
1002,7678
1003,6778
1004,7257
1005,7524
1006,6879
1007,5853
1008,6650
1009,6017
1010,6319
1011,6406
1012,7002
1013,7002
1014,6655
1015,6132
1016,6288
1017,6084
1018,6167
1019,6243
1020,5148
1021,5373
1022,5870
1023,6180
1024,6139
1025,6389
1026,5872
1027,5530
1028,6078
1029,6005
1030,5674
1031,5475
1032,5491
1033,5329
1034,5041
1035,4887
1036,4991
1037,5483
1038,5696
1039,6132
1040,6710
1041,6634
1042,5462
1043,6124
1044,6368
1045,6702
1046,8115
1047,8318
1048,7954
1049,7305
1050,6970
1051,7110
1052,6923
1053,6358
1054,5535
1055,6284
1056,6430
1057,6191
1058,5885
1059,6214
1060,6431
1061,5987
1062,5582
1063,5713
1064,5342
1065,5485
1066,6050
1067,5749
1068,5859
1069,6282
1070,7688
1071,7105
1072,7144
1073,6496
1074,6381
1075,6861
1076,7028
1077,5820
1078,5570
1079,5119
1080,5359
1081,4735
1082,5180
1083,5609
1084,6420
1085,5638
1086,6616
1087,6799
1088,5742
1089,6423
1090,5859
1091,6690
1092,7665
1093,6786
1094,6659
1095,6817
1096,5399
1097,5050
1098,4743
1099,4324
1100,4379
1101,5063
1102,4906
1103,5398
1104,5240
1105,5497
1106,5857
1107,5695
1108,7042
1109,6940
1110,6946
1111,6159
1112,6980
1113,6652
1114,6903
1115,6009
1116,5795
1117,5266
1118,4959
1119,5517
1120,5187
1121,5890
1122,6010
1123,6007
1124,5504
1125,5543
1126,5245
1127,5009
1128,5050
1129,4573
1130,4917
1131,4866
1132,5769
1133,5605
1134,5715
1135,6397
1136,6102
1137,6418
1138,6632
1139,5630
1140,5781
1141,5215
1142,4737
1143,5313
1144,4703
1145,4217
1146,4577
1147,5143
1148,5442
1149,6097
1150,5834
1151,6497
1152,5983
1153,5763
1154,5230
1155,4524
1156,5134
1157,5534
1158,5885
1159,5147
1160,5292
1161,5263
1162,5475
1163,5311
1164,5660
1165,4705
1166,4644
1167,5486
1168,5163
1169,4822
1170,4642
1171,3941
1172,4360
1173,4456
1174,4097
1175,4697
1176,4743
1177,4812
1178,4544
1179,4339
1180,4022
1181,4145
1182,4189
1183,4319
1184,3734
1185,3598
1186,4082
1187,4073
1188,4162
1189,3958
1190,3668
1191,3910
1192,4338
1193,3800
1194,4212
1195,3661
1196,3892
1197,3261
1198,2995
1199,3589
1200,4247
1201,4126
1202,3657
1203,3464
1204,4167
1205,3483
1206,3811
1207,4374
1208,4219
1209,4269
1210,4906
1211,4846
1212,4915
1213,4499
1214,4731
1215,4996
1216,4938
1217,4943
1218,5508
1219,6382
1220,6532
1221,7050
1222,11078
1223,6732
1224,7527
1225,7130
1226,6939
1227,6122
1228,6350
1229,6923
1230,6204
1231,6271
1232,6362
1233,6420
1234,6672
1235,7200
1236,7637
1237,9090
1238,7865
1239,9037
1240,9529
1241,9510
1242,8437
1243,7983
1244,6638
1245,6639
1246,6155
1247,5904
1248,5623
1249,5953
1250,5726
1251,6555
1252,6740
1253,6952
1254,7447
1255,8815
1256,9357
1257,10102
1258,10254
1259,9815
1260,9496
1261,8740
1262,8319
1263,7513
1264,6459
1265,8698
1266,7106
1267,7966
1268,8286
1269,7992
1270,8010
1271,7756
1272,8371
1273,6757
1274,6537
1275,6025
1276,4700
1277,5104
1278,5582
1279,6320
1280,5842
1281,5155
1282,4784
1283,4443
1284,4477
1285,4678
1286,4213
1287,4053
1288,4485
1289,5002
1290,4447
1291,5407
1292,5675
1293,5029
1294,5010
1295,4097
1296,3637
1297,3850
1298,4474
1299,5518
1300,5147
1301,5462
1302,5162
1303,5253
1304,4833
1305,4736
1306,5392
1307,5074
1308,5204
1309,5428
1310,4915
1311,6994
1312,5457
1313,4407
1314,3764
1315,3708
1316,5274
1317,5498
1318,5090
1319,6296
1320,5098
1321,5288
1322,4852
1323,4889
1324,5079
1325,5590
1326,5825
1327,4263
1328,5571
1329,4578
1330,4841
1331,4740
1332,4223
1333,4100
1334,4288
1335,3592
1336,3565
1337,3588
1338,4569
1339,3756
1340,3446
1341,3689
1342,3098
1343,3298
1344,3805
1345,5053
1346,5196
1347,5884
1348,4739
1349,4474
1350,3908
1351,3211
1352,3511
1353,3729
1354,3983
1355,3089
1356,3710
1357,4182
1358,4279
1359,4099
1360,3616
1361,4204
1362,4137
1363,3703
1364,3576
1365,4249
1366,5349
1367,4766
1368,3068
1369,2880
1370,3768
1371,4208
1372,3554
1373,3250
1374,3017
1375,3886
1376,3102
1377,3522
1378,4359
1379,5173
1380,5213
1381,4898
1382,5056
1383,4219
1384,4048
1385,5218
1386,4902
1387,3764
1388,2665
1389,2574
1390,3916
1391,3418
1392,3615
1393,3842
1394,4569
1395,5232
1396,4873
1397,3998
1398,4151
1399,3556
1400,3070
1401,3722
1402,4194
1403,4961
1404,4093
1405,3987
1406,4306
1407,4469
1408,3684
1409,3593
1410,4839
1411,5698
1412,5502
1413,5026
1414,5137
1415,6379
1416,5215
1417,5348
1418,5546
1419,5480
1420,4833
1421,5211
1422,5355
1423,5048
1424,5404
1425,5275
1426,4307
1427,3531
1428,4247
1429,4179
1430,2983
1431,2831
1432,4105
1433,4399
1434,4481
1435,4391
1436,4529
1437,5437
1438,4565
1439,3391
1440,3348
1441,3544
1442,3475
1443,2655
1444,3156
1445,4284
1446,3619
1447,4073
1448,3438
1449,3208
1450,3871
1451,4067
1452,3743
1453,3233
1454,3790
1455,3017
1456,3897
1457,4831
1458,4423
1459,4450
1460,3873
1461,3247
1462,3901
1463,3218
1464,4202
1465,4613
1466,4027
1467,4047
1468,3509
1469,3509
1470,4051
1471,4649
1472,3470
1473,3823
1474,2999
1475,3744
1476,2518
1477,3588
1478,3552
1479,4327
1480,4841
1481,4282
1482,5206
1483,5215
1484,4790
1485,4602
1486,3665
1487,3957
1488,4879
1489,4814
1490,4787
1491,4775
1492,4764
1493,3573
1494,3033
1495,3232
1496,2471
1497,2841
1498,2676
1499,2453
1500,2418
1501,2207
1502,2629
1503,2452
1504,2810
1505,2179
1506,3020
1507,1922
1508,2535
1509,2688
1510,2736
1511,2164
1512,3272
1513,3504
1514,4703
1515,3739
1516,3899
1517,2850
1518,3218
1519,2657
1520,2956
1521,3083
1522,3368
1523,3943
1524,3260
1525,4493
1526,3227
1527,3497
1528,3905
1529,3846
1530,4041
1531,4510
1532,3644
1533,3249
1534,3087
1535,3044
1536,2534
1537,2943
1538,2743
1539,2775
1540,3435
1541,2623
1542,3437
1543,2326
1544,3250
1545,2392
1546,2953
1547,2027
1548,3059
1549,2678
1550,3337
1551,2220
1552,3184
1553,2960
1554,3467
1555,2927
1556,3073
1557,2803
1558,2948
1559,2661
1560,3072
1561,2827
1562,3144
1563,2714
1564,2766
1565,1974
1566,2241
1567,2788
1568,2922
1569,2923
1570,2408
1571,2611
1572,2214
1573,2584
1574,2885
1575,1824
1576,2167
1577,2664
1578,2150
1579,2769
1580,3238
1581,2435
1582,3484
1583,2595
1584,3509
1585,2571
1586,2384
1587,2912
1588,2047
1589,2315
1590,2464
1591,2425
1592,2273
1593,2667
1594,3318
1595,3590
1596,4365
1597,2794
1598,1758
1599,1833
1600,1743
1601,1670
1602,2028
1603,3205
1604,2959
1605,1893
1606,1894
1607,1964
1608,2749
1609,2617
1610,1800
1611,1676
1612,1800
1613,3371
1614,1468
1615,1837
1616,2029
1617,1685
1618,2825
1619,2800
1620,2582
1621,2712
1622,2984
1623,2180
1624,3247
1625,3164
1626,2851
1627,2276
1628,2114
1629,2451
1630,2488
1631,2555
1632,2790
1633,2713
1634,2927
1635,2849
1636,3460
1637,2203
1638,2217
1639,2472
1640,2067
1641,1665
1642,2227
1643,1701
1644,2221
1645,1960
1646,2391
1647,2994
1648,3176
1649,1793
1650,1604
1651,3686
1652,2861
1653,2421
1654,2012
1655,2465
1656,2907
1657,2231
1658,2556
1659,2387
1660,1785
1661,2051
1662,2207
1663,2240
1664,1783
1665,1917
1666,2202
1667,2297
1668,2446
1669,2287
1670,3118
1671,1549
1672,2138
1673,2797
1674,2856
1675,1695
1676,1816
1677,1662
1678,2740
1679,1992
1680,1750
1681,1374
1682,1680
1683,1695
1684,2490
1685,2155
1686,1999
1687,2529
1688,2864
1689,3054
1690,4795
1691,3752
1692,3364
1693,2786
1694,2098
1695,2751
1696,2195
1697,2649
1698,2368
1699,2949
1700,2775
1701,2312
1702,2503
1703,2720
1704,2238
1705,2778
1706,2707
1707,3933
1708,3597
1709,4873
1710,4253
1711,3647
1712,4681
1713,5277
1714,4850
1715,4036
1716,2805
1717,2466
1718,2285
1719,2548
1720,2110
1721,2513
1722,2799
1723,2691
1724,2560
1725,2502
1726,2899
1727,3351
1728,1992
1729,3052
1730,3176
1731,4114
1732,4361
1733,4313
1734,3273
1735,2686
1736,2236
1737,1524
1738,1623
1739,2055
1740,1887
1741,2369
1742,1490
1743,2210
1744,2318
1745,1754
1746,2039
1747,2014
1748,2344
1749,3112
1750,3384
1751,3521
1752,3172
1753,3162
1754,2913
1755,1833
1756,2138
1757,2302
1758,2396
1759,2187
1760,2403
1761,2256
1762,2486
1763,2477
1764,1592
1765,1938
1766,1653
1767,2099
1768,1819
1769,2110
1770,2146
1771,2937
1772,2537
1773,2992
1774,2070
1775,2991
1776,2088
1777,3816
1778,3643
1779,3858
1780,2535
1781,2677
1782,3344
1783,3367
1784,3405
1785,3726
1786,2703
1787,3571
1788,3904
1789,2584
1790,2644
1791,2777
1792,2617
1793,2241
1794,2278
1795,2691
1796,1787
1797,1823
1798,1552
1799,2200
1800,2355
1801,2630
1802,2923
1803,2456
1804,3608
1805,4052
1806,3844
1807,3552
1808,2727
1809,3126
1810,3539
1811,3593
1812,2680
1813,1953
1814,2701
1815,2468
1816,1913
1817,2325
1818,2044
1819,3057
1820,2345
1821,2418
1822,1549
1823,1259
1824,823
1825,1152
1826,1833
1827,2032
1828,2320
1829,2685
1830,3281
1831,2934
1832,3073
1833,4072
1834,3125
1835,1861
1836,2005
1837,2535
1838,3030
1839,1809
1840,2107
1841,1975
1842,2164
1843,1244
1844,965
1845,1045
1846,1004
1847,1581
1848,1738
1849,1395
1850,1538
1851,1706
1852,2522
1853,1719
1854,1850
1855,1783
1856,1426
1857,1764
1858,2211
1859,1654
1860,2547
1861,3407
1862,4184
1863,2799
1864,1851
1865,1694
1866,2069
1867,2258
1868,1788
1869,2158
1870,2522
1871,2348
1872,2086
1873,1835
1874,2566
1875,2679
1876,2254
1877,2760
1878,2614
1879,2659
1880,2368
1881,2981
1882,3395
1883,3160
1884,2725
1885,2174
1886,2029
1887,1360
1888,1769
1889,2437
1890,2893
1891,3450
1892,3582
1893,4084
1894,3449
1895,3236
1896,2925
1897,2465
1898,3907
1899,4844
1900,4132
1901,3824
1902,3676
1903,4403
1904,5484
1905,5994
1906,5637
1907,5349
1908,5561
1909,5867
1910,6913
1911,6991
1912,7073
1913,5556
1914,4040
1915,4275
1916,4489
1917,3530
1918,1855
1919,1461
1920,559
1921,462
1922,942
1923,708
1924,682
1925,802
1926,498
1927,607
1928,953
1929,742
1930,415
1931,721
1932,730
1933,625
1934,660
1935,684
1936,566
1937,873
1938,969
1939,754
1940,587
1941,778
1942,736
1943,854
1944,940
1945,710
1946,556
1947,511
1948,866
1949,728
1950,653
1951,712
1952,723
1953,772
1954,824
1955,925
1956,892
1957,848
1958,603
1959,509
1960,591
1961,527
1962,547
1963,613
1964,692
1965,692
1966,547
1967,615
1968,571
1969,646
1970,782
1971,700
1972,511
1973,683
1974,783
1975,589
1976,627
1977,512
1978,464
1979,548
1980,622
1981,550
1982,735
1983,613
1984,589
1985,737
1986,799
1987,715
1988,519
1989,440
1990,386
1991,468
1992,645
1993,879
1994,938
1995,874
1996,401
1997,504
1998,669
1999,666
2000,402
2001,441
2002,537
2003,515
2004,551
2005,653
2006,640
2007,374
2008,495
2009,799
2010,1023
2011,1117
2012,798
2013,1091
2014,1005
2015,892
2016,646
2017,585
2018,509
2019,588
2020,662
2021,798
2022,741
2023,1029
2024,802
2025,673
2026,534
2027,570
2028,610
2029,629
2030,802
2031,913
2032,620
2033,599
2034,902
2035,950
2036,779
2037,804
2038,657
2039,342
2040,308
2041,318
2042,380
2043,369
2044,367
2045,465
2046,383
2047,342
2048,355
2049,355
2050,383
2051,540
2052,586
2053,490
2054,467
2055,526
2056,491
2057,490
2058,554
2059,524
2060,578
2061,732
2062,651
2063,770
2064,606
2065,558
2066,743
2067,674
2068,738
2069,800
2070,716
2071,554
2072,554
2073,561
2074,576
2075,565
2076,624
2077,755
2078,1123
2079,820
2080,1348
2081,449
2082,410
2083,436
2084,452
2085,360
2086,407
2087,441
2088,482
2089,458
2090,560
2091,524
2092,530
2093,578
2094,599
2095,459
2096,389
2097,363
2098,411
2099,415
2100,428
2101,363
2102,465
2103,398
2104,619
2105,579
2106,577
2107,542
2108,498
2109,478
2110,503
2111,417
2112,595
2113,426
2114,390
2115,415
2116,391
2117,533
2118,443
2119,426
2120,497
2121,440
2122,546
2123,456
2124,446
2125,479
2126,645
2127,623
2128,622
2129,465
2130,395
2131,384
2132,405
2133,416
2134,402
2135,478
2136,346
2137,322
2138,417
2139,384
2140,471
2141,675
2142,601
2143,548
2144,708
2145,606
2146,487
2147,667
2148,837
2149,733
2150,659
2151,741
2152,824
2153,880
2154,940
2155,1029
2156,932
2157,1141
2158,1334
2159,1065
2160,827
2161,893
2162,1092
2163,813
2164,558
2165,695
2166,907
2167,1037
2168,941
2169,877
2170,630
2171,590
2172,535
2173,490
2174,408
2175,391
2176,449
2177,464
2178,418
2179,675
2180,628
2181,529
2182,613
2183,686
2184,703
2185,855
2186,950
2187,685
2188,677
2189,655
2190,483
2191,477
2192,515
2193,609
2194,630
2195,817
2196,751
2197,766
2198,671
2199,657
2200,601
2201,743
2202,901
2203,999
2204,1043
2205,899
2206,736
2207,1030
2208,838
2209,1004
2210,1169
2211,1742
2212,1170
2213,1071
2214,914
2215,986
2216,1247
2217,2067
2218,1673
2219,1432
2220,1148
2221,1229
2222,1037
2223,776
2224,816
2225,908
2226,794
2227,887
2228,929
2229,904
2230,889
2231,742
2232,783
2233,729
2234,694
2235,676
2236,1018
2237,771
2238,620
2239,462
2240,463
2241,487
2242,548
2243,466
2244,391
2245,394
2246,727
2247,801
2248,802
2249,952
2250,438
2251,529
2252,482
2253,559
2254,514
2255,493
2256,526
2257,385
2258,360
2259,480
2260,489
2261,657
2262,628
2263,775
2264,498
2265,500
2266,612
2267,604
2268,947
2269,579
2270,638
2271,585
2272,735
2273,985
2274,906
2275,940
2276,742
2277,797
2278,832
2279,1141
2280,775
2281,620
2282,708
2283,755
2284,808
2285,837
2286,983
2287,961
2288,643
2289,537
2290,666
2291,577
2292,574
2293,741
2294,987
2295,819
2296,971
2297,1077
2298,864
2299,882
2300,919
2301,892
2302,1052
2303,1016
2304,929
2305,753
2306,787
2307,744
2308,710
2309,866
2310,1323
2311,1026
2312,1139
2313,1297
2314,1010
2315,942
2316,1066
2317,1057
2318,1249
2319,1126
2320,986
2321,1488
2322,1483
2323,1680
2324,1562
2325,1330
2326,1344
2327,1444
2328,1615
2329,1648
2330,943
2331,1037
2332,1381
2333,1187
2334,1305
2335,1361
2336,1260
2337,1442
2338,1291
2339,1396
2340,1423
2341,1288
2342,1106
2343,1125
2344,1154
2345,1126
2346,1199
2347,853
2348,787
2349,848
2350,976
2351,825
2352,709
2353,575
2354,744
2355,979
2356,590
2357,585
2358,534
2359,668
2360,679
2361,585
2362,642
2363,568
2364,768
2365,720
2366,899
2367,723
2368,792
2369,703
2370,719
2371,627
2372,871
2373,748
2374,647
2375,630
2376,648
2377,847
2378,675
2379,665
2380,728
2381,787
2382,671
2383,855
2384,786
2385,810
2386,759
2387,643
2388,643
2389,554
2390,561
2391,659
2392,478
2393,536
2394,551
2395,1249
2396,541
2397,428
2398,654
2399,797
2400,718
2401,732
2402,534
2403,724
2404,605
2405,644
2406,688
2407,569
2408,573
2409,451
2410,682
2411,850
2412,714
2413,670
2414,703
2415,909
2416,742
2417,643
2418,697
2419,888
2420,1118
2421,1163
2422,871
2423,932
2424,843
2425,1020
2426,990
2427,750
2428,583
2429,867
2430,842
2431,849
2432,957
2433,1072
2434,1058
2435,1095
2436,766
2437,639
2438,600
2439,463
2440,625
2441,757
2442,786
2443,653
2444,741
2445,686
2446,394
2447,569
2448,628
2449,623
2450,583
2451,895
2452,1047
2453,973
2454,1647
2455,738
2456,496
2457,513
2458,662
2459,699
2460,781
2461,779
2462,716
2463,649
2464,637
2465,570
2466,638
2467,626
2468,751
2469,890
2470,770
2471,632
2472,396
2473,331
2474,351
2475,439
2476,462
2477,814
2478,745
2479,627
2480,638
2481,595
2482,738
2483,774
2484,774
2485,720
2486,597
2487,569
2488,558
2489,669
2490,678
2491,622
2492,716
2493,711
2494,686
2495,695
2496,1207
2497,1074
2498,1213
2499,1555
2500,1638
2501,1565
2502,1294
2503,1720
2504,1656
2505,1702
2506,1617
2507,1729
2508,1600
2509,1486
2510,1577
2511,2070
2512,1843
2513,1898
2514,1779
2515,1447
2516,1827
2517,1791
2518,1975
2519,1761
2520,1504
2521,1146
2522,1052
2523,960
2524,816
2525,892
2526,1323
2527,1562
2528,774
2529,631
2530,623
2531,570
2532,772
2533,796
2534,916
2535,880
2536,971
2537,1912
2538,777
2539,702
2540,817
2541,966
2542,791
2543,633
2544,598
2545,748
2546,754
2547,658
2548,705
2549,735
2550,869
2551,863
2552,734
2553,558
2554,388
2555,526
2556,444
2557,484
2558,475
2559,471
2560,420
2561,468
2562,475
2563,414
2564,533
2565,456
2566,396
2567,455
2568,372
2569,418
2570,302
2571,432
2572,473
2573,444
2574,351
2575,367
2576,405
2577,381
2578,367
2579,501
2580,472
2581,291
2582,296
2583,390
2584,234
2585,275
2586,361
2587,507
2588,373
2589,411
2590,754
2591,746
2592,823
2593,615
2594,527
2595,554
2596,581
2597,586
2598,686
2599,558
2600,499
2601,390
2602,484
2603,510
2604,459
2605,348
2606,551
2607,584
2608,584
2609,770
2610,726
2611,691
2612,724
2613,669
2614,656
2615,704
2616,815
2617,562
2618,557
2619,417
2620,415
2621,455
2622,413
2623,407
2624,311
2625,358
2626,372
2627,390
2628,360
2629,410
2630,478
2631,408
2632,397
2633,455
2634,502
2635,507
2636,499
2637,623
2638,802
2639,502
2640,466
2641,465
2642,442
2643,423
2644,300
2645,331
2646,356
2647,320
2648,352
2649,355
2650,485
2651,346
2652,372
2653,368
2654,286
2655,316
2656,461
2657,364
2658,414
2659,481
2660,353
2661,333
2662,417
2663,378
2664,355
2665,343
2666,377
2667,276
2668,323
2669,389
2670,496
2671,450
2672,397
2673,356
2674,541
2675,410
2676,405
2677,381
2678,406
2679,439
2680,481
2681,571
2682,482
2683,274
2684,346
2685,290
2686,240
2687,346
2688,436
2689,499
2690,564
2691,600
2692,622
2693,407
2694,365
2695,343
2696,400
2697,374
2698,432
2699,267
2700,464
2701,490
2702,570
2703,565
2704,603
2705,553
2706,411
2707,432
2708,422
2709,345
2710,438
2711,416
2712,431
2713,480
2714,496
2715,362
2716,478
2717,424
2718,506
2719,1161
2720,1374
2721,580
2722,597
2723,620
2724,735
2725,1047
2726,881
2727,741
2728,665
2729,633
2730,677
2731,679
2732,762
2733,695
2734,677
2735,828
2736,845
2737,609
2738,468
2739,477
2740,483
2741,472
2742,369
2743,456
2744,459
2745,310
2746,374
2747,378
2748,281
2749,221
2750,303
2751,303
2752,211
2753,305
2754,387
2755,362
2756,354
2757,368
2758,376
2759,486
2760,428
2761,398
2762,312
2763,275
2764,186
2765,183
2766,131
2767,205
2768,142
2769,143
2770,179
2771,233
2772,224
2773,263
2774,166
2775,142
2776,153
2777,148
2778,115
2779,162
2780,241
2781,127
2782,52
2783,58
2784,59
2785,104
2786,52
2787,48
2788,170
2789,195
2790,149
2791,222
2792,190
2793,187
2794,261
2795,171
2796,95
2797,76
2798,57
2799,44
2800,57
2801,55
2802,53
2803,53
2804,85
2805,40
2806,75
2807,140
2808,145
2809,174
2810,65
2811,54
2812,90
2813,90
2814,91
2815,83
2816,78
2817,129
2818,49
2819,76
2820,107
2821,52
2822,63
2823,55
2824,41
2825,44
2826,46
2827,54
2828,60
2829,47
2830,29
2831,79
2832,101
2833,117
2834,120
2835,162
2836,79
2837,61
2838,93
2839,81
2840,55
2841,41
2842,52
2843,71
2844,121
2845,158
2846,143
2847,122
2848,85
2849,70
2850,85
2851,69
2852,94
2853,167
2854,181
2855,399
2856,348
2857,468
2858,586
2859,502
2860,647
2861,490
2862,357
2863,194
2864,214
2865,63
2866,87
2867,83
2868,118
2869,79
2870,67
2871,86
2872,56
2873,130
2874,210
2875,142
2876,101
2877,109
2878,66
2879,146
2880,127
2881,89
2882,146
2883,187
2884,111
2885,82
2886,123
2887,109
2888,98
2889,92
2890,112
2891,88
2892,103
2893,189
2894,107
2895,149
2896,138
2897,94
2898,80
2899,97
2900,236
2901,108
2902,107
2903,146
2904,101
2905,99
2906,97
2907,51
2908,65
2909,97
2910,150
2911,127
2912,116
2913,159
2914,89
2915,59
2916,42
2917,74
2918,100
2919,70
2920,149
2921,113
2922,180
2923,239
2924,194
2925,63
2926,58
2927,28
2928,48
2929,36
2930,35
2931,26
2932,24
2933,15
2934,50
2935,94
2936,105
2937,98
2938,134
2939,117
2940,135
2941,106
2942,257
2943,524
2944,561
2945,484
2946,405
2947,448
2948,603
2949,699
2950,620
2951,496
2952,528
2953,552
2954,383
2955,306
2956,268
2957,384
2958,285
2959,407
2960,272
2961,312
2962,221
2963,319
2964,228
2965,275
2966,345
2967,263
2968,258
2969,263
2970,362
2971,402
2972,326
2973,420
2974,375
2975,332
2976,399
2977,258
2978,372
2979,375
2980,308
2981,225
2982,185
2983,211
2984,112
2985,152
2986,156
2987,184
2988,153
2989,86
2990,81
2991,106
2992,82
2993,69
2994,77
2995,128
2996,172
2997,166
2998,106
2999,72
3000,78
3001,66
3002,70
3003,84
3004,95
3005,110
3006,110
3007,73
3008,37
3009,37
3010,58
3011,65
3012,49
3013,61
3014,85
3015,91
3016,105
3017,90
3018,60
3019,92
3020,59
3021,100
3022,114
3023,51
3024,68
3025,58
3026,97
3027,148
3028,140
3029,138
3030,75
3031,87
3032,97
3033,95
3034,114
3035,118
3036,80
3037,67
3038,96
3039,64
3040,107
3041,109
3042,81
3043,116
3044,179
3045,141
3046,120
3047,99
3048,155
3049,88
3050,68
3051,113
3052,176
3053,90
3054,72
3055,152
3056,191
3057,169
3058,153
3059,143
3060,178
3061,176
3062,154
3063,133
3064,164
3065,121
3066,122
3067,139
3068,167
3069,268
3070,197
3071,237
3072,316
3073,334
3074,226
3075,243
3076,225
3077,91
3078,67
3079,97
3080,84
3081,55
3082,89
3083,79
3084,76
3085,102
3086,114
3087,82
3088,84
3089,78
3090,38
3091,91
3092,145
3093,60
3094,73
3095,86
3096,115
3097,138
3098,83
3099,70
3100,77
3101,99
3102,94
3103,74
3104,63
3105,61
3106,48
3107,48
3108,53
3109,68
3110,67
3111,55
3112,52
3113,106
3114,127
3115,103
3116,54
3117,53
3118,66
3119,129
3120,131
3121,57
3122,81
3123,47
3124,42
3125,48
3126,50
3127,31
3128,25
3129,36
3130,50
3131,35
3132,39
3133,27
3134,74
3135,251
3136,101
3137,128
3138,166
3139,101
3140,71
3141,48
3142,102
3143,86
3144,130
3145,194
3146,234
3147,68
3148,89
3149,111
3150,85
3151,62
3152,73
3153,233
3154,411
3155,395
3156,483
3157,431
3158,412
3159,320
3160,388
3161,390
3162,314
3163,338
3164,259
3165,162
3166,273
3167,187
3168,154
3169,485
3170,389
3171,321
3172,284
3173,310
3174,170
3175,189
3176,130
3177,151
3178,234
3179,176
3180,187
3181,174
3182,276
3183,242
3184,185
3185,182
3186,224
3187,195
3188,217
3189,229
3190,206
3191,216
3192,199
3193,210
3194,149
3195,217
3196,195
3197,262
3198,225
3199,269
3200,246
3201,257
3202,291
3203,325
3204,304
3205,312
3206,292
3207,207
3208,171
3209,175
3210,196
3211,146
3212,171
3213,185
3214,181
3215,191
3216,183
3217,235
3218,243
3219,184
3220,260
3221,267
3222,137
3223,147
3224,191
3225,173
3226,233
3227,264
3228,273
3229,255
3230,213
3231,252
3232,234
3233,341
3234,435
3235,559
3236,454
3237,438
3238,376
3239,377
3240,317
3241,428
3242,351
3243,338
3244,444
3245,316
3246,408
3247,382
3248,441
3249,426
3250,343
3251,211
3252,166
3253,210
3254,263
3255,233
3256,221
3257,254
3258,262
3259,300
3260,217
3261,213
3262,292
3263,212
3264,235
3265,219
3266,259
3267,214
3268,218
3269,241
3270,231
3271,197
3272,119
3273,141
3274,193
3275,287
3276,175
3277,223
3278,193
3279,271
3280,234
3281,254
3282,294
3283,260
3284,275
3285,177
3286,174
3287,163
3288,205
3289,167
3290,191
3291,189
3292,231
3293,205
3294,233
3295,159
3296,172
3297,168
3298,189
3299,263
3300,271
3301,167
3302,187
3303,182
3304,150
3305,219
3306,197
3307,195
3308,222
3309,190
3310,136
3311,151
3312,206
3313,279
3314,261
3315,187
3316,363
3317,312
3318,277
3319,261
3320,193
3321,256
3322,314
3323,375
3324,383
3325,306
3326,279
3327,308
3328,239
3329,287
3330,301
3331,321
3332,343
3333,246
3334,290
3335,402
3336,318
3337,289
3338,292
3339,362
3340,394
3341,357
3342,346
3343,420
3344,450
3345,496
3346,539
3347,378
3348,409
3349,414
3350,408
3351,589
3352,490
3353,534
3354,559
3355,540
3356,481
3357,413
3358,366
3359,311
3360,323
3361,501
3362,323
3363,309
3364,302
3365,267
3366,249
3367,279
3368,275
3369,187
3370,179
3371,124
3372,106
3373,147
3374,138
3375,212
3376,161
3377,274
3378,319
3379,202
3380,194
3381,178
3382,129
3383,139
3384,130
3385,89
3386,161
3387,176
3388,148
3389,179
3390,143
3391,134
3392,142
3393,129
3394,206
3395,251
3396,149
3397,175
3398,161
3399,178
3400,199
3401,251
3402,178
3403,182
3404,239
3405,196
3406,242
3407,146
3408,183
3409,138
3410,251
3411,175
3412,208
3413,205
3414,175
3415,145
3416,163
3417,133
3418,117
3419,131
3420,122
3421,175
3422,152
3423,145
3424,178
3425,109
3426,113
3427,229
3428,143
3429,190
3430,208
3431,312
3432,298
3433,195
3434,339
3435,374
3436,495
3437,472
3438,207
3439,224
3440,386
3441,200
3442,133
3443,168
3444,202
3445,192
3446,168
3447,164
3448,138
3449,186
3450,215
3451,174
3452,163
3453,136
3454,116
3455,98
3456,112
3457,110
3458,104
3459,123
3460,164
3461,269
3462,264
3463,162
3464,151
3465,162
3466,125
3467,158
3468,157
3469,172
3470,183
3471,134
3472,216
3473,227
3474,241
3475,177
3476,195
3477,202
3478,175
3479,235
3480,175
3481,196
3482,152
3483,138
3484,148
3485,158
3486,102
3487,122
3488,183
3489,168
3490,166
3491,201
3492,238
3493,280
3494,189
3495,299
3496,367
3497,279
3498,204
3499,164
3500,176
3501,222
3502,157
3503,185
3504,150
3505,120
3506,225
3507,119
3508,178
3509,166
3510,157
3511,132
3512,118
3513,179
3514,160
3515,158
3516,177
3517,214
3518,212
3519,221
3520,231
3521,170
3522,216
3523,220
3524,288
3525,282
3526,302
3527,311
3528,479
3529,475
3530,356
3531,524
3532,724
3533,456
3534,371
3535,301
3536,392
3537,430
3538,368
3539,241
3540,177
3541,236
3542,292
3543,264
3544,238
3545,284
3546,293
3547,193
3548,231
3549,246
3550,292
3551,326
3552,282
3553,253
3554,301
3555,230
3556,192
3557,312
3558,253
3559,234
3560,223
3561,227
3562,205
3563,174
3564,151
3565,264
3566,180
3567,149
3568,261
3569,186
3570,231
3571,230
3572,180
3573,210
3574,244
3575,271
3576,120
3577,123
3578,177
3579,168
3580,246
3581,137
3582,165
3583,211
3584,233
3585,168
3586,155
3587,244
3588,212
3589,338
3590,292
3591,200
3592,285
3593,185
3594,340
3595,315
3596,167
3597,214
3598,217
3599,238
3600,176
3601,185
3602,180
3603,310
3604,198
3605,243
3606,244
3607,211
3608,160
3609,116
3610,143
3611,160
3612,166
3613,149
3614,212
3615,153
3616,168
3617,180
3618,165
3619,164
3620,169
3621,154
3622,188
3623,116
3624,135
3625,156
3626,149
3627,190
3628,188
3629,206
3630,208
3631,163
3632,177
3633,208
3634,249
3635,170
3636,150
3637,146
3638,180
3639,182
3640,106
3641,64
3642,152
3643,118
3644,136
3645,152
3646,136
3647,99
3648,57
3649,57
3650,108
3651,127
3652,83
3653,99
3654,93
3655,101
3656,64
3657,78
3658,58
3659,67
3660,70
3661,127
3662,194
3663,177
3664,76
3665,89
3666,125
3667,126
3668,130
3669,146
3670,120
3671,126
3672,96
3673,208
3674,193
3675,173
3676,213
3677,103
3678,117
3679,189
3680,168
3681,150
3682,225
3683,157
3684,240
3685,285
3686,284
3687,264
3688,306
3689,469
3690,340
3691,343
3692,347
3693,275
3694,275
3695,400
3696,356
3697,371
3698,340
3699,519
3700,579
3701,540
3702,413
3703,384
3704,419
3705,355
3706,186
3707,265
3708,261
3709,463
3710,242
3711,369
3712,366
3713,256
3714,352
3715,310
3716,224
3717,260
3718,266
3719,312
3720,365
3721,233
3722,303
3723,243
3724,278
3725,322
3726,236
3727,261
3728,319
3729,191
3730,188
3731,188
3732,220
3733,157
3734,169
3735,103
3736,77
3737,57
3738,72
3739,60
3740,90
3741,62
3742,78
3743,155
3744,129
3745,56
3746,117
3747,101
3748,125
3749,214
3750,95
3751,56
3752,97
3753,158
3754,102
3755,115
3756,97
3757,146
3758,111
3759,128
3760,136
3761,128
3762,144
3763,132
3764,123
3765,91
3766,95
3767,98
3768,92
3769,63
3770,55
3771,112
3772,103
3773,122
3774,114
3775,115
3776,104
3777,111
3778,107
3779,110
3780,122
3781,153
3782,240
3783,233
3784,228
3785,226
3786,237
3787,174
3788,214
3789,160
3790,105
3791,116
3792,127
3793,151
3794,169
3795,116
3796,46
3797,74
3798,133
3799,48
3800,42
3801,51
3802,109
3803,126
3804,36
3805,47
3806,68
3807,65
3808,68
3809,74
3810,212
3811,148
3812,142
3813,154
3814,106
3815,118
3816,69
3817,56
3818,77
3819,64
3820,64
3821,112
3822,64
3823,46
3824,48
3825,49
3826,53
3827,113
3828,48
3829,80
3830,56
3831,55
3832,52
3833,95
3834,68
3835,71
3836,104
3837,96
3838,67
3839,40
3840,46
3841,36
3842,52
3843,83
3844,80
3845,45
3846,28
3847,48
3848,43
3849,49
3850,61
3851,86
3852,84
3853,125
3854,227
3855,376
3856,204
3857,101
3858,58
3859,38
3860,18
3861,65
3862,125
3863,102
3864,166
3865,81
3866,127
3867,93
3868,74
3869,81
3870,52
3871,30
3872,20
3873,29
3874,23
3875,32
3876,19
3877,18
3878,30
3879,44
3880,24
3881,37
3882,37
3883,31
3884,30
3885,23
3886,33
3887,45
3888,22
3889,36
3890,52
3891,36
3892,36
3893,34
3894,57
3895,42
3896,22
3897,27
3898,26
3899,27
3900,21
3901,20
3902,43
3903,56
3904,27
3905,32
3906,35
3907,32
3908,48
3909,28
3910,26
3911,27
3912,28
3913,37
3914,36
3915,46
3916,60
3917,79
3918,52
3919,58
3920,55
3921,50
3922,85
3923,40
3924,76
3925,61
3926,77
3927,92
3928,81
3929,223
3930,124
3931,70
3932,34
3933,33
3934,54
3935,46
3936,19
3937,28
3938,44
3939,25
3940,37
3941,46
3942,30
3943,28
3944,49
3945,69
3946,59
3947,43
3948,44
3949,45
3950,28
3951,12
3952,26
3953,28
3954,16
3955,36
3956,78
3957,79
3958,99
3959,42
3960,84
3961,46
3962,21
3963,16
3964,11
3965,14
3966,25
3967,27
3968,50
3969,37
3970,19
3971,20
3972,42
3973,32
3974,10
3975,16
3976,29
3977,22
3978,17
3979,18
3980,30
3981,40
3982,57
3983,46
3984,72
3985,147
3986,175
3987,192
3988,155
3989,162
3990,34
3991,26
3992,42
3993,51
3994,57
3995,101
3996,101
3997,55
3998,68
3999,79
4000,28
4001,52
4002,32
4003,66
4004,47
4005,59
4006,57
4007,36
4008,58
4009,43
4010,83
4011,84
4012,142
4013,88
4014,74
4015,56
4016,55
4017,49
4018,38
4019,51
4020,71
4021,60
4022,59
4023,75
4024,31
4025,9
4026,10
4027,7
4028,29
4029,10
4030,13
4031,18
4032,20
4033,22
4034,17
4035,15
4036,15
4037,27
4038,18
4039,14
4040,12
4041,14
4042,25
4043,26
4044,33
4045,15
4046,14
4047,20
4048,26
4049,19
4050,14
4051,24
4052,18
4053,24
4054,24
4055,49
4056,36
4057,47
4058,30
4059,58
4060,87
4061,93
4062,82
4063,69
4064,73
4065,85
4066,60
4067,29
4068,23
4069,27
4070,29
4071,24
4072,38
4073,31
4074,34
4075,31
4076,57
4077,51
4078,40
4079,42
4080,26
4081,31
4082,19
4083,60
4084,48
4085,42
4086,37
4087,42
4088,36
4089,33
4090,44
4091,27
4092,21
4093,40
4094,34
4095,14
4096,22
4097,33
4098,16
4099,16
4100,19
4101,33
4102,18
4103,76
4104,45
4105,43
4106,31
4107,28
4108,30
4109,24
4110,11
4111,26
4112,25
4113,28
4114,4
4115,6
4116,1
4117,2
4118,5
4119,4
4120,6
4121,3
4122,8
4123,4
4124,9
4125,8
4126,8
4127,5
4128,26
4129,18
4130,4
4131,7
4132,9
4133,3
4134,6
4135,7
4136,2
4137,3
4138,1
4139,3
4140,4
4141,11
4142,12
4143,26
4144,3
4145,1
4146,6
4147,5
4148,10
4149,7
4150,7
4151,5
4152,12
4153,3
4154,6
4155,4
4156,13
4157,29
4158,6
4159,8
4160,9
4161,10
4162,6
4163,2
4164,12
4165,13
4166,8
4167,9
4168,6
4169,9
4170,18
4171,16
4172,16
4173,7
4174,1
4175,5
4176,7
4177,8
4178,8
4179,12
4180,118
4181,57
4182,14
4183,9
4184,11
4185,4
4186,6
4187,17
4188,12
4189,9
4190,6
4191,6
4192,5
4193,8
4194,8
4195,57
4196,25
4197,17
4198,34
4199,35
4200,28
4201,45
4202,28
4203,105
4204,48
4205,56
4206,32
4207,44
4208,30
4209,16
4210,11
4211,4
4212,8
4213,7
4214,6
4215,9
4216,4
4217,11
4218,26
4219,14
4220,3
4221,10
4222,14
4223,41
4224,67
4225,28
4226,53
4227,41
4228,29
4229,17
4230,21
4231,9
4232,8
4233,8
4234,36
4235,16
4236,10
4237,5
4238,20
4239,15
4240,14
4241,11
4242,10
4243,3
4244,7
4245,13
4246,35
4247,9
4248,2
4249,14
4250,14
4251,9
4252,10
4253,3
4254,7
4255,7
4256,18
4257,12
4258,19
4259,25
4260,8
4261,14
4262,23
4263,29
4264,6
4265,1
4266,6
4267,5
4268,5
4269,8
4270,7
4271,5
4272,8
4273,4
4274,27
4275,11
4276,8
4277,10
4278,6
4279,7
4280,4
4281,6
4282,6
4283,4
4284,4
4285,6
4286,9
4287,3
4288,3
4289,32
4290,74
4291,33
4292,34
4293,25
4294,20
4295,14
4296,1
4297,1
4298,4
4299,5
4300,6
4301,4
4302,9
4303,6
4304,17
4305,30
4306,8
4307,4
4308,9
4309,4
4310,1
4311,4
4312,5
4313,3
4314,11
4315,4
4316,6
4317,10
4318,9
4319,38
4320,7
4321,9
4322,4
4323,6
4324,5
4325,7
4326,19
4327,28
4328,44
4329,24
4330,10
4331,28
4332,43
4333,44
4334,10
4335,6
4336,7
4337,3
4338,3
4339,1
4340,11
4341,4
4342,8
4343,8
4344,3
4345,1
4346,12
4347,24
4348,5
4349,28
4350,43
4351,8
4353,5
4354,11
4355,33
4356,10
4357,7
4358,6
4359,5
4360,1
4361,4
4362,12
4363,5
4364,25
4365,6
4366,8
4367,3
4368,5
4369,5
4370,3
4371,1
4372,6
4373,82
4374,78
4375,71
4376,31
4377,7
4378,11
4379,7
4380,6
4381,6
4382,7
4383,7
4384,9
4385,6
4386,21
4387,17
4388,3
4389,11
4390,14
4391,4
4392,9
4393,39
4394,40
4395,40
4396,38
4397,26
4398,19
4399,13
4400,6
4401,4
4402,4
4403,6
4404,4
4405,11
4406,6
4407,2
4408,10
4409,60
4410,16
4411,9
4412,7
4413,10
4414,10
4415,10
4416,33
4417,40
4418,29
4419,64
4420,70
4421,13
4422,12
4423,15
4424,15
4425,6
4426,17
4427,16
4428,28
4429,27
4430,13
4431,11
4432,1
4433,5
4434,4
4435,20
4436,11
4437,6
4438,7
4439,9
4440,1
4441,5
4442,4
4443,3
4444,9
4445,8
4446,1
4447,35
4448,28
4449,20
4450,12
4451,28
4452,38
4453,12
4454,4
4455,7
4456,12
4457,35
4458,18
4459,16
4460,7
4461,7
4462,4
4463,14
4464,19
4465,13
4466,23
4467,21
4468,9
4469,28
4470,6
4471,19
4472,54
4473,1
4474,23
4475,17
4476,12
4477,1
4479,4
4480,2
4481,8
4482,1
4483,6
4484,59
4485,51
4486,189
4487,72
4488,17
4489,15
4490,11
4491,14
4492,17
4493,16
4494,33
4495,19
4496,12
4497,25
4498,46
4499,11
4500,14
4501,6
4502,9
4503,1
4504,9
4505,12
4506,19
4507,3
4508,11
4509,19
4510,22
4511,20
4512,22
4513,10
4514,10
4515,18
4516,16
4517,5
4518,11
4519,3
4520,6
4521,6
4522,9
4523,8
4524,6
4525,19
4526,35
4527,7
4528,6
4529,1
4530,12
4531,3
4533,1
4534,4
4535,2
4536,8
4537,6
4538,11
4539,17
4540,17
4541,20
4542,6
4543,16
4544,8
4545,12
4546,5
4547,12
4548,6
4549,2
4550,9
4551,11
4552,13
4553,22
4554,25
4555,22
4556,25
4557,75
4558,15
4559,3
4560,3
4561,4
4562,5
4563,12
4564,5
4565,6
4566,4
4567,1
4568,6
4569,10
4570,14
4571,7
4572,18
4573,7
4574,9
4575,3
4576,12
4577,15
4578,1
4579,2
4580,19
4581,20
4582,14
4583,7
4584,4
4585,16
4586,27
4587,49
4588,25
4589,10
4590,1
4591,18
4592,20
4593,9
4594,7
4595,9
4596,11
4597,7
4598,1
4599,15
4600,6
4601,14
4602,18
4603,7
4604,11
4605,3
4606,5
4607,10
4608,1
4609,7
4610,15
4611,11
4612,7
4613,4
4614,20
4615,26
4616,31
4617,60
4618,20
4619,11
4620,18
4621,10
4622,5
4623,11
4624,22
4625,33
4626,57
4627,14
4628,60
4629,343
4630,227
4631,102
4632,127
4633,125
4634,109
4635,71
4636,107
4637,126
4638,270
4639,217
4640,140
4641,51
4642,4
4643,13
4644,8
4645,1
4646,1
4647,8
4648,42
4649,32
4650,7
4651,7
4652,4
4653,4
4654,4
4655,10
4656,4
4657,7
4658,7
4659,5
4660,41
4661,35
4662,17
4663,12
4664,5
4665,2
4666,6
4667,3
4668,4
4669,12
4670,5
4671,3
4674,3
4675,9
4676,20
4677,52
4678,38
4679,13
4680,9
4681,9
4682,12
4683,6
4685,10
4686,4
4687,2
4688,3
4689,6
4690,4
4691,18
4692,15
4693,3
4694,3
4695,3
4696,17
4697,2
4698,16
4699,3
4700,10
4701,10
4702,7
4703,30
4704,8
4705,3
4706,22
4707,16
4708,5
4709,3
4710,12
4711,10
4712,8
4713,13
4714,10
4715,2
4716,1
4717,2
4719,8
4720,7
4721,36
4722,18
4723,10
4724,22
4725,5
4726,3
4727,15
4728,8
4729,6
4730,10
4731,19
4732,7
4733,11
4734,26
4735,5
4736,11
4737,25
4738,12
4739,7
4740,6
4741,4
4742,5
4743,4
4744,9
4745,23
4746,10
4747,25
4748,44
4749,42
4750,28
4751,34
4752,15
4753,12
4754,12
4755,15
4756,4
4757,16
4758,24
4759,15
4760,8
4761,19
4762,29
4763,29
4764,10
4765,2
4766,1
4767,4
4768,2
4769,19
4770,41
4771,6
4772,17
4773,56
4774,37
4775,24
4776,11
4777,9
4778,8
4779,19
4780,3
4781,3
4782,8
4783,12
4784,5
4785,12
4786,19
4787,13
4788,5
4789,13
4790,1
4791,8
4792,6
4793,18
4794,42
4795,2
4796,13
4797,9
4798,2
4799,3
4800,16
4801,24
4802,1
4803,11
4804,2
4805,1
4807,26
4808,5
4809,4
4810,2
4812,8
4813,20
4814,32
4815,18
4816,6
4817,2
4818,18
4819,7
4820,5
4821,6
4822,2
4823,8
4824,13
4825,12
4826,9
4827,19
4828,12
4829,19
4830,20
4831,41
4832,25
4833,40
4834,32
4835,52
4836,33
4837,55
4838,58
4839,10
