0,148503
1,305
2,133
3,91
4,123
5,32
6,7
7,2
8,6
9,10
10,12
11,19
13,11
14,3
16,1
17,5
18,10
19,8
20,6
21,9
22,6
23,1
24,3
25,4
26,7
27,2
28,5
29,1
30,17
31,12
32,5
33,13
34,6
35,9
36,15
37,13
38,4
39,9
40,8
41,12
42,13
43,5
44,10
45,4
46,2
47,8
48,1
49,8
50,2
51,6
52,8
53,1
54,25
55,20
56,16
57,26
58,22
59,86
60,21
61,42
62,52
63,27
64,50
65,26
66,21
67,18
68,34
69,10
70,7
71,2
72,2
73,4
74,1
75,6
76,1
77,1
78,5
79,4
80,4
82,4
83,1
84,14
85,33
86,11
87,2
88,2
89,7
90,2
91,3
92,4
94,2
96,1
97,2
98,9
99,1
100,4
101,2
102,1
103,1
104,1
105,7
106,1
109,1
110,3
112,5
113,1
114,2
115,3
118,1
119,8
120,2
121,2
122,4
123,3
124,1
125,2
126,4
128,2
129,2
130,1
131,6
133,1
134,4
135,3
136,5
137,2
138,4
139,2
141,1
143,1
144,3
146,5
147,4
148,1
149,3
150,1
151,2
152,1
153,9
154,2
155,2
157,4
158,5
160,2
161,4
163,1
164,1
165,2
166,2
167,2
168,4
169,3
170,2
172,3
173,1
174,1
175,3
176,1
178,1
180,4
181,4
182,2
183,2
184,3
185,1
186,1
191,7
193,1
194,6
195,5
197,2
198,3
199,2
200,1
201,3
203,1
204,3
205,1
206,2
208,1
209,1
210,2
212,1
214,1
215,4
216,2
217,3
218,14
219,2
220,7
221,20
222,26
223,24
224,40
225,15
226,49
227,39
228,19
229,25
230,25
231,23
232,27
233,32
234,28
235,19
236,11
237,6
238,8
239,5
240,8
241,10
242,8
243,18
244,7
245,9
246,13
247,9
248,16
249,6
250,13
251,14
252,15
253,6
254,15
255,10
256,12
257,15
258,7
259,9
260,59
261,6
262,2
263,5
264,6
265,10
266,8
267,12
268,5
269,7
270,13
271,4
272,8
273,6
274,8
275,9
276,7
277,8
278,9
279,11
280,5
281,11
282,3
283,9
284,11
285,19
286,7
287,11
288,18
289,33
290,27
291,68
292,25
293,92
294,43
295,71
296,45
297,59
298,28
299,15
300,6
301,1
302,3
303,1
304,4
305,29
306,7
307,7
308,5
309,6
310,5
311,3
312,2
313,8
314,4
316,4
317,7
318,1
319,2
320,3
321,4
322,8
323,3
325,6
326,4
327,4
328,13
329,8
330,11
331,11
332,4
333,18
334,33
335,2
336,25
337,23
338,2
339,4
340,21
341,2
342,2
343,18
344,6
345,26
346,3
347,22
348,21
349,16
350,11
351,10
352,13
353,21
354,41
355,20
356,28
357,33
358,28
359,18
360,8
361,3
362,7
363,26
364,23
365,45
366,4
367,25
368,8
369,11
370,5
371,3
372,12
373,12
374,29
375,2
376,2
377,1
378,1
379,3
380,1
381,1
383,2
384,3
385,1
387,4
388,2
389,1
390,1
391,2
392,1
393,1
394,1
395,8
396,1
397,1
398,1
400,1
401,2
402,1
403,1
404,3
405,1
406,1
407,2
408,2
409,2
411,4
412,1
413,1
416,4
418,1
419,1
421,4
422,2
423,2
424,1
425,3
426,2
427,1
428,1
429,3
430,1
431,1
434,1
435,3
436,1
437,1
438,35
439,89
440,3
441,2
442,2
444,2
445,3
446,2
447,1
448,1
449,1
450,1
451,4
452,1
453,1
454,1
455,1
456,2
458,3
459,3
460,1
461,2
462,1
463,1
464,35
465,30
466,10
467,28
468,2
469,18
470,34
471,34
472,12
473,1
474,2
475,4
476,1
477,3
478,2
479,2
481,2
482,1
483,1
485,1
486,2
487,1
488,1
489,5
490,1
492,2
494,2
495,1
496,2
497,1
498,2
501,1
502,13
503,20
504,58
505,17
506,14
508,3
509,2
511,2
513,1
514,1
515,3
516,2
517,1
520,2
521,2
522,3
523,2
524,4
525,2
526,1
528,2
529,3
530,1
531,2
532,2
533,2
534,1
535,1
536,1
537,2
540,28
541,25
542,2
543,1
544,1
545,6
546,1
548,5
549,2
550,2
551,4
552,6
553,14
554,3
555,3
556,5
557,4
558,15
559,60
560,50
561,23
562,12
563,48
564,23
565,18
566,36
567,22
568,26
569,32
570,6
571,18
572,5
573,5
574,13
575,4
576,12
577,6
578,5
579,16
580,11
581,11
582,5
583,1
584,7
585,7
586,8
587,2
588,8
589,7
590,12
591,3
592,3
593,7
594,3
595,5
596,16
597,15
598,10
599,5
600,2
601,6
602,5
603,6
604,4
605,23
606,13
607,25
608,8
609,60
610,84
611,42
612,140
613,17
614,9
615,13
616,16
617,21
618,29
619,60
620,37
621,24
622,8
623,1
624,6
625,10
626,17
627,9
628,33
629,26
630,5
631,6
632,7
633,14
634,11
635,11
636,17
637,10
638,12
639,3
640,5
641,13
642,13
643,18
644,22
645,27
646,18
647,13
648,6
649,3
650,5
651,8
652,7
653,14
654,19
655,15
656,19
657,9
658,18
659,12
660,10
661,15
662,16
663,19
664,21
665,182
666,31
667,32
668,35
669,60
670,34
671,40
672,34
673,108
674,139
675,45
676,45
677,72
678,92
679,83
680,47
681,61
682,82
683,82
684,143
685,181
686,77
687,76
688,469
689,101
690,79
691,73
692,68
693,76
694,96
695,70
696,64
697,67
698,213
699,73
700,131
701,53
702,47
703,113
704,57
705,51
706,74
707,51
708,55
709,106
710,66
711,48
712,72
713,55
714,110
715,103
716,42
717,62
718,152
719,48
720,56
721,45
722,25
723,32
724,41
725,125
726,27
727,178
728,61
729,68
730,73
731,82
732,88
733,71
734,139
735,106
736,68
737,75
738,43
739,34
740,42
741,46
742,73
743,18
744,29
745,19
746,22
747,30
748,12
749,78
750,28
751,14
752,39
753,54
754,37
755,142
756,25
757,43
758,132
759,128
760,112
761,108
762,53
763,60
764,67
765,82
766,55
767,330
768,92
769,61
770,145
771,107
772,136
773,132
774,89
775,44
776,73
777,58
778,50
779,75
780,74
781,56
782,57
783,65
784,69
785,61
786,54
787,159
788,71
789,74
790,45
791,35
792,170
793,124
794,118
795,51
796,51
797,286
798,143
799,93
800,131
801,94
802,117
803,189
804,205
805,262
806,438
807,239
808,307
809,284
810,197
811,225
812,186
813,203
814,278
815,179
816,334
817,644
818,776
819,558
820,352
821,371
822,401
823,394
824,357
825,709
826,448
827,332
828,192
829,227
830,255
831,315
832,321
833,307
834,226
835,493
836,225
837,170
838,314
839,138
840,167
841,232
842,250
843,222
844,137
845,198
846,178
847,115
848,122
849,118
850,337
851,110
852,130
853,128
854,221
855,155
856,95
857,97
858,125
859,131
860,136
861,193
862,192
863,188
864,278
865,191
866,131
867,292
868,381
869,366
870,443
871,352
872,397
873,286
874,208
875,257
876,197
877,865
878,1635
879,391
880,485
881,266
882,371
883,249
884,146
885,352
886,210
887,191
888,176
889,173
890,305
891,307
892,267
893,289
894,271
895,258
896,418
897,266
898,857
899,757
900,332
901,415
902,248
903,288
904,216
905,260
906,184
907,292
908,166
909,239
910,236
911,439
912,543
913,494
914,239
915,342
916,264
917,239
918,254
919,196
920,232
921,247
922,261
923,458
924,202
925,402
926,501
927,561
928,359
929,302
930,311
931,268
932,327
933,286
934,291
935,350
936,354
937,427
938,502
939,314
940,401
941,428
942,452
943,264
944,463
945,374
946,534
947,427
948,302
949,566
950,477
951,352
952,417
953,212
954,256
955,241
956,186
957,389
958,267
959,231
960,360
961,444
962,221
963,291
964,216
965,309
966,233
967,468
968,902
969,514
970,401
971,510
972,390
973,271
974,322
975,444
976,462
977,387
978,401
979,494
980,522
981,449
982,1194
983,518
984,374
985,523
986,502
987,524
988,470
989,487
990,648
991,845
992,901
993,591
994,774
995,730
996,567
997,794
998,834
999,960
1000,626
1001,647
1002,839
1003,769
1004,818
1005,784
1006,922
1007,748
1008,1026
1009,641
1010,808
1011,759
1012,650
1013,1087
1014,1105
1015,960
1016,968
1017,1042
1018,1062
1019,1071
1020,1073
1021,975
1022,881
1023,879
1024,847
1025,1040
1026,1006
1027,1705
1028,1525
1029,834
1030,820
1031,956
1032,987
1033,1072
1034,1337
1035,1198
1036,1286
1037,1273
1038,1069
1039,1042
1040,2385
1041,2001
1042,1998
1043,1835
1044,1099
1045,1038
1046,993
1047,974
1048,1072
1049,1010
1050,974
1051,2382
1052,1156
1053,2298
1054,1430
1055,1336
1056,1765
1057,1370
1058,1394
1059,2147
1060,2116
1061,1740
1062,2354
1063,2381
1064,2773
1065,1700
1066,2119
1067,2076
1068,1710
1069,1980
1070,2672
1071,2387
1072,3058
1073,3101
1074,3026
1075,2305
1076,2569
1077,2441
1078,2619
1079,2713
1080,2481
1081,2416
1082,2347
1083,3123
1084,2362
1085,2185
1086,2398
1087,2447
1088,2836
1089,3249
1090,2981
1091,4491
1092,4160
1093,3456
1094,3610
1095,3451
1096,3207
1097,3237
1098,3521
1099,3410
1100,5588
1101,3630
1102,3888
1103,3142
1104,3893
1105,4188
1106,4131
1107,4571
1108,4450
1109,5395
1110,4285
1111,5382
1112,5246
1113,5861
1114,5964
1115,5804
1116,7135
1117,5754
1118,5543
1119,6825
1120,6700
1121,6754
1122,6699
1123,7044
1124,6579
1125,6858
1126,7025
1127,7197
1128,8215
1129,7270
1130,7405
1131,6311
1132,6223
1133,7235
1134,8867
1135,7389
1136,8368
1137,8698
1138,8770
1139,9558
1140,9933
1141,11505
1142,11002
1143,10696
1144,11516
1145,11217
1146,12311
1147,12272
1148,12067
1149,12800
1150,12611
1151,14339
1152,17494
1153,15557
1154,15095
1155,15010
1156,15148
1157,17050
1158,18391
1159,16573
1160,18366
1161,23187
1162,18285
1163,21805
1164,22895
1165,22148
1166,29036
1167,28611
1168,29586
1169,37186
1170,31122
1171,32512
1172,34256
1173,36573
1174,37508
1175,40229
1176,42364
1177,43594
1178,46928
1179,57062
1180,57819
1181,60589
1182,69631
1183,73990
1184,93979
1185,99003
1186,101440
1187,115171
1188,138985
1189,149192
1190,163222
1191,196407
1192,233889
1193,279474
1194,361314
1195,456660
1196,585981
1197,815112
1198,1282569
1199,2863001
1200,28275170
1201,37394
1202,26547
1203,27454
1204,27216
1205,25914
1206,25997
1207,29472
1208,27700
1209,28180
1210,29407
1211,29200
1212,31322
1213,30290
1214,27913
1215,27513
1216,25260
1217,23611
1218,20790
1219,22556
1220,20922
1221,18696
1222,17706
1223,17810
1224,17589
1225,18431
1226,18093
1227,18097
1228,18028
1229,17227
1230,19137
1231,18508
1232,19432
1233,21412
1234,20965
1235,18507
1236,17313
1237,17819
1238,18771
1239,18455
1240,17218
1241,16636
1242,15279
1243,15239
1244,14341
1245,14306
1246,16157
1247,17409
1248,16944
1249,17968
1250,15199
1251,16361
1252,15807
1253,14985
1254,16574
1255,19456
1256,17539
1257,16663
1258,14335
1259,19246
1260,17587
1261,20036
1262,17451
1263,17317
1264,15599
1265,15872
1266,13339
1267,16449
1268,16806
1269,18037
1270,17366
1271,18683
1272,17260
1273,18382
1274,17304
1275,19574
1276,16653
1277,15786
1278,14462
1279,14724
1280,15587
1281,14303
1282,14928
1283,15154
1284,13397
1285,12670
1286,12960
1287,13111
1288,15009
1289,16310
1290,14405
1291,15155
1292,14142
1293,18852
1294,18466
1295,15938
1296,14123
1297,11705
1298,12408
1299,12947
1300,12419
1301,14553
1302,13355
1303,11816
1304,12273
1305,11468
1306,10395
1307,11363
1308,11887
1309,13151
1310,14719
1311,15457
1312,13344
1313,12193
1314,13851
1315,10749
1316,12184
1317,11358
1318,11491
1319,11372
1320,10633
1321,11821
1322,12089
1323,10894
1324,11599
1325,10619
1326,11363
1327,9317
1328,10531
1329,9968
1330,9159
1331,8861
1332,9822
1333,9221
1334,9199
1335,9508
1336,9403
1337,11170
1338,11064
1339,11122
1340,13557
1341,11253
1342,10241
1343,10885
1344,10175
1345,10143
1346,11375
1347,11093
1348,10466
1349,11176
1350,10231
1351,9656
1352,9277
1353,9101
1354,9403
1355,8281
1356,8793
1357,9646
1358,9391
1359,9252
1360,9115
1361,9395
1362,10051
1363,7767
1364,8513
1365,10764
1366,11474
1367,11394
1368,9263
1369,8240
1370,9139
1371,9823
1372,8032
1373,8819
1374,7267
1375,8470
1376,8064
1377,8103
1378,8432
1379,7787
1380,8333
1381,7775
1382,7603
1383,9039
1384,9285
1385,9638
1386,9993
1387,10470
1388,9176
1389,8020
1390,8804
1391,9090
1392,9709
1393,7992
1394,8364
1395,8540
1396,9496
1397,10654
1398,13595
1399,13390
1400,11781
1401,10461
1402,10074
1403,9080
1404,9262
1405,7253
1406,6176
1407,6694
1408,7041
1409,7857
1410,8755
1411,9315
1412,9350
1413,8434
1414,8776
1415,9162
1416,8305
1417,7917
1418,8019
1419,9781
1420,8887
1421,10776
1422,11022
1423,11937
1424,14047
1425,12260
1426,12962
1427,12215
1428,12901
1429,13218
1430,13026
1431,11576
1432,11907
1433,11585
1434,13642
1435,12061
1436,13487
1437,13075
1438,11980
1439,11173
1440,10304
1441,8933
1442,8417
1443,8208
1444,8501
1445,7592
1446,7246
1447,8658
1448,8242
1449,7079
1450,7653
1451,8921
1452,9744
1453,9817
1454,10853
1455,11136
1456,10537
1457,11428
1458,13304
1459,12038
1460,10994
1461,11376
1462,10826
1463,11797
1464,13047
1465,14939
1466,13490
1467,14245
1468,13885
1469,12811
1470,12155
1471,12509
1472,14032
1473,12087
1474,10402
1475,11766
1476,12376
1477,13835
1478,15074
1479,13125
1480,12914
1481,11977
1482,13763
1483,13492
1484,14574
1485,19260
1486,15452
1487,14998
1488,13401
1489,13712
1490,14736
1491,12251
1492,10621
1493,10326
1494,10342
1495,9145
1496,8936
1497,10327
1498,12222
1499,14141
1500,14969
1501,15313
1502,17221
1503,20268
1504,23474
1505,23974
1506,26466
1507,28573
1508,26824
1509,24254
1510,21021
1511,21795
1512,21044
1513,15519
1514,16717
1515,16102
1516,17290
1517,17572
1518,16367
1519,12552
1520,10271
1521,9607
1522,9778
1523,9470
1524,10829
1525,11478
1526,10393
1527,10048
1528,10765
1529,11904
1530,9246
1531,8504
1532,10496
1533,10668
1534,9963
1535,8537
1536,8205
1537,7813
1538,7231
1539,7649
1540,8202
1541,7892
1542,7126
1543,6149
1544,5790
1545,6365
1546,6474
1547,6204
1548,7200
1549,7768
1550,7304
1551,7910
1552,7143
1553,6831
1554,6456
1555,6881
1556,7607
1557,7275
1558,7416
1559,7582
1560,8227
1561,8637
1562,7033
1563,7941
1564,8262
1565,7593
1566,7521
1567,7764
1568,7786
1569,8093
1570,7996
1571,7827
1572,7349
1573,7552
1574,7694
1575,8620
1576,7557
1577,7989
1578,7098
1579,7976
1580,7308
1581,7034
1582,7846
1583,7307
1584,8152
1585,6709
1586,8303
1587,8194
1588,7300
1589,6798
1590,6887
1591,6492
1592,6049
1593,6692
1594,7517
1595,8618
1596,8402
1597,7487
1598,7356
1599,7350
1600,7317
1601,7256
1602,7059
1603,7362
1604,7464
1605,7138
1606,7185
1607,7222
1608,6844
1609,6104
1610,5713
1611,5857
1612,5941
1613,5625
1614,5415
1615,5389
1616,5672
1617,6131
1618,6339
1619,5647
1620,5655
1621,5289
1622,5652
1623,6007
1624,5814
1625,5593
1626,5506
1627,5479
1628,5462
1629,5311
1630,5543
1631,5220
1632,6025
1633,5100
1634,5041
1635,4804
1636,5113
1637,5643
1638,6617
1639,6865
1640,6582
1641,6262
1642,6938
1643,6945
1644,7454
1645,8295
1646,7828
1647,7587
1648,7522
1649,7336
1650,7494
1651,6679
1652,6357
1653,6660
1654,6086
1655,6068
1656,5868
1657,5200
1658,5891
1659,6391
1660,7832
1661,8834
1662,8511
1663,6765
1664,6096
1665,5986
1666,6040
1667,5498
1668,5138
1669,5874
1670,6080
1671,5936
1672,6691
1673,7039
1674,6661
1675,6108
1676,6614
1677,6713
1678,5828
1679,6215
1680,6402
1681,5695
1682,6485
1683,6153
1684,6220
1685,6398
1686,6176
1687,5849
1688,5819
1689,6455
1690,6168
1691,6569
1692,5581
1693,5082
1694,4298
1695,5349
1696,4672
1697,4943
1698,5084
1699,5987
1700,6442
1701,6986
1702,6190
1703,6138
1704,5190
1705,5837
1706,5584
1707,5403
1708,5818
1709,5773
1710,5592
1711,5261
1712,5905
1713,5277
1714,5660
1715,5031
1716,5627
1717,4611
1718,4904
1719,5099
1720,4376
1721,5388
1722,5199
1723,6065
1724,5888
1725,5690
1726,5454
1727,4802
1728,5329
1729,5129
1730,5309
1731,5181
1732,5140
1733,5587
1734,4510
1735,4819
1736,6167
1737,6072
1738,5414
1739,4959
1740,5049
1741,5953
1742,5454
1743,6634
1744,5199
1745,4795
1746,5172
1747,4774
1748,5348
1749,5832
1750,4957
1751,5140
1752,4784
1753,5050
1754,5564
1755,4792
1756,4572
1757,5027
1758,4163
1759,4505
1760,5087
1761,5530
1762,5712
1763,5295
1764,5345
1765,4940
1766,4728
1767,5247
1768,4830
1769,4184
1770,4195
1771,4022
1772,4063
1773,3579
1774,3846
1775,3807
1776,4130
1777,3333
1778,3264
1779,3976
1780,4120
1781,3831
1782,3184
1783,3176
1784,3584
1785,3319
1786,3724
1787,3294
1788,3645
1789,3609
1790,3785
1791,4067
1792,3968
1793,4185
1794,4381
1795,3502
1796,3265
1797,4947
1798,3646
1799,4462
1800,4595
1801,4908
1802,4270
1803,4320
1804,4528
1805,4808
1806,5029
1807,4515
1808,4612
1809,4972
1810,4845
1811,4507
1812,4697
1813,5363
1814,6863
1815,5971
1816,5446
1817,5149
1818,5984
1819,6395
1820,7262
1821,7345
1822,10033
1823,6770
1824,5569
1825,5857
1826,5378
1827,5508
1828,6220
1829,6676
1830,6614
1831,6120
1832,5461
1833,6889
1834,9046
1835,7790
1836,7700
1837,8103
1838,8128
1839,7539
1840,7272
1841,6621
1842,6552
1843,6355
1844,4792
1845,5143
1846,6798
1847,6180
1848,6739
1849,6885
1850,6958
1851,6304
1852,6925
1853,8340
1854,8463
1855,7572
1856,8468
1857,10125
1858,9343
1859,8806
1860,9087
1861,7673
1862,7212
1863,5623
1864,6171
1865,6467
1866,7910
1867,7502
1868,7953
1869,7983
1870,7499
1871,6311
1872,5720
1873,6269
1874,5256
1875,5244
1876,5983
1877,6588
1878,6133
1879,5431
1880,5304
1881,5189
1882,5247
1883,4420
1884,4705
1885,4578
1886,4311
1887,4668
1888,6022
1889,4120
1890,4634
1891,4819
1892,4488
1893,4746
1894,4087
1895,3956
1896,4497
1897,4631
1898,4911
1899,4863
1900,4578
1901,4867
1902,5239
1903,5727
1904,5493
1905,4900
1906,5226
1907,4779
1908,6959
1909,5006
1910,4563
1911,4357
1912,3972
1913,5310
1914,5354
1915,4758
1916,6181
1917,5633
1918,4805
1919,5327
1920,4958
1921,5303
1922,5343
1923,6142
1924,5258
1925,6053
1926,4883
1927,3730
1928,4201
1929,3384
1930,4050
1931,3653
1932,3503
1933,3520
1934,3681
1935,4164
1936,4255
1937,3709
1938,3255
1939,3124
1940,3409
1941,3337
1942,4280
1943,5262
1944,6718
1945,5991
1946,5553
1947,4986
1948,4548
1949,4150
1950,3578
1951,3877
1952,3716
1953,3661
1954,3911
1955,4291
1956,4813
1957,4020
1958,4089
1959,4708
1960,3751
1961,3789
1962,4809
1963,4925
1964,6028
1965,3769
1966,3230
1967,4198
1968,4687
1969,3913
1970,3989
1971,4513
1972,5001
1973,4628
1974,5141
1975,5589
1976,5425
1977,4931
1978,4781
1979,4761
1980,4491
1981,3660
1982,4647
1983,4487
1984,4662
1985,3356
1986,2636
1987,4179
1988,3771
1989,3081
1990,3937
1991,5028
1992,3978
1993,3617
1994,4398
1995,4724
1996,3698
1997,3166
1998,3334
1999,4264
2000,4441
2001,4837
2002,4456
2003,5047
2004,5327
2005,4942
2006,3081
2007,4076
2008,5407
2009,5018
2010,5335
2011,6125
2012,6292
2013,5747
2014,4965
2015,4912
2016,5096
2017,4504
2018,5531
2019,5503
2020,4976
2021,4641
2022,3898
2023,3640
2024,3506
2025,3842
2026,4465
2027,3979
2028,3488
2029,3950
2030,4776
2031,4684
2032,3700
2033,3843
2034,4155
2035,3815
2036,3677
2037,2675
2038,2677
2039,3108
2040,2517
2041,2702
2042,3902
2043,4015
2044,4414
2045,3122
2046,2394
2047,3113
2048,3397
2049,3834
2050,2837
2051,4465
2052,3623
2053,3449
2054,4450
2055,4986
2056,4220
2057,3772
2058,3413
2059,3626
2060,3779
2061,3573
2062,4094
2063,3997
2064,3372
2065,3890
2066,2653
2067,3579
2068,4024
2069,3116
2070,3825
2071,2914
2072,3917
2073,3329
2074,3343
2075,3712
2076,3788
2077,4979
2078,4349
2079,5081
2080,5777
2081,5088
2082,5023
2083,3877
2084,3829
2085,4442
2086,5338
2087,4821
2088,4915
2089,5083
2090,4082
2091,3398
2092,3563
2093,2895
2094,2439
2095,3246
2096,2941
2097,2568
2098,2385
2099,2393
2100,2517
2101,2990
2102,2251
2103,2755
2104,2090
2105,2624
2106,2804
2107,2581
2108,2502
2109,3672
2110,3610
2111,4036
2112,4063
2113,3962
2114,3570
2115,3788
2116,3459
2117,3630
2118,4888
2119,3454
2120,4517
2121,3579
2122,4714
2123,4084
2124,3821
2125,3451
2126,3639
2127,3572
2128,3820
2129,4091
2130,3559
2131,3336
2132,2791
2133,3056
2134,2577
2135,3264
2136,2258
2137,3134
2138,2364
2139,3500
2140,2591
2141,3339
2142,2182
2143,3026
2144,2208
2145,2556
2146,2731
2147,3106
2148,2905
2149,2692
2150,3716
2151,3241
2152,3191
2153,2871
2154,2964
2155,3080
2156,2640
2157,2841
2158,2644
2159,2952
2160,2556
2161,2775
2162,2170
2163,1906
2164,2672
2165,3080
2166,3401
2167,2616
2168,2771
2169,2420
2170,2240
2171,2977
2172,2456
2173,2300
2174,2319
2175,2134
2176,2066
2177,3042
2178,3234
2179,2999
2180,2465
2181,2699
2182,2648
2183,2164
2184,3194
2185,2128
2186,2494
2187,2831
2188,2380
2189,2521
2190,2887
2191,2048
2192,3562
2193,4377
2194,3209
2195,2444
2196,2433
2197,2222
2198,2216
2199,2208
2200,3013
2201,2957
2202,2193
2203,2192
2204,2036
2205,2335
2206,2570
2207,2137
2208,2372
2209,1887
2210,2494
2211,1866
2212,1551
2213,3165
2214,1485
2215,2418
2216,2751
2217,3194
2218,2956
2219,2970
2220,2350
2221,2858
2222,3179
2223,2690
2224,2443
2225,1745
2226,2554
2227,2233
2228,2531
2229,2757
2230,2646
2231,2717
2232,2095
2233,2958
2234,2612
2235,2128
2236,2083
2237,2462
2238,1492
2239,1977
2240,1311
2241,2280
2242,1959
2243,2345
2244,2706
2245,3156
2246,2110
2247,1663
2248,3456
2249,3349
2250,2600
2251,1990
2252,2226
2253,2714
2254,2178
2255,2179
2256,2159
2257,1619
2258,1640
2259,2200
2260,2148
2261,1781
2262,2006
2263,1906
2264,2705
2265,2419
2266,2206
2267,1651
2268,1891
2269,2479
2270,3828
2271,2480
2272,1666
2273,1469
2274,1803
2275,2800
2276,1662
2277,1726
2278,1403
2279,1837
2280,2318
2281,2641
2282,2021
2283,2866
2284,2718
2285,2958
2286,2835
2287,4837
2288,4580
2289,3199
2290,3020
2291,1682
2292,2479
2293,1821
2294,1989
2295,2595
2296,2462
2297,3061
2298,2777
2299,3122
2300,2915
2301,2726
2302,2912
2303,3281
2304,4165
2305,4003
2306,4055
2307,3523
2308,4710
2309,4934
2310,4591
2311,3420
2312,3444
2313,2235
2314,2592
2315,2125
2316,2610
2317,2079
2318,2591
2319,3080
2320,2496
2321,2056
2322,2245
2323,2700
2324,3275
2325,2818
2326,3896
2327,4639
2328,4654
2329,3685
2330,3009
2331,2770
2332,2089
2333,2114
2334,1621
2335,1443
2336,1764
2337,1830
2338,2452
2339,2058
2340,2386
2341,2143
2342,1840
2343,2148
2344,2213
2345,1737
2346,2159
2347,3704
2348,3510
2349,3067
2350,2664
2351,2412
2352,2440
2353,2776
2354,2779
2355,2460
2356,2059
2357,2525
2358,2125
2359,1781
2360,1952
2361,1434
2362,1640
2363,1763
2364,2639
2365,2141
2366,1914
2367,2710
2368,3078
2369,2400
2370,2234
2371,2889
2372,2753
2373,3616
2374,4176
2375,2635
2376,2991
2377,2085
2378,2541
2379,3698
2380,3130
2381,3344
2382,4562
2383,2882
2384,2996
2385,3112
2386,2567
2387,2407
2388,2787
2389,2690
2390,2638
2391,2237
2392,2063
2393,1461
2394,1949
2395,2102
2396,3087
2397,2317
2398,2717
2399,3172
2400,2537
2401,2687
2402,3322
2403,4381
2404,4367
2405,3508
2406,3526
2407,2334
2408,2439
2409,1944
2410,1835
2411,2102
2412,2414
2413,2087
2414,2227
2415,1577
2416,2771
2417,1836
2418,2045
2419,1754
2420,1760
2421,1609
2422,1313
2423,2072
2424,2805
2425,3384
2426,2875
2427,3415
2428,2690
2429,2733
2430,3909
2431,2988
2432,2605
2433,2685
2434,2742
2435,2704
2436,2157
2437,1959
2438,1782
2439,1590
2440,1012
2441,1356
2442,1243
2443,1233
2444,1590
2445,1799
2446,1254
2447,1673
2448,1241
2449,1803
2450,1495
2451,1767
2452,1756
2453,1749
2454,1377
2455,1562
2456,1770
2457,2296
2458,4263
2459,3824
2460,3080
2461,2655
2462,1562
2463,2088
2464,2049
2465,1943
2466,2003
2467,2306
2468,2794
2469,2142
2470,2240
2471,2675
2472,2187
2473,2615
2474,3040
2475,2956
2476,2693
2477,2882
2478,3063
2479,2658
2480,2219
2481,2116
2482,2677
2483,1893
2484,2137
2485,2820
2486,2390
2487,3358
2488,2982
2489,2932
2490,3422
2491,3541
2492,3779
2493,5360
2494,4694
2495,4115
2496,4965
2497,5102
2498,4335
2499,3367
2500,3036
2501,3224
2502,3729
2503,4118
2504,4735
2505,6381
2506,7187
2507,8748
2508,7804
2509,5562
2510,3683
2511,3909
2512,4617
2513,3118
2514,1665
2515,803
2516,951
2517,616
2518,487
2519,838
2520,569
2521,793
2522,1236
2523,784
2524,847
2525,1060
2526,983
2527,608
2528,585
2529,675
2530,584
2531,839
2532,736
2533,558
2534,563
2535,635
2536,552
2537,592
2538,495
2539,686
2540,838
2541,691
2542,1059
2543,590
2544,663
2545,847
2546,1047
2547,764
2548,788
2549,1007
2550,1076
2551,812
2552,551
2553,879
2554,521
2555,481
2556,527
2557,645
2558,720
2559,838
2560,1003
2561,1014
2562,839
2563,723
2564,808
2565,671
2566,715
2567,649
2568,1034
2569,842
2570,600
2571,573
2572,599
2573,673
2574,482
2575,546
2576,495
2577,587
2578,456
2579,709
2580,796
2581,869
2582,835
2583,505
2584,634
2585,685
2586,628
2587,823
2588,1003
2589,715
2590,670
2591,531
2592,757
2593,662
2594,647
2595,521
2596,570
2597,595
2598,506
2599,727
2600,668
2601,415
2602,466
2603,880
2604,855
2605,810
2606,784
2607,796
2608,1267
2609,1028
2610,759
2611,668
2612,594
2613,603
2614,599
2615,642
2616,590
2617,629
2618,564
2619,508
2620,629
2621,610
2622,748
2623,692
2624,932
2625,680
2626,484
2627,585
2628,489
2629,908
2630,625
2631,770
2632,560
2633,584
2634,514
2635,532
2636,557
2637,631
2638,473
2639,462
2640,525
2641,337
2642,382
2643,480
2644,505
2645,500
2646,350
2647,590
2648,700
2649,562
2650,427
2651,478
2652,407
2653,540
2654,431
2655,515
2656,588
2657,524
2658,861
2659,684
2660,567
2661,548
2662,584
2663,516
2664,507
2665,468
2666,711
2667,460
2668,579
2669,609
2670,712
2671,474
2672,648
2673,601
2674,656
2675,853
2676,994
2677,905
2678,885
2679,550
2680,1100
2681,469
2682,412
2683,462
2684,762
2685,588
2686,589
2687,642
2688,621
2689,475
2690,425
2691,423
2692,588
2693,488
2694,373
2695,357
2696,335
2697,359
2698,422
2699,503
2700,576
2701,658
2702,666
2703,601
2704,660
2705,593
2706,623
2707,443
2708,391
2709,436
2710,445
2711,486
2712,457
2713,339
2714,412
2715,400
2716,410
2717,454
2718,554
2719,579
2720,658
2721,690
2722,851
2723,596
2724,559
2725,587
2726,637
2727,535
2728,377
2729,376
2730,399
2731,366
2732,480
2733,491
2734,601
2735,633
2736,501
2737,568
2738,755
2739,663
2740,526
2741,654
2742,774
2743,832
2744,629
2745,683
2746,790
2747,750
2748,711
2749,864
2750,982
2751,1080
2752,1214
2753,1040
2754,863
2755,849
2756,841
2757,926
2758,819
2759,568
2760,916
2761,671
2762,648
2763,624
2764,621
2765,573
2766,708
2767,881
2768,683
2769,505
2770,489
2771,466
2772,424
2773,477
2774,395
2775,444
2776,690
2777,663
2778,709
2779,715
2780,648
2781,1021
2782,1003
2783,965
2784,650
2785,572
2786,506
2787,489
2788,406
2789,414
2790,593
2791,522
2792,663
2793,754
2794,570
2795,583
2796,589
2797,744
2798,809
2799,912
2800,989
2801,909
2802,1083
2803,957
2804,671
2805,627
2806,675
2807,829
2808,789
2809,955
2810,649
2811,1184
2812,855
2813,1022
2814,846
2815,934
2816,766
2817,860
2818,847
2819,967
2820,723
2821,682
2822,791
2823,888
2824,657
2825,806
2826,842
2827,883
2828,790
2829,841
2830,775
2831,1142
2832,1148
2833,977
2834,1358
2835,1186
2836,1360
2837,904
2838,705
2839,866
2840,1636
2841,974
2842,926
2843,926
2844,498
2845,583
2846,625
2847,820
2848,584
2849,534
2850,417
2851,502
2852,539
2853,531
2854,555
2855,449
2856,409
2857,551
2858,683
2859,848
2860,808
2861,654
2862,565
2863,494
2864,572
2865,702
2866,658
2867,587
2868,900
2869,822
2870,734
2871,936
2872,785
2873,752
2874,808
2875,932
2876,837
2877,688
2878,835
2879,732
2880,737
2881,1054
2882,919
2883,909
2884,562
2885,631
2886,617
2887,780
2888,666
2889,689
2890,861
2891,1252
2892,1002
2893,1189
2894,1044
2895,1139
2896,924
2897,813
2898,834
2899,960
2900,1138
2901,999
2902,780
2903,1012
2904,717
2905,923
2906,953
2907,1297
2908,1378
2909,982
2910,770
2911,909
2912,948
2913,1031
2914,1363
2915,1127
2916,904
2917,1273
2918,1906
2919,1491
2920,1079
2921,1130
2922,1203
2923,1452
2924,1576
2925,1349
2926,1076
2927,1411
2928,1233
2929,1076
2930,1466
2931,893
2932,1219
2933,1547
2934,1276
2935,1271
2936,1591
2937,1719
2938,1387
2939,1382
2940,1261
2941,1122
2942,1199
2943,1007
2944,1049
2945,904
2946,829
2947,948
2948,844
2949,617
2950,649
2951,631
2952,875
2953,1102
2954,549
2955,574
2956,619
2957,604
2958,727
2959,616
2960,796
2961,634
2962,520
2963,574
2964,586
2965,561
2966,486
2967,671
2968,770
2969,878
2970,787
2971,833
2972,982
2973,965
2974,944
2975,887
2976,1010
2977,874
2978,641
2979,639
2980,826
2981,716
2982,601
2983,607
2984,628
2985,617
2986,626
2987,699
2988,570
2989,563
2990,634
2991,1225
2992,548
2993,510
2994,740
2995,750
2996,839
2997,724
2998,769
2999,606
3000,554
3001,470
3002,613
3003,664
3004,707
3005,714
3006,672
3007,673
3008,705
3009,850
3010,766
3011,732
3012,612
3013,1055
3014,906
3015,857
3016,1033
3017,1077
3018,1019
3019,934
3020,950
3021,847
3022,679
3023,570
3024,773
3025,846
3026,743
3027,759
3028,1118
3029,971
3030,1027
3031,858
3032,636
3033,548
3034,621
3035,559
3036,861
3037,773
3038,939
3039,890
3040,765
3041,621
3042,671
3043,724
3044,635
3045,677
3046,705
3047,1056
3048,1060
3049,877
3050,1471
3051,1071
3052,503
3053,557
3054,461
3055,553
3056,791
3057,739
3058,653
3059,583
3060,562
3061,485
3062,669
3063,724
3064,704
3065,574
3066,593
3067,467
3068,389
3069,355
3070,380
3071,381
3072,454
3073,583
3074,800
3075,723
3076,635
3077,597
3078,642
3079,793
3080,760
3081,875
3082,897
3083,634
3084,533
3085,657
3086,579
3087,630
3088,531
3089,650
3090,696
3091,755
3092,731
3093,1040
3094,1210
3095,1234
3096,1624
3097,1726
3098,1470
3099,1186
3100,1633
3101,1718
3102,1741
3103,1729
3104,1654
3105,1542
3106,1441
3107,1940
3108,2059
3109,1769
3110,1848
3111,1705
3112,1439
3113,1917
3114,2020
3115,1974
3116,1728
3117,1216
3118,1044
3119,987
3120,872
3121,972
3122,1263
3123,1340
3124,1134
3125,727
3126,580
3127,569
3128,668
3129,736
3130,792
3131,937
3132,1012
3133,1798
3134,1445
3135,724
3136,688
3137,915
3138,898
3139,800
3140,741
3141,669
3142,831
3143,624
3144,785
3145,663
3146,806
3147,614
3148,567
3149,654
3150,524
3151,371
3152,446
3153,491
3154,451
3155,431
3156,539
3157,429
3158,561
3159,480
3160,339
3161,385
3162,365
3163,472
3164,448
3165,423
3166,444
3167,337
3168,357
3169,433
3170,486
3171,460
3172,409
3173,449
3174,562
3175,399
3176,312
3177,253
3178,223
3179,267
3180,426
3181,308
3182,343
3183,496
3184,470
3185,387
3186,719
3187,680
3188,921
3189,674
3190,390
3191,449
3192,420
3193,460
3194,657
3195,522
3196,589
3197,516
3198,435
3199,372
3200,381
3201,442
3202,524
3203,505
3204,598
3205,674
3206,904
3207,795
3208,699
3209,614
3210,761
3211,857
3212,526
3213,493
3214,557
3215,540
3216,542
3217,461
3218,496
3219,388
3220,369
3221,312
3222,485
3223,448
3224,495
3225,356
3226,248
3227,349
3228,420
3229,540
3230,558
3231,508
3232,413
3233,401
3234,529
3235,625
3236,596
3237,847
3238,476
3239,423
3240,399
3241,365
3242,334
3243,362
3244,324
3245,347
3246,363
3247,364
3248,406
3249,343
3250,443
3251,506
3252,483
3253,293
3254,323
3255,367
3256,311
3257,324
3258,302
3259,375
3260,329
3261,337
3262,238
3263,337
3264,304
3265,405
3266,393
3267,395
3268,484
3269,405
3270,393
3271,705
3272,371
3273,459
3274,424
3275,321
3276,353
3277,321
3278,305
3279,479
3280,479
3281,344
3282,321
3283,253
3284,280
3285,442
3286,388
3287,466
3288,437
3289,449
3290,527
3291,597
3292,496
3293,619
3294,638
3295,561
3296,518
3297,505
3298,503
3299,420
3300,344
3301,436
3302,458
3303,582
3304,546
3305,490
3306,506
3307,492
3308,360
3309,390
3310,525
3311,613
3312,639
3313,657
3314,502
3315,979
3316,1524
3317,612
3318,479
3319,647
3320,686
3321,730
3322,1070
3323,711
3324,779
3325,744
3326,527
3327,705
3328,731
3329,683
3330,494
3331,461
3332,427
3333,613
3334,547
3335,541
3336,716
3337,533
3338,355
3339,322
3340,311
3341,314
3342,275
3343,274
3344,258
3345,277
3346,260
3347,295
3348,275
3349,260
3350,274
3351,319
3352,340
3353,365
3354,366
3355,269
3356,364
3357,383
3358,282
3359,311
3360,284
3361,203
3362,251
3363,179
3364,206
3365,232
3366,215
3367,161
3368,49
3369,96
3370,182
3371,162
3372,145
3373,157
3374,199
3375,182
3376,151
3377,117
3378,161
3379,207
3380,237
3381,319
3382,229
3383,277
3384,239
3385,165
3386,206
3387,154
3388,87
3389,94
3390,74
3391,92
3392,50
3393,43
3394,58
3395,53
3396,33
3397,69
3398,68
3399,35
3400,40
3401,43
3402,53
3403,34
3404,70
3405,45
3406,133
3407,207
3408,158
3409,112
3410,71
3411,86
3412,74
3413,62
3414,52
3415,45
3416,102
3417,66
3418,128
3419,57
3420,47
3421,47
3422,53
3423,49
3424,37
3425,33
3426,47
3427,57
3428,62
3429,37
3430,93
3431,98
3432,114
3433,81
3434,97
3435,72
3436,128
3437,102
3438,96
3439,87
3440,90
3441,49
3442,48
3443,127
3444,124
3445,105
3446,93
3447,96
3448,225
3449,321
3450,502
3451,607
3452,464
3453,582
3454,548
3455,297
3456,378
3457,382
3458,141
3459,130
3460,107
3461,107
3462,64
3463,50
3464,62
3465,101
3466,53
3467,88
3468,69
3469,78
3470,79
3471,83
3472,55
3473,76
3474,173
3475,241
3476,106
3477,99
3478,143
3479,136
3480,148
3481,73
3482,133
3483,143
3484,113
3485,89
3486,126
3487,95
3488,94
3489,93
3490,99
3491,116
3492,145
3493,116
3494,161
3495,169
3496,126
3497,103
3498,183
3499,116
3500,114
3501,160
3502,121
3503,72
3504,73
3505,106
3506,75
3507,83
3508,106
3509,119
3510,126
3511,140
3512,139
3513,90
3514,48
3515,47
3516,47
3517,67
3518,106
3519,90
3520,161
3521,258
3522,249
3523,87
3524,92
3525,54
3526,47
3527,44
3528,41
3529,35
3530,32
3531,53
3532,80
3533,101
3534,124
3535,103
3536,127
3537,97
3538,114
3539,111
3540,43
3541,73
3542,527
3543,541
3544,571
3545,472
3546,554
3547,615
3548,581
3549,611
3550,509
3551,490
3552,733
3553,391
3554,386
3555,267
3556,288
3557,339
3558,385
3559,327
3560,279
3561,256
3562,247
3563,236
3564,284
3565,275
3566,352
3567,389
3568,422
3569,260
3570,403
3571,428
3572,363
3573,303
3574,276
3575,296
3576,349
3577,361
3578,335
3579,215
3580,181
3581,100
3582,223
3583,173
3584,153
3585,149
3586,122
3587,141
3588,137
3589,119
3590,131
3591,85
3592,97
3593,68
3594,79
3595,120
3596,48
3597,68
3598,65
3599,93
3600,89
3601,85
3602,71
3603,55
3604,81
3605,101
3606,109
3607,54
3608,38
3609,51
3610,74
3611,105
3612,104
3613,94
3614,53
3615,57
3616,31
3617,91
3618,60
3619,98
3620,57
3621,78
3622,131
3623,46
3624,43
3625,79
3626,114
3627,122
3628,218
3629,151
3630,117
3631,87
3632,85
3633,88
3634,119
3635,78
3636,70
3637,60
3638,79
3639,65
3640,142
3641,162
3642,158
3643,117
3644,100
3645,87
3646,91
3647,120
3648,121
3649,51
3650,59
3651,79
3652,270
3653,146
3654,124
3655,119
3656,230
3657,203
3658,220
3659,183
3660,126
3661,123
3662,93
3663,106
3664,156
3665,187
3666,223
3667,265
3668,210
3669,363
3670,328
3671,189
3672,250
3673,215
3674,150
3675,126
3676,61
3677,76
3678,69
3679,81
3680,97
3681,74
3682,73
3683,155
3684,79
3685,85
3686,117
3687,173
3688,114
3689,55
3690,62
3691,49
3692,107
3693,163
3694,81
3695,86
3696,115
3697,101
3698,71
3699,70
3700,79
3701,86
3702,114
3703,97
3704,68
3705,106
3706,82
3707,68
3708,45
3709,90
3710,111
3711,99
3712,101
3713,112
3714,91
3715,241
3716,178
3717,126
3718,92
3719,109
3720,150
3721,120
3722,141
3723,133
3724,118
3725,127
3726,265
3727,277
3728,190
3729,82
3730,140
3731,113
3732,105
3733,83
3734,82
3735,210
3736,179
3737,73
3738,87
3739,79
3740,86
3741,97
3742,88
3743,110
3744,141
3745,71
3746,100
3747,117
3748,81
3749,101
3750,205
3751,184
3752,102
3753,217
3754,430
3755,413
3756,397
3757,394
3758,560
3759,336
3760,348
3761,395
3762,299
3763,367
3764,329
3765,295
3766,215
3767,299
3768,254
3769,412
3770,263
3771,251
3772,299
3773,262
3774,304
3775,162
3776,186
3777,147
3778,206
3779,210
3780,221
3781,124
3782,249
3783,287
3784,238
3785,205
3786,256
3787,299
3788,241
3789,278
3790,360
3791,293
3792,233
3793,303
3794,177
3795,233
3796,253
3797,201
3798,200
3799,257
3800,280
3801,322
3802,354
3803,348
3804,332
3805,256
3806,386
3807,243
3808,205
3809,223
3810,262
3811,195
3812,187
3813,280
3814,311
3815,262
3816,216
3817,202
3818,227
3819,310
3820,279
3821,368
3822,275
3823,213
3824,246
3825,319
3826,230
3827,216
3828,301
3829,264
3830,233
3831,200
3832,205
3833,262
3834,354
3835,439
3836,510
3837,492
3838,457
3839,343
3840,295
3841,387
3842,321
3843,329
3844,338
3845,302
3846,301
3847,330
3848,297
3849,325
3850,450
3851,255
3852,218
3853,205
3854,205
3855,231
3856,250
3857,314
3858,233
3859,217
3860,285
3861,255
3862,320
3863,250
3864,263
3865,313
3866,315
3867,404
3868,286
3869,301
3870,279
3871,189
3872,239
3873,273
3874,181
3875,234
3876,175
3877,236
3878,334
3879,283
3880,204
3881,315
3882,264
3883,331
3884,295
3885,192
3886,187
3887,249
3888,220
3889,217
3890,175
3891,167
3892,203
3893,200
3894,247
3895,219
3896,275
3897,235
3898,291
3899,341
3900,402
3901,279
3902,266
3903,232
3904,231
3905,377
3906,469
3907,388
3908,358
3909,223
3910,207
3911,170
3912,181
3913,258
3914,285
3915,265
3916,396
3917,342
3918,336
3919,295
3920,255
3921,209
3922,296
3923,264
3924,300
3925,283
3926,241
3927,313
3928,423
3929,391
3930,352
3931,276
3932,320
3933,226
3934,194
3935,240
3936,308
3937,262
3938,330
3939,259
3940,367
3941,356
3942,308
3943,347
3944,365
3945,351
3946,309
3947,375
3948,277
3949,326
3950,335
3951,274
3952,354
3953,352
3954,341
3955,471
3956,372
3957,350
3958,346
3959,266
3960,348
3961,454
3962,366
3963,259
3964,236
3965,293
3966,196
3967,247
3968,198
3969,162
3970,131
3971,124
3972,88
3973,93
3974,108
3975,144
3976,143
3977,129
3978,207
3979,277
3980,170
3981,124
3982,193
3983,127
3984,169
3985,144
3986,96
3987,260
3988,140
3989,157
3990,125
3991,148
3992,118
3993,111
3994,148
3995,262
3996,346
3997,106
3998,141
3999,189
4000,149
4001,188
4002,154
4003,162
4004,140
4005,291
4006,187
4007,197
4008,157
4009,126
4010,202
4011,158
4012,163
4013,154
4014,124
4015,123
4016,145
4017,203
4018,131
4019,101
4020,153
4021,113
4022,201
4023,141
4024,202
4025,134
4026,109
4027,255
4028,212
4029,192
4030,157
4031,242
4032,332
4033,184
4034,314
4035,397
4036,371
4037,615
4038,365
4039,207
4040,290
4041,338
4042,151
4043,132
4044,207
4045,267
4046,162
4047,189
4048,161
4049,180
4050,202
4051,234
4052,160
4053,151
4054,163
4055,95
4056,123
4057,128
4058,137
4059,163
4060,191
4061,260
4062,303
4063,268
4064,241
4065,204
4066,189
4067,191
4068,207
4069,215
4070,246
4071,212
4072,208
4073,303
4074,306
4075,259
4076,218
4077,236
4078,210
4079,229
4080,426
4081,228
4082,175
4083,141
4084,141
4085,152
4086,157
4087,154
4088,188
4089,154
4090,156
4091,252
4092,245
4093,144
4094,164
4095,199
4096,234
4097,239
4098,205
4099,158
4100,152
4101,175
4102,161
4103,116
4104,134
4105,106
4106,92
4107,106
4108,103
4109,120
4110,134
4111,86
4112,115
4113,141
4114,129
4115,183
4116,118
4117,190
4118,186
4119,156
4120,242
4121,212
4122,205
4123,209
4124,222
4125,245
4126,224
4127,273
4128,358
4129,497
4130,391
4131,445
4132,636
4133,498
4134,460
4135,239
4136,282
4137,370
4138,332
4139,311
4140,189
4141,204
4142,273
4143,276
4144,256
4145,265
4146,236
4147,214
4148,174
4149,293
4150,323
4151,240
4152,298
4153,279
4154,265
4155,262
4156,259
4157,247
4158,313
4159,205
4160,261
4161,266
4162,218
4163,169
4164,139
4165,164
4166,232
4167,171
4168,196
4169,297
4170,208
4171,248
4172,183
4173,161
4174,232
4175,222
4176,236
4177,281
4178,161
4179,179
4180,126
4181,138
4182,152
4183,206
4184,286
4185,292
4186,261
4187,224
4188,276
4189,372
4190,343
4191,306
4192,221
4193,212
4194,204
4195,136
4196,164
4197,342
4198,230
4199,145
4200,223
4201,57
4202,88
4203,213
4204,148
4205,162
4206,153
4207,233
4208,135
4209,104
4210,101
4211,81
4212,87
4213,53
4214,123
4215,100
4216,92
4217,81
4218,72
4219,79
4220,82
4221,96
4222,95
4223,44
4224,41
4225,56
4226,56
4227,99
4228,53
4229,102
4230,112
4231,67
4232,93
4233,120
4234,111
4235,97
4236,113
4237,107
4238,102
4239,166
4240,111
4241,112
4242,106
4243,89
4244,103
4245,124
4246,82
4247,117
4248,107
4249,57
4250,70
4251,97
4252,87
4253,119
4254,90
4255,87
4256,84
4257,89
4258,48
4259,66
4260,50
4261,94
4262,132
4263,131
4264,198
4265,95
4266,118
4267,128
4268,111
4269,138
4270,109
4271,117
4272,111
4273,169
4274,228
4275,161
4276,183
4277,122
4278,109
4279,182
4280,221
4281,138
4282,205
4283,166
4284,231
4285,255
4286,236
4287,219
4288,329
4289,406
4290,362
4291,292
4292,328
4293,327
4294,223
4295,281
4296,247
4297,267
4298,231
4299,428
4300,433
4301,396
4302,446
4303,389
4304,354
4305,355
4306,182
4307,249
4308,285
4309,432
4310,249
4311,349
4312,350
4313,259
4314,381
4315,301
4316,238
4317,232
4318,298
4319,316
4320,275
4321,243
4322,326
4323,267
4324,250
4325,315
4326,264
4327,297
4328,285
4329,252
4330,197
4331,167
4332,202
4333,155
4334,199
4335,104
4336,72
4337,65
4338,59
4339,54
4340,93
4341,78
4342,52
4343,142
4344,166
4345,87
4346,153
4347,124
4348,55
4349,97
4350,149
4351,88
4352,67
4353,117
4354,111
4355,130
4356,140
4357,119
4358,121
4359,145
4360,133
4361,176
4362,156
4363,139
4364,79
4365,94
4366,102
4367,92
4368,83
4369,69
4370,54
4371,66
4372,116
4373,112
4374,106
4375,148
4376,104
4377,103
4378,110
4379,91
4380,137
4381,179
4382,186
4383,219
4384,259
4385,238
4386,209
4387,264
4388,191
4389,179
4390,109
4391,132
4392,108
4393,113
4394,110
4395,172
4396,89
4397,80
4398,92
4399,74
4400,40
4401,51
4402,61
4403,104
4404,57
4405,82
4406,88
4407,58
4408,52
4409,73
4410,210
4411,101
4412,87
4413,159
4414,168
4415,128
4416,76
4417,72
4418,66
4419,69
4420,64
4421,83
4422,71
4423,69
4424,59
4425,64
4426,58
4427,73
4428,108
4429,65
4430,62
4431,46
4432,75
4433,50
4434,69
4435,81
4436,55
4437,73
4438,112
4439,47
4440,51
4441,44
4442,21
4443,63
4444,61
4445,89
4446,52
4447,69
4448,34
4449,44
4450,59
4451,80
4452,73
4453,86
4454,199
4455,203
4456,372
4457,136
4458,88
4459,81
4460,25
4461,17
4462,63
4463,100
4464,115
4465,130
4466,99
4467,114
4468,109
4469,84
4470,56
4471,63
4472,31
4473,33
4474,25
4475,30
4476,26
4477,27
4478,22
4479,22
4480,29
4481,55
4482,33
4483,38
4484,35
4485,29
4486,28
4487,34
4488,39
4489,30
4490,13
4491,42
4492,50
4493,48
4494,24
4495,62
4496,32
4497,23
4498,35
4499,31
4500,31
4501,23
4502,15
4503,38
4504,55
4505,37
4506,25
4507,37
4508,54
4509,44
4510,31
4511,20
4512,22
4513,24
4514,38
4515,40
4516,38
4517,46
4518,97
4519,72
4520,43
4521,49
4522,78
4523,55
4524,40
4525,64
4526,87
4527,94
4528,86
4529,98
4530,164
4531,125
4532,46
4533,77
4534,61
4535,41
4536,27
4537,18
4538,42
4539,29
4540,25
4541,117
4542,46
4543,38
4544,52
4545,40
4546,22
4547,28
4548,26
4549,53
4550,62
4551,18
4552,50
4553,16
4554,32
4555,18
4556,40
4557,88
4558,81
4559,49
4560,68
4561,96
4562,15
4563,13
4564,17
4565,20
4566,19
4567,19
4568,23
4569,29
4570,67
4571,33
4572,34
4573,33
4574,26
4575,22
4576,16
4577,22
4578,25
4579,23
4580,12
4581,20
4582,43
4583,52
4584,64
4585,56
4586,88
4587,78
4588,137
4589,220
4590,296
4591,65
4592,73
4593,43
4594,80
4595,79
4596,113
4597,53
4598,36
4599,79
4600,25
4601,31
4602,42
4603,48
4604,48
4605,51
4606,38
4607,49
4608,92
4609,46
4610,52
4611,85
4612,129
4613,120
4614,69
4615,65
4616,49
4617,57
4618,40
4619,48
4620,54
4621,93
4622,37
4623,65
4624,41
4625,20
4626,17
4627,5
4628,30
4629,13
4630,11
4631,7
4632,33
4633,15
4634,10
4635,16
4636,24
4637,26
4638,19
4639,15
4640,24
4641,17
4642,16
4643,35
4644,28
4645,25
4646,13
4647,15
4648,15
4649,19
4650,25
4651,21
4652,42
4653,21
4654,35
4655,46
4656,61
4657,94
4658,91
4659,97
4660,116
4661,76
4662,44
4663,35
4664,24
4665,25
4666,20
4667,23
4668,25
4669,53
4670,72
4671,27
4672,42
4673,27
4674,30
4675,34
4676,29
4677,39
4678,33
4679,47
4680,37
4681,27
4682,31
4683,42
4684,55
4685,55
4686,47
4687,39
4688,24
4689,36
4690,46
4691,19
4692,22
4693,32
4694,42
4695,14
4696,35
4697,35
4698,18
4699,17
4700,25
4701,33
4702,24
4703,35
4704,64
4705,34
4706,15
4707,9
4708,9
4709,7
4710,8
4711,6
4712,5
4713,5
4714,7
4715,4
4716,6
4717,4
4718,4
4719,6
4720,3
4721,6
4722,9
4723,8
4724,2
4725,3
4726,11
4727,2
4728,6
4729,35
4730,9
4731,4
4732,6
4733,10
4734,5
4735,4
4736,4
4737,3
4738,4
4740,1
4741,6
4742,13
4743,17
4744,17
4745,3
4746,5
4747,9
4748,6
4749,9
4750,2
4751,6
4752,8
4753,12
4754,7
4755,4
4756,9
4757,16
4758,18
4759,4
4760,7
4761,17
4762,5
4763,9
4764,5
4765,15
4766,6
4767,5
4768,8
4769,11
4770,10
4771,23
4772,20
4773,4
4774,7
4775,4
4776,4
4777,5
4778,12
4779,8
4780,32
4781,147
4782,20
4783,6
4784,9
4785,4
4786,11
4787,13
4788,3
4789,14
4790,6
4791,7
4792,5
4793,8
4794,9
4795,29
4796,50
4797,17
4798,39
4799,32
4800,34
4801,36
4802,26
4803,58
4804,102
4805,45
4806,36
4807,34
4808,28
4809,30
4810,12
4811,5
4812,4
4813,13
4814,5
4815,7
4816,7
4817,9
4818,14
4819,16
4820,17
4821,4
4822,18
4823,37
4824,75
4825,25
4826,55
4827,42
4828,30
4829,22
4830,10
4831,9
4832,6
4833,10
4834,22
4835,28
4836,10
4837,13
4838,11
4839,18
4840,8
4841,21
4842,7
4843,3
4844,6
4845,11
4846,13
4847,35
4848,5
4849,10
4850,9
4851,10
4852,8
4853,7
4854,5
4855,8
4856,15
4857,18
4858,2
4859,26
4860,22
4861,20
4862,17
4863,26
4864,5
4865,7
4866,2
4867,6
4868,5
4869,6
4870,8
4871,7
4872,5
4873,6
4874,21
4875,18
4876,9
4877,2
4878,10
4879,6
4880,6
4881,6
4882,5
4883,7
4884,4
4885,5
4886,10
4887,3
4888,7
4889,26
4890,71
4891,42
4892,32
4893,23
4894,23
4895,10
4896,3
4897,2
4898,6
4899,4
4900,3
4901,6
4902,6
4903,6
4904,7
4905,23
4906,22
4907,10
4908,4
4909,7
4910,3
4911,2
4912,3
4913,5
4914,7
4915,7
4916,4
4917,9
4918,8
4919,26
4920,23
4921,11
4922,4
4923,3
4924,5
4925,13
4926,5
4927,43
4928,50
4929,9
4930,20
4931,10
4932,28
4933,52
4934,25
4935,10
4936,2
4937,8
4938,3
4939,2
4940,6
4941,7
4942,2
4943,11
4944,9
4945,1
4946,10
4947,14
4948,18
4949,39
4950,28
4951,10
4953,2
4954,14
4955,26
4956,13
4957,10
4958,7
4959,4
4960,3
4961,3
4962,8
4963,7
4964,17
4965,19
4966,2
4967,7
4969,7
4970,7
4972,3
4973,22
4974,92
4975,86
4976,49
4977,18
4978,11
4979,9
4980,6
4981,8
4982,4
4983,8
4984,10
4985,5
4986,10
4987,23
4988,10
4989,7
4990,8
4991,15
4992,6
4993,18
4994,40
4995,31
4996,60
4997,25
4998,19
4999,14
5000,16
5001,6
5002,1
5003,2
5004,5
5005,11
5006,10
5007,4
5008,5
5009,37
5010,40
5011,6
5012,7
5013,10
5014,11
5015,7
5016,35
5017,38
5018,28
5019,23
5020,81
5021,41
5022,20
5023,3
5024,18
5025,12
5026,16
5027,9
5028,28
5029,38
5030,9
5031,13
5032,6
5033,2
5034,3
5035,11
5036,22
5037,7
5038,6
5039,7
5040,4
5041,2
5042,7
5043,1
5044,8
5045,10
5046,2
5047,7
5048,50
5049,22
5050,11
5051,28
5052,39
5053,12
5054,7
5055,6
5056,6
5057,21
5058,29
5059,17
5060,14
5061,8
5062,4
5063,8
5064,21
5065,14
5066,16
5067,29
5068,8
5069,16
5070,21
5071,12
5072,28
5073,37
5074,6
5075,21
5076,14
5077,11
5078,1
5079,2
5080,3
5081,2
5082,8
5083,4
5084,14
5085,65
5086,82
5087,185
5088,33
5089,12
5090,25
5091,8
5092,20
5093,23
5094,22
5095,20
5096,11
5097,13
5098,48
5099,27
5100,5
5101,16
5102,7
5103,2
5104,7
5105,9
5106,6
5107,19
5108,7
5109,7
5110,12
5111,32
5112,19
5113,18
5114,27
5115,6
5116,10
5117,21
5118,7
5119,2
5120,8
5121,7
5122,5
5123,5
5124,6
5125,6
5126,41
5127,18
5128,9
5129,3
5130,3
5131,7
5132,2
5133,1
5134,3
5135,1
5136,9
5137,2
5138,16
5139,6
5140,14
5141,28
5142,10
5143,12
5144,15
5145,4
5146,12
5147,9
5148,5
5149,4
5150,2
5151,13
5152,23
5153,3
5154,35
5155,16
5156,21
5157,53
5158,52
5159,3
5160,5
5161,2
5162,2
5163,13
5164,7
5165,3
5166,7
5167,1
5168,2
5169,11
5170,12
5171,6
5172,16
5173,13
5174,3
5175,5
5176,12
5177,19
5178,4
5179,1
5180,11
5181,28
5182,11
5183,6
5184,5
5185,7
5186,17
5187,36
5188,55
5189,12
5190,4
5191,1
5192,28
5193,11
5194,9
5195,12
5196,6
5197,13
5198,8
5200,12
5201,4
5202,19
5203,16
5204,4
5205,11
5206,3
5207,5
5209,20
5210,6
5211,13
5212,6
5213,8
5214,4
5215,18
5216,35
5217,46
5218,43
5219,16
5220,20
5221,6
5222,10
5223,10
5224,19
5225,18
5226,34
5227,61
5229,81
5230,346
5231,212
5232,100
5233,136
5234,142
5235,81
5236,69
5237,118
5238,174
5239,242
5240,227
5241,105
5242,42
5243,14
5244,6
5245,5
5246,1
5247,6
5248,4
5249,42
5250,33
5251,5
5252,9
5253,5
5254,3
5255,2
5256,10
5257,9
5258,4
5259,7
5260,4
5261,57
5262,18
5263,29
5264,2
5265,4
5266,4
5267,3
5268,3
5269,11
5270,10
5272,3
5274,5
5275,3
5276,6
5277,21
5278,63
5279,37
5280,5
5281,7
5282,6
5283,12
5284,6
5285,3
5286,7
5287,4
5288,3
5289,2
5290,6
5291,7
5292,19
5293,11
5294,5
5295,1
5296,12
5297,8
5298,14
5299,9
5300,2
5301,9
5302,9
5303,24
5304,15
5305,4
5306,7
5307,27
5308,10
5309,4
5310,3
5311,12
5312,13
5313,8
5314,15
5316,5
5317,1
5318,2
5319,1
5320,7
5321,7
5322,47
5323,11
5324,27
5325,3
5326,16
5327,6
5328,6
5329,8
5330,7
5331,13
5332,15
5333,6
5334,12
5335,23
5336,3
5337,33
5338,10
5339,10
5340,5
5341,6
5342,4
5343,8
5344,4
5345,8
5346,19
5347,20
5348,37
5349,49
5350,33
5351,30
5352,21
5353,17
5354,11
5355,16
5356,5
5357,10
5358,11
5359,21
5360,14
5361,9
5362,22
5363,36
5364,21
5365,5
5366,3
5367,2
5368,2
5369,16
5370,35
5371,12
5372,11
5373,57
5374,29
5375,31
5376,17
5377,9
5378,7
5379,22
5380,6
5381,3
5382,1
5383,10
5384,9
5385,9
5386,7
5387,27
5388,12
5389,7
5390,5
5391,8
5392,6
5393,3
5394,20
5395,38
5396,13
5397,11
5398,2
5399,3
5400,1
5401,27
5402,19
5403,5
5404,2
5405,1
5407,26
5408,1
5409,8
5410,1
5411,1
5412,6
5413,10
5414,27
5415,35
5417,6
5418,12
5419,12
5420,5
5421,6
5422,5
5423,1
5424,10
5425,18
5426,7
5427,11
5428,17
5429,16
5430,17
5431,31
5432,38
5433,22
5434,48
5435,24
5436,61
5437,36
5438,70
5439,23
5440,8
