0,40746728
1,6994
2,3172
3,3346
4,2977
5,3405
6,3114
7,1966
8,2193
9,3110
10,2078
11,2757
12,3502
13,2415
14,2694
15,2424
16,2373
17,2889
18,2315
19,1926
20,2102
21,1895
22,1984
23,1737
24,1642
25,1937
26,812
27,2349
28,1897
29,1288
30,1841
31,1991
32,1021
33,2191
34,1131
35,2211
36,1231
37,1632
38,1299
39,2383
40,1553
41,2207
42,2042
43,1398
44,1958
45,1207
46,1044
47,1402
48,1383
49,1055
50,1227
51,865
52,973
53,1614
54,1626
55,1777
56,2063
57,1937
58,1378
59,1344
60,1340
61,979
62,1272
63,1871
64,2550
65,1208
66,1763
67,872
68,1033
69,1170
70,507
71,1026
72,702
73,1785
74,1738
75,1437
76,1771
77,1888
78,700
79,929
80,847
81,801
82,1282
83,1030
84,1019
85,1732
86,928
87,1062
88,1048
89,795
90,1403
91,631
92,956
93,1020
94,886
95,1125
96,865
97,1110
98,793
99,1374
100,709
101,1213
102,1157
103,1113
104,1852
105,1989
106,1378
107,1175
108,1239
109,1464
110,944
111,1094
112,1175
113,1003
114,1324
115,1032
116,874
117,864
118,850
119,982
120,990
121,1048
122,2532
123,1435
124,1226
125,1729
126,1048
127,894
128,1763
129,1814
130,988
131,2826
132,2131
133,1383
134,1152
135,1060
136,1224
137,480
138,1365
139,1292
140,1209
141,2718
142,1418
143,1123
144,1502
145,2591
146,1586
147,1391
148,1357
149,1329
150,1435
151,1608
152,1043
153,953
154,1264
155,1205
156,1072
157,1673
158,1743
159,1288
160,1861
161,1064
162,973
163,1949
164,1624
165,1380
166,1382
167,1758
168,1303
169,1256
170,1192
171,1917
172,1432
173,1101
174,1073
175,892
176,883
177,3028
178,845
179,1193
180,714
181,1083
182,1231
183,1509
184,983
185,1067
186,987
187,1280
188,1023
189,984
190,1228
191,888
192,1041
193,1020
194,1273
195,1108
196,1112
197,1432
198,1126
199,1581
200,1436
201,724
202,995
203,1168
204,1337
205,1062
206,1267
207,1488
208,1562
209,834
210,964
211,977
212,787
213,1105
214,794
215,1351
216,1546
217,1533
218,817
219,1812
220,1021
221,1224
222,1657
223,1487
224,906
225,1657
226,1457
227,819
228,723
229,844
230,721
231,641
232,985
233,1127
234,802
235,796
236,530
237,756
238,782
239,633
240,531
241,596
242,872
243,630
244,741
245,884
246,989
247,1101
248,909
249,828
250,1049
251,969
252,1089
253,1412
254,960
255,1341
256,1109
257,1272
258,1185
259,1121
260,1104
261,1279
262,807
263,962
264,957
265,914
266,772
267,923
268,993
269,1129
270,907
271,881
272,748
273,620
274,1086
275,1677
276,1790
277,1274
278,1412
279,1088
280,1190
281,1739
282,1446
283,1654
284,1352
285,1345
286,1262
287,1451
288,957
289,1056
290,1644
291,987
292,1756
293,932
294,1721
295,1003
296,1325
297,1079
298,1424
299,1436
300,1261
301,1515
302,1527
303,905
304,1603
305,1919
306,1027
307,1644
308,1230
309,1819
310,1379
311,1389
312,1483
313,978
314,1053
315,875
316,1182
317,952
318,1737
319,1371
320,777
321,1170
322,723
323,1045
324,968
325,925
326,764
327,1063
328,912
329,923
330,1034
331,1242
332,980
333,938
334,1322
335,1263
336,1269
337,1143
338,1001
339,1069
340,954
341,1086
342,1094
343,1633
344,1771
345,2064
346,1164
347,1600
348,1215
349,1027
350,1091
351,1562
352,1242
353,1482
354,1352
355,1596
356,1295
357,1590
358,1204
359,1459
360,1353
361,1553
362,966
363,1427
364,1352
365,1533
366,1043
367,1656
368,650
369,589
370,900
371,956
372,1323
373,1220
374,1963
375,1398
376,1821
377,1124
378,1678
379,1160
380,1603
381,674
382,1667
383,1007
384,595
385,771
386,890
387,819
388,799
389,835
390,1413
391,568
392,854
393,826
394,1141
395,1196
396,1173
397,1915
398,1068
399,876
400,1183
401,1514
402,911
403,1107
404,1465
405,1062
406,1352
407,3225
408,899
409,869
410,1505
411,2124
412,1160
413,1904
414,1548
415,1126
416,2088
417,1334
418,1452
419,2133
420,1504
421,1140
422,1126
423,1111
424,1743
425,939
426,1186
427,933
428,3011
429,1026
430,1372
431,904
432,2293
433,848
434,895
435,978
436,1656
437,2585
438,1521
439,1775
440,1138
441,1427
442,1109
443,1379
444,1366
445,2060
446,2333
447,2253
448,1628
449,1534
450,1422
451,1008
452,1178
453,1327
454,1332
455,2101
456,1585
457,1389
458,1612
459,1812
460,1375
461,1368
462,2237
463,1723
464,1463
465,1947
466,2369
467,2245
468,2644
469,1873
470,2051
471,2792
472,3771
473,2993
474,3113
475,2117
476,2637
477,3196
478,3247
479,3172
480,4658
481,2661
482,3358
483,4138
484,2462
485,2196
486,2418
487,2016
488,3003
489,1916
490,2887
491,2656
492,3824
493,2675
494,2545
495,2550
496,4334
497,2535
498,1880
499,2824
500,2251
501,2707
502,4191
503,3739
504,3528
505,4706
506,3908
507,4180
508,2622
509,3861
510,2763
511,3914
512,3673
513,2616
514,2694
515,2930
516,3622
517,3484
518,4055
519,3402
520,2994
521,3029
522,2662
523,3092
524,3670
525,3874
526,4133
527,3306
528,3245
529,4758
530,4745
531,3885
532,5503
533,4134
534,3857
535,3259
536,2899
537,2796
538,3273
539,2992
540,4794
541,2477
542,3457
543,2947
544,3421
545,2906
546,4005
547,3804
548,3475
549,3937
550,3955
551,2345
552,3264
553,2928
554,3381
555,3241
556,3707
557,4025
558,6274
559,4637
560,6776
561,4683
562,6517
563,8568
564,6480
565,7463
566,5828
567,4384
568,5629
569,4912
570,5966
571,6649
572,6557
573,8379
574,7685
575,7747
576,9868
577,9513
578,7625
579,12099
580,9412
581,12606
582,15752
583,12638
584,11448
585,13980
586,14601
587,13053
588,13233
589,14258
590,15106
591,16076
592,14804
593,19413
594,20972
595,28424
596,36577
597,41315
598,60083
599,77739
600,568292
601,64018
602,41157
603,38378
604,38571
605,33596
606,33832
607,27737
608,28294
609,29007
610,23829
611,27412
612,27971
613,24240
614,23809
615,23485
616,20385
617,20348
618,16518
619,17990
620,20982
621,19110
622,24193
623,20894
624,17838
625,16974
626,16635
627,16644
628,19095
629,18385
630,19297
631,17084
632,17130
633,18348
634,18707
635,16827
636,18177
637,17593
638,16304
639,17410
640,16762
641,18344
642,21728
643,18869
644,21981
645,21094
646,23629
647,22279
648,19038
649,19537
650,18956
651,15952
652,15380
653,15125
654,14809
655,13631
656,11052
657,10214
658,12119
659,10664
660,10749
661,10324
662,9319
663,8493
664,8148
665,8991
666,8925
667,8767
668,9460
669,9188
670,9176
671,9033
672,7968
673,9042
674,8792
675,9588
676,9524
677,8815
678,7483
679,7927
680,6638
681,7708
682,9060
683,10084
684,9654
685,10561
686,9622
687,9389
688,10508
689,9612
690,9569
691,8917
692,9330
693,9235
694,8462
695,8139
696,7904
697,7763
698,9580
699,8223
700,8578
701,8323
702,7997
703,7702
704,7275
705,6122
706,7109
707,7507
708,9605
709,7657
710,7541
711,9399
712,8786
713,9184
714,7890
715,8687
716,7471
717,8099
718,7421
719,6937
720,6949
721,6696
722,7107
723,6158
724,6680
725,6390
726,5016
727,5096
728,5901
729,5166
730,4587
731,4840
732,4707
733,4449
734,4875
735,4376
736,5055
737,4676
738,5213
739,4889
740,5167
741,5321
742,4959
743,5805
744,5393
745,5961
746,6306
747,6611
748,7683
749,6464
750,5771
751,6656
752,6596
753,6248
754,6366
755,7674
756,7679
757,6923
758,5704
759,6498
760,6433
761,6598
762,6337
763,6190
764,5728
765,5920
766,7697
767,8502
768,8013
769,8184
770,7588
771,6645
772,6414
773,6846
774,7554
775,7205
776,5789
777,5625
778,7326
779,6173
780,5857
781,6218
782,7140
783,7257
784,6435
785,5270
786,5467
787,5089
788,4897
789,6077
790,6445
791,6961
792,6785
793,6837
794,6612
795,7069
796,5344
797,4451
798,3938
799,4267
800,5106
801,5184
802,5313
803,5461
804,4403
805,4420
806,4001
807,4294
808,3795
809,4240
810,3779
811,4121
812,5132
813,4331
814,3310
815,3865
816,4419
817,4352
818,4460
819,5007
820,5810
821,6030
822,4596
823,4742
824,5228
825,5184
826,4397
827,3827
828,3720
829,4078
830,4299
831,3542
832,3225
833,3787
834,3954
835,4567
836,3677
837,4236
838,4806
839,4460
840,4501
841,4410
842,4330
843,4733
844,4859
845,4799
846,3847
847,4814
848,4372
849,4385
850,3821
851,4385
852,4839
853,3718
854,3956
855,4228
856,5287
857,3881
858,5272
859,5880
860,5758
861,4947
862,5397
863,4913
864,4814
865,5420
866,4137
867,4442
868,4725
869,4615
870,4609
871,3383
872,5612
873,4292
874,3549
875,3474
876,5256
877,3971
878,3898
879,5428
880,4765
881,5833
882,5052
883,5426
884,4717
885,4395
886,4039
887,4132
888,4207
889,4768
890,4392
891,3350
892,3622
893,3948
894,3104
895,3195
896,3865
897,3822
898,4125
899,5054
900,3994
901,4102
902,3899
903,3333
904,3288
905,3715
906,3808
907,3217
908,3057
909,2605
910,3043
911,3243
912,3361
913,3344
914,3292
915,3515
916,3077
917,3566
918,2916
919,3428
920,2686
921,3384
922,2527
923,3341
924,2979
925,3430
926,4519
927,3190
928,4117
929,2598
930,3284
931,2601
932,2341
933,2991
934,2504
935,2611
936,2957
937,2843
938,3346
939,3021
940,3704
941,3563
942,2958
943,3634
944,3594
945,3745
946,3413
947,4565
948,3024
949,3517
950,2714
951,2888
952,2326
953,2838
954,2680
955,2997
956,3276
957,3383
958,3670
959,3076
960,3458
961,2743
962,3055
963,3661
964,3470
965,3195
966,3519
967,2970
968,3488
969,2631
970,2544
971,2880
972,2928
973,2954
974,2901
975,2724
976,2465
977,1763
978,2343
979,1987
980,2411
981,2959
982,2761
983,2735
984,2505
985,3303
986,2623
987,2041
988,2954
989,2290
990,2901
991,2367
992,2787
993,2957
994,2856
995,3204
996,5480
997,3504
998,3235
999,3438
1000,3965
1001,4055
1002,3348
1003,3587
1004,2564
1005,3141
1006,4029
1007,2880
1008,2600
1009,3632
1010,3112
1011,2636
1012,2677
1013,2779
1014,2481
1015,2675
1016,2608
1017,3007
1018,3450
1019,2172
1020,2710
1021,2119
1022,2388
1023,3270
1024,2731
1025,2503
1026,2389
1027,1932
1028,2998
1029,2433
1030,3335
1031,2094
1032,2227
1033,2279
1034,2487
1035,2554
1036,3254
1037,3117
1038,2382
1039,2580
1040,2157
1041,2521
1042,2216
1043,2406
1044,2815
1045,1964
1046,2397
1047,2081
1048,2180
1049,2959
1050,2390
1051,3467
1052,3085
1053,3532
1054,3251
1055,2800
1056,3073
1057,4141
1058,3527
1059,2968
1060,3244
1061,2882
1062,3339
1063,2956
1064,2679
1065,2178
1066,2614
1067,2535
1068,3023
1069,3076
1070,4563
1071,4303
1072,3487
1073,2717
1074,3049
1075,2843
1076,2660
1077,1968
1078,3297
1079,1945
1080,1927
1081,1448
1082,2291
1083,2281
1084,2102
1085,2209
1086,2569
1087,2389
1088,3767
1089,3897
1090,2542
1091,2384
1092,2603
1093,1958
1094,1081
1095,1833
1096,2151
1097,1242
1098,874
1099,1174
1100,1896
1101,1849
1102,2225
1103,1902
1104,1770
1105,2365
1106,2515
1107,2975
1108,1675
1109,1684
1110,1986
1111,2179
1112,2603
1113,2199
1114,1934
1115,1571
1116,3037
1117,3325
1118,4486
1119,4639
1120,4544
1121,4320
1122,2960
1123,1949
1124,1922
1125,3030
1126,2629
1127,3339
1128,3031
1129,3333
1130,2785
1131,2969
1132,2287
1133,3126
1134,3558
1135,3240
1136,2608
1137,2175
1138,2826
1139,3634
1140,2725
1141,2341
1142,2141
1143,1959
1144,2386
1145,2716
1146,3760
1147,2882
1148,2610
1149,3072
1150,2705
1151,2988
1152,3836
1153,4097
1154,4452
1155,4204
1156,3344
1157,3212
1158,2717
1159,2134
1160,1888
1161,2695
1162,2418
1163,3219
1164,3532
1165,3237
1166,4083
1167,4339
1168,3079
1169,4042
1170,4019
1171,2341
1172,3321
1173,3469
1174,3223
1175,2513
1176,2328
1177,1903
1178,2415
1179,2705
1180,2537
1181,2372
1182,2497
1183,1426
1184,2182
1185,2293
1186,3347
1187,3057
1188,2855
1189,2816
1190,3249
1191,2742
1192,2790
1193,3285
1194,2357
1195,2792
1196,2967
1197,3292
1198,4005
1199,2577
1200,3000
1201,2353
1202,2234
1203,2352
1204,2576
1205,1745
1206,1784
1207,2153
1208,2740
1209,2404
1210,2600
1211,3879
1212,4077
1213,3979
1214,3480
1215,2847
1216,3137
1217,2596
1218,3281
1219,2503
1220,2292
1221,2178
1222,2471
1223,2323
1224,2383
1225,1931
1226,2141
1227,2205
1228,2147
1229,3361
1230,3621
1231,3761
1232,2935
1233,2875
1234,3306
1235,2126
1236,1856
1237,1606
1238,1610
1239,1163
1240,1744
1241,2764
1242,1127
1243,1690
1244,1802
1245,2153
1246,1968
1247,1896
1248,1854
1249,2457
1250,1865
1251,3102
1252,3052
1253,2911
1254,3244
1255,5052
1256,3670
1257,4541
1258,3199
1259,2797
1260,3263
1261,2942
1262,2955
1263,3371
1264,3449
1265,3019
1266,2356
1267,2166
1268,2601
1269,4019
1270,4251
1271,3132
1272,5151
1273,3627
1274,4768
1275,5132
1276,4428
1277,5340
1278,4474
1279,3960
1280,3739
1281,4888
1282,5422
1283,8892
1284,11415
1285,14226
1286,10042
1287,8004
1288,5435
1289,4309
1290,4273
1291,3795
1292,3553
1293,2952
1294,2919
1295,2046
1296,1434
1297,1282
1298,1764
1299,2133
1300,2125
1301,2040
1302,2414
1303,3616
1304,3322
1305,2544
1306,2212
1307,2033
1308,1984
1309,2114
1310,2093
1311,1871
1312,1180
1313,1118
1314,1559
1315,2033
1316,1597
1317,1364
1318,1064
1319,789
1320,716
1321,796
1322,709
1323,659
1324,695
1325,787
1326,717
1327,765
1328,863
1329,763
1330,707
1331,554
1332,618
1333,785
1334,629
1335,536
1336,652
1337,693
1338,681
1339,736
1340,827
1341,776
1342,852
1343,895
1344,963
1345,983
1346,954
1347,1061
1348,912
1349,729
1350,654
1351,745
1352,682
1353,575
1354,700
1355,533
1356,460
1357,675
1358,585
1359,433
1360,465
1361,667
1362,768
1363,918
1364,880
1365,679
1366,488
1367,566
1368,518
1369,488
1370,578
1371,431
1372,364
1373,409
1374,400
1375,349
1376,447
1377,587
1378,521
1379,633
1380,702
1381,417
1382,389
1383,484
1384,581
1385,469
1386,397
1387,440
1388,539
1389,612
1390,573
1391,519
1392,744
1393,579
1394,479
1395,391
1396,476
1397,533
1398,534
1399,827
1400,526
1401,590
1402,444
1403,471
1404,459
1405,582
1406,631
1407,643
1408,747
1409,716
1410,548
1411,677
1412,639
1413,639
1414,609
1415,540
1416,527
1417,535
1418,597
1419,627
1420,693
1421,810
1422,590
1423,719
1424,806
1425,685
1426,686
1427,529
1428,745
1429,721
1430,702
1431,804
1432,598
1433,526
1434,780
1435,788
1436,703
1437,600
1438,683
1439,798
1440,640
1441,704
1442,805
1443,630
1444,573
1445,604
1446,675
1447,537
1448,464
1449,554
1450,612
1451,654
1452,531
1453,697
1454,656
1455,711
1456,646
1457,523
1458,543
1459,419
1460,380
1461,613
1462,580
1463,592
1464,464
1465,525
1466,556
1467,373
1468,938
1469,860
1470,581
1471,445
1472,296
1473,503
1474,393
1475,376
1476,398
1477,466
1478,301
1479,266
1480,1652
1481,381
1482,456
1483,640
1484,638
1485,978
1486,579
1487,425
1488,415
1489,576
1490,603
1491,561
1492,878
1493,884
1494,1039
1495,912
1496,921
1497,1159
1498,1155
1499,997
1500,1183
1501,1460
1502,1420
1503,1490
1504,1116
1505,916
1506,710
1507,669
1508,712
1509,807
1510,801
1511,917
1512,1152
1513,981
1514,955
1515,891
1516,816
1517,1080
1518,878
1519,677
1520,664
1521,684
1522,361
1523,483
1524,509
1525,480
1526,541
1527,494
1528,485
1529,505
1530,716
1531,544
1532,754
1533,672
1534,567
1535,588
1536,724
1537,682
1538,561
1539,657
1540,709
1541,726
1542,636
1543,622
1544,652
1545,440
1546,834
1547,507
1548,446
1549,426
1550,362
1551,537
1552,383
1553,413
1554,396
1555,437
1556,420
1557,363
1558,519
1559,453
1560,491
1561,445
1562,350
1563,457
1564,466
1565,486
1566,391
1567,370
1568,384
1569,430
1570,452
1571,419
1572,679
1573,710
1574,429
1575,392
1576,681
1577,307
1578,379
1579,405
1580,382
1581,412
1582,400
1583,370
1584,408
1585,351
1586,440
1587,598
1588,539
1589,665
1590,630
1591,1528
1592,603
1593,913
1594,939
1595,713
1596,524
1597,669
1598,816
1599,627
1600,511
1601,532
1602,435
1603,483
1604,364
1605,388
1606,459
1607,411
1608,541
1609,448
1610,481
1611,505
1612,431
1613,374
1614,455
1615,448
1616,521
1617,382
1618,674
1619,597
1620,482
1621,433
1622,455
1623,555
1624,423
1625,512
1626,418
1627,515
1628,526
1629,433
1630,385
1631,378
1632,642
1633,471
1634,627
1635,585
1636,506
1637,420
1638,563
1639,513
1640,456
1641,612
1642,476
1643,478
1644,441
1645,481
1646,462
1647,660
1648,766
1649,818
1650,828
1651,739
1652,812
1653,552
1654,694
1655,602
1656,678
1657,943
1658,940
1659,1209
1660,1133
1661,841
1662,799
1663,598
1664,619
1665,563
1666,660
1667,727
1668,572
1669,748
1670,570
1671,599
1672,523
1673,434
1674,349
1675,291
1676,396
1677,609
1678,416
1679,248
1680,308
1681,346
1682,365
1683,487
1684,570
1685,648
1686,552
1687,851
1688,873
1689,891
1690,834
1691,803
1692,589
1693,623
1694,707
1695,667
1696,405
1697,319
1698,1052
1699,451
1700,424
1701,408
1702,488
1703,466
1704,439
1705,401
1706,322
1707,793
1708,528
1709,741
1710,587
1711,408
1712,413
1713,549
1714,698
1715,619
1716,669
1717,567
1718,575
1719,620
1720,640
1721,747
1722,618
1723,688
1724,688
1725,588
1726,567
1727,587
1728,460
1729,640
1730,495
1731,596
1732,664
1733,753
1734,868
1735,805
1736,671
1737,769
1738,777
1739,917
1740,802
1741,757
1742,881
1743,695
1744,718
1745,737
1746,793
1747,599
1748,397
1749,470
1750,418
1751,446
1752,502
1753,624
1754,495
1755,750
1756,680
1757,679
1758,652
1759,420
1760,502
1761,534
1762,469
1763,502
1764,735
1765,786
1766,794
1767,1181
1768,954
1769,867
1770,936
1771,764
1772,823
1773,891
1774,1034
1775,895
1776,867
1777,797
1778,675
1779,767
1780,786
1781,845
1782,979
1783,1145
1784,1046
1785,987
1786,1000
1787,967
1788,907
1789,779
1790,725
1791,707
1792,654
1793,673
1794,748
1795,818
1796,779
1797,892
1798,527
1799,593
1800,623
1801,616
1802,481
1803,404
1804,464
1805,746
1806,741
1807,599
1808,611
1809,517
1810,633
1811,539
1812,509
1813,561
1814,772
1815,670
1816,653
1817,852
1818,998
1819,1022
1820,994
1821,765
1822,816
1823,875
1824,891
1825,805
1826,743
1827,793
1828,573
1829,532
1830,556
1831,641
1832,533
1833,578
1834,649
1835,805
1836,529
1837,456
1838,485
1839,557
1840,584
1841,729
1842,666
1843,468
1844,850
1845,595
1846,766
1847,793
1848,623
1849,579
1850,705
1851,689
1852,743
1853,740
1854,636
1855,643
1856,773
1857,652
1858,604
1859,802
1860,733
1861,829
1862,976
1863,848
1864,1259
1865,1209
1866,1224
1867,1105
1868,1234
1869,1385
1870,1167
1871,1869
1872,933
1873,836
1874,853
1875,982
1876,997
1877,1030
1878,905
1879,1031
1880,1225
1881,1270
1882,1167
1883,939
1884,816
1885,960
1886,831
1887,898
1888,1350
1889,987
1890,772
1891,895
1892,793
1893,944
1894,1098
1895,1376
1896,1150
1897,1059
1898,668
1899,990
1900,835
1901,889
1902,640
1903,817
1904,744
1905,550
1906,754
1907,715
1908,742
1909,771
1910,613
1911,483
1912,580
1913,655
1914,773
1915,790
1916,865
1917,650
1918,852
1919,837
1920,787
1921,908
1922,731
1923,921
1924,964
1925,832
1926,863
1927,894
1928,923
1929,528
1930,572
1931,820
1932,1094
1933,824
1934,873
1935,1057
1936,903
1937,1045
1938,852
1939,751
1940,824
1941,856
1942,1055
1943,954
1944,1176
1945,1027
1946,1000
1947,933
1948,805
1949,822
1950,942
1951,1028
1952,1034
1953,1002
1954,912
1955,1774
1956,861
1957,913
1958,1011
1959,931
1960,920
1961,1173
1962,1062
1963,1147
1964,848
1965,862
1966,1243
1967,1136
1968,850
1969,966
1970,1137
1971,795
1972,728
1973,526
1974,748
1975,811
1976,713
1977,733
1978,991
1979,954
1980,1007
1981,1048
1982,1264
1983,1313
1984,1211
1985,1194
1986,1023
1987,1449
1988,1635
1989,1705
1990,1478
1991,1497
1992,1738
1993,1385
1994,1278
1995,1394
1996,1428
1997,1123
1998,957
1999,870
2000,878
2001,1236
2002,1792
2003,1506
2004,1470
2005,1109
2006,823
2007,955
2008,827
2009,864
2010,762
2011,919
2012,845
2013,1064
2014,880
2015,1015
2016,1630
2017,852
2018,987
2019,801
2020,986
2021,974
2022,900
2023,771
2024,684
2025,838
2026,720
2027,895
2028,882
2029,809
2030,1118
2031,877
2032,987
2033,833
2034,795
2035,998
2036,994
2037,926
2038,750
2039,604
2040,323
2041,507
2042,366
2043,367
2044,357
2045,442
2046,419
2047,444
2048,651
2049,687
2050,635
2051,675
2052,622
2053,670
2054,449
2055,487
2056,592
2057,437
2058,521
2059,505
2060,544
2061,427
2062,534
2063,383
2064,481
2065,524
2066,603
2067,470
2068,513
2069,504
2070,500
2071,452
2072,403
2073,393
2074,408
2075,461
2076,436
2077,402
2078,385
2079,502
2080,485
2081,519
2082,520
2083,484
2084,528
2085,488
2086,511
2087,394
2088,351
2089,334
2090,337
2091,360
2092,405
2093,395
2094,413
2095,433
2096,587
2097,736
2098,740
2099,746
2100,524
2101,526
2102,504
2103,333
2104,358
2105,379
2106,254
2107,249
2108,210
2109,220
2110,248
2111,438
2112,387
2113,264
2114,358
2115,305
2116,312
2117,305
2118,415
2119,324
2120,332
2121,322
2122,260
2123,248
2124,424
2125,359
2126,303
2127,310
2128,277
2129,326
2130,257
2131,284
2132,299
2133,372
2134,377
2135,454
2136,297
2137,345
2138,304
2139,298
2140,354
2141,303
2142,328
2143,260
2144,356
2145,321
2146,277
2147,352
2148,431
2149,515
2150,383
2151,525
2152,354
2153,629
2154,376
2155,257
2156,260
2157,209
2158,295
2159,359
2160,337
2161,337
2162,350
2163,380
2164,230
2165,209
2166,144
2167,212
2168,108
2169,150
2170,105
2171,110
2172,123
2173,78
2174,92
2175,117
2176,92
2177,120
2178,134
2179,127
2180,133
2181,204
2182,377
2183,126
2184,153
2185,411
2186,361
2187,321
2188,215
2189,388
2190,241
2191,313
2192,302
2193,360
2194,351
2195,454
2196,508
2197,795
2198,763
2199,735
2200,518
2201,501
2202,1676
2203,350
2204,503
2205,465
2206,497
2207,508
2208,482
2209,604
2210,592
2211,456
2212,396
2213,521
2214,350
2215,298
2216,346
2217,305
2218,307
2219,262
2220,262
2221,169
2222,159
2223,124
2224,180
2225,131
2226,251
2227,342
2228,205
2229,126
2230,128
2231,158
2232,120
2233,88
2234,132
2235,210
2236,115
2237,165
2238,141
2239,179
2240,148
2241,120
2242,250
2243,301
2244,269
2245,119
2246,124
2247,141
2248,138
2249,138
2250,140
2251,119
2252,170
2253,201
2254,188
2255,168
2256,151
2257,142
2258,153
2259,208
2260,200
2261,236
2262,424
2263,409
2264,356
2265,446
2266,406
2267,293
2268,229
2269,231
2270,315
2271,406
2272,330
2273,263
2274,231
2275,414
2276,496
2277,297
2278,259
2279,324
2280,346
2281,312
2282,252
2283,436
2284,165
2285,202
2286,401
2287,400
2288,402
2289,180
2290,163
2291,271
2292,141
2293,131
2294,132
2295,172
2296,265
2297,170
2298,189
2299,218
2300,177
2301,133
2302,151
2303,138
2304,205
2305,250
2306,205
2307,231
2308,237
2309,283
2310,290
2311,406
2312,313
2313,302
2314,287
2315,417
2316,422
2317,395
2318,377
2319,333
2320,156
2321,136
2322,147
2323,134
2324,88
2325,225
2326,245
2327,168
2328,184
2329,143
2330,204
2331,185
2332,235
2333,140
2334,169
2335,134
2336,231
2337,278
2338,188
2339,123
2340,167
2341,219
2342,160
2343,125
2344,265
2345,225
2346,160
2347,186
2348,321
2349,211
2350,152
2351,186
2352,126
2353,128
2354,153
2355,180
2356,180
2357,106
2358,107
2359,149
2360,139
2361,164
2362,211
2363,244
2364,224
2365,190
2366,225
2367,120
2368,96
2369,81
2370,81
2371,116
2372,109
2373,278
2374,138
2375,63
2376,47
2377,72
2378,49
2379,49
2380,48
2381,46
2382,74
2383,68
2384,65
2385,35
2386,136
2387,78
2388,81
2389,49
2390,58
2391,59
2392,58
2393,53
2394,56
2395,107
2396,55
2397,36
2398,38
2399,41
2400,72
2401,57
2402,57
2403,60
2404,366
2405,294
2406,220
2407,338
2408,351
2409,244
2410,326
2411,129
2412,393
2413,278
2414,198
2415,186
2416,78
2417,107
2418,93
2419,118
2420,223
2421,138
2422,154
2423,131
2424,35
2425,30
2426,85
2427,39
2428,32
2429,18
2430,16
2431,29
2432,36
2433,41
2434,204
2435,101
2436,57
2437,33
2438,34
2439,36
2440,24
2441,18
2442,24
2443,31
2444,25
2445,19
2446,21
2447,22
2448,20
2449,24
2450,50
2451,55
2452,31
2453,24
2454,44
2455,57
2456,145
2457,205
2458,313
2459,219
2460,180
2461,156
2462,163
2463,109
2464,163
2465,124
2466,127
2467,138
2468,140
2469,109
2470,60
2471,56
2472,71
2473,69
2474,36
2475,45
2476,57
2477,77
2478,119
2479,111
2480,112
2481,78
2482,97
2483,116
2484,96
2485,113
2486,114
2487,183
2488,284
2489,193
2490,121
2491,153
2492,234
2493,249
2494,196
2495,132
2496,112
2497,160
2498,156
2499,281
2500,372
2501,360
2502,443
2503,463
2504,414
2505,611
2506,491
2507,412
2508,363
2509,348
2510,229
2511,172
2512,209
2513,163
2514,238
2515,179
2516,196
2517,207
2518,134
2519,183
2520,131
2521,187
2522,225
2523,250
2524,159
2525,177
2526,221
2527,124
2528,164
2529,271
2530,280
2531,261
2532,284
2533,170
2534,269
2535,220
2536,222
2537,204
2538,353
2539,410
2540,221
2541,636
2542,494
2543,431
2544,530
2545,453
2546,344
2547,369
2548,265
2549,300
2550,316
2551,385
2552,421
2553,410
2554,302
2555,313
2556,280
2557,334
2558,294
2559,292
2560,304
2561,281
2562,255
2563,256
2564,51
2565,76
2566,67
2567,80
2568,85
2569,107
2570,141
2571,107
2572,157
2573,142
2574,72
2575,111
2576,106
2577,92
2578,124
2579,120
2580,128
2581,103
2582,116
2583,125
2584,97
2585,108
2586,115
2587,109
2588,135
2589,114
2590,174
2591,125
2592,112
2593,96
2594,91
2595,104
2596,128
2597,91
2598,91
2599,54
2600,67
2601,70
2602,80
2603,72
2604,66
2605,68
2606,76
2607,55
2608,79
2609,66
2610,61
2611,71
2612,64
2613,62
2614,98
2615,133
2616,113
2617,90
2618,162
2619,83
2620,103
2621,101
2622,290
2623,380
2624,298
2625,211
2626,251
2627,287
2628,354
2629,587
2630,362
2631,231
2632,85
2633,86
2634,75
2635,48
2636,56
2637,102
2638,99
2639,99
2640,105
2641,47
2642,50
2643,49
2644,89
2645,74
2646,57
2647,46
2648,40
2649,51
2650,50
2651,46
2652,37
2653,68
2654,51
2655,34
2656,44
2657,47
2658,47
2659,174
2660,134
2661,49
2662,46
2663,24
2664,46
2665,45
2666,46
2667,45
2668,21
2669,35
2670,31
2671,184
2672,43
2673,51
2674,48
2675,48
2676,119
2677,132
2678,139
2679,183
2680,199
2681,213
2682,168
2683,211
2684,164
2685,322
2686,255
2687,390
2688,268
2689,174
2690,127
2691,158
2692,234
2693,103
2694,110
2695,78
2696,131
2697,149
2698,81
2699,94
2700,82
2701,72
2702,81
2703,72
2704,91
2705,104
2706,140
2707,114
2708,177
2709,155
2710,157
2711,118
2712,145
2713,159
2714,192
2715,185
2716,93
2717,105
2718,137
2719,173
2720,166
2721,165
2722,80
2723,53
2724,96
2725,97
2726,94
2727,82
2728,50
2729,105
2730,95
2731,146
2732,82
2733,156
2734,175
2735,175
2736,151
2737,164
2738,166
2739,151
2740,154
2741,175
2742,203
2743,182
2744,270
2745,223
2746,208
2747,270
2748,136
2749,149
2750,167
2751,127
2752,218
2753,244
2754,316
2755,199
2756,261
2757,130
2758,236
2759,240
2760,171
2761,244
2762,190
2763,250
2764,193
2765,152
2766,228
2767,307
2768,182
2769,179
2770,257
2771,290
2772,244
2773,202
2774,243
2775,286
2776,230
2777,177
2778,290
2779,302
2780,348
2781,348
2782,244
2783,203
2784,147
2785,196
2786,181
2787,154
2788,151
2789,201
2790,169
2791,96
2792,73
2793,139
2794,140
2795,121
2796,113
2797,184
2798,112
2799,87
2800,81
2801,73
2802,97
2803,105
2804,137
2805,124
2806,212
2807,227
2808,244
2809,386
2810,91
2811,214
2812,191
2813,266
2814,238
2815,250
2816,173
2817,266
2818,199
2819,200
2820,193
2821,170
2822,184
2823,271
2824,141
2825,179
2826,207
2827,264
2828,195
2829,282
2830,256
2831,232
2832,259
2833,248
2834,359
2835,366
2836,265
2837,201
2838,182
2839,238
2840,419
2841,412
2842,343
2843,302
2844,413
2845,431
2846,502
2847,448
2848,411
2849,311
2850,344
2851,378
2852,457
2853,471
2854,401
2855,327
2856,324
2857,275
2858,292
2859,330
2860,343
2861,299
2862,366
2863,217
2864,216
2865,253
2866,294
2867,291
2868,420
2869,478
2870,351
2871,311
2872,324
2873,333
2874,407
2875,431
2876,335
2877,295
2878,243
2879,241
2880,272
2881,267
2882,237
2883,190
2884,232
2885,199
2886,200
2887,181
2888,237
2889,216
2890,198
2891,213
2892,225
2893,260
2894,162
2895,163
2896,131
2897,184
2898,153
2899,166
2900,168
2901,182
2902,271
2903,214
2904,273
2905,219
2906,164
2907,196
2908,309
2909,163
2910,176
2911,203
2912,263
2913,248
2914,233
2915,233
2916,291
2917,264
2918,324
2919,291
2920,268
2921,295
2922,230
2923,361
2924,432
2925,492
2926,282
2927,359
2928,254
2929,282
2930,337
2931,851
2932,310
2933,706
2934,285
2935,842
2936,469
2937,362
2938,341
2939,299
2940,291
2941,275
2942,274
2943,491
2944,258
2945,270
2946,181
2947,179
2948,257
2949,253
2950,115
2951,110
2952,72
2953,79
2954,102
2955,103
2956,140
2957,233
2958,188
2959,207
2960,104
2961,158
2962,168
2963,146
2964,183
2965,164
2966,180
2967,201
2968,213
2969,137
2970,240
2971,249
2972,230
2973,282
2974,183
2975,240
2976,247
2977,342
2978,274
2979,370
2980,268
2981,233
2982,221
2983,227
2984,238
2985,272
2986,284
2987,242
2988,223
2989,304
2990,261
2991,364
2992,315
2993,192
2994,182
2995,157
2996,231
2997,226
2998,193
2999,172
3000,260
3001,166
3002,142
3003,94
3004,146
3005,117
3006,164
3007,138
3008,206
3009,167
3010,287
3011,292
3012,257
3013,245
3014,238
3015,269
3016,218
3017,252
3018,135
3019,164
3020,240
3021,265
3022,214
3023,196
3024,173
3025,148
3026,182
3027,191
3028,201
3029,160
3030,185
3031,266
3032,304
3033,225
3034,222
3035,182
3036,197
3037,285
3038,343
3039,329
3040,285
3041,306
3042,400
3043,503
3044,331
3045,430
3046,380
3047,394
3048,314
3049,337
3050,385
3051,306
3052,220
3053,195
3054,227
3055,186
3056,129
3057,188
3058,334
3059,243
3060,248
3061,188
3062,219
3063,186
3064,193
3065,129
3066,123
3067,115
3068,151
3069,106
3070,90
3071,143
3072,230
3073,268
3074,184
3075,169
3076,143
3077,247
3078,279
3079,222
3080,244
3081,293
3082,275
3083,86
3084,108
3085,120
3086,111
3087,90
3088,83
3089,70
3090,89
3091,68
3092,110
3093,103
3094,130
3095,99
3096,144
3097,202
3098,211
3099,162
3100,194
3101,178
3102,127
3103,119
3104,239
3105,205
3106,143
3107,132
3108,168
3109,142
3110,145
3111,138
3112,176
3113,229
3114,188
3115,158
3116,114
3117,255
3118,186
3119,85
3120,199
3121,129
3122,130
3123,96
3124,188
3125,217
3126,152
3127,216
3128,756
3129,333
3130,408
3131,458
3132,315
3133,366
3134,255
3135,483
3136,407
3137,201
3138,231
3139,356
3140,301
3141,397
3142,370
3143,336
3144,274
3145,286
3146,270
3147,325
3148,285
3149,235
3150,198
3151,946
3152,406
3153,396
3154,401
3155,430
3156,444
3157,358
3158,279
3159,230
3160,251
3161,238
3162,208
3163,211
3164,176
3165,286
3166,211
3167,195
3168,215
3169,315
3170,357
3171,398
3172,280
3173,246
3174,286
3175,278
3176,378
3177,210
3178,445
3179,215
3180,151
3181,126
3182,141
3183,173
3184,145
3185,201
3186,142
3187,154
3188,171
3189,131
3190,172
3191,217
3192,261
3193,164
3194,169
3195,124
3196,153
3197,152
3198,159
3199,206
3200,103
3201,179
3202,172
3203,134
3204,183
3205,309
3206,243
3207,435
3208,286
3209,355
3210,328
3211,322
3212,227
3213,226
3214,302
3215,391
3216,148
3217,182
3218,117
3219,97
3220,158
3221,202
3222,152
3223,236
3224,198
3225,172
3226,196
3227,162
3228,179
3229,251
3230,180
3231,157
3232,108
3233,121
3234,173
3235,77
3236,110
3237,69
3238,110
3239,83
3240,94
3241,75
3242,78
3243,61
3244,156
3245,111
3246,87
3247,60
3248,70
3249,124
3250,119
3251,115
3252,109
3253,93
3254,140
3255,142
3256,133
3257,116
3258,97
3259,164
3260,152
3261,179
3262,168
3263,234
3264,276
3265,312
3266,178
3267,141
3268,125
3269,168
3270,230
3271,258
3272,266
3273,259
3274,199
3275,237
3276,194
3277,211
3278,200
3279,199
3280,180
3281,153
3282,188
3283,99
3284,152
3285,155
3286,97
3287,95
3288,97
3289,90
3290,95
3291,101
3292,118
3293,95
3294,79
3295,136
3296,149
3297,61
3298,75
3299,40
3300,94
3301,61
3302,62
3303,30
3304,24
3305,28
3306,60
3307,35
3308,77
3309,58
3310,68
3311,67
3312,67
3313,59
3314,59
3315,75
3316,29
3317,43
3318,58
3319,90
3320,41
3321,46
3322,67
3323,33
3324,129
3325,58
3326,112
3327,55
3328,55
3329,81
3330,46
3331,61
3332,62
3333,67
3334,83
3335,62
3336,76
3337,75
3338,46
3339,34
3340,46
3341,57
3342,79
3343,71
3344,50
3345,100
3346,90
3347,95
3348,70
3349,31
3350,25
3351,40
3352,85
3353,45
3354,48
3355,46
3356,44
3357,51
3358,55
3359,51
3360,64
3361,24
3362,54
3363,33
3364,35
3365,15
3366,36
3367,40
3368,43
3369,25
3370,38
3371,34
3372,76
3373,62
3374,24
3375,60
3376,54
3377,73
3378,129
3379,63
3380,104
3381,99
3382,86
3383,116
3384,66
3385,124
3386,113
3387,43
3388,82
3389,33
3390,24
3391,23
3392,51
3393,19
3394,39
3395,55
3396,75
3397,54
3398,42
3399,48
3400,45
3401,31
3402,42
3403,60
3404,39
3405,79
3406,38
3407,43
3408,76
3409,45
3410,40
3411,30
3412,49
3413,25
3414,43
3415,57
3416,43
3417,36
3418,33
3419,33
3420,33
3421,33
3422,31
3423,30
3424,27
3425,21
3426,21
3427,22
3428,13
3429,39
3430,32
3431,43
3432,37
3433,25
3434,12
3435,25
3436,23
3437,24
3438,20
3439,39
3440,47
3441,41
3442,59
3443,32
3444,34
3445,26
3446,21
3447,27
3448,49
3449,122
3450,52
3451,58
3452,67
3453,59
3454,27
3455,46
3456,25
3457,40
3458,41
3459,74
3460,94
3461,46
3462,38
3463,61
3464,49
3465,42
3466,29
3467,76
3468,56
3469,73
3470,88
3471,61
3472,110
3473,68
3474,36
3475,44
3476,47
3477,64
3478,55
3479,94
3480,105
3481,205
3482,107
3483,79
3484,80
3485,72
3486,49
3487,61
3488,38
3489,61
3490,53
3491,42
3492,52
3493,68
3494,47
3495,25
3496,22
3497,31
3498,66
3499,19
3500,16
3501,14
3502,25
3503,35
3504,24
3505,46
3506,80
3507,108
3508,73
3509,120
3510,28
3511,64
3512,54
3513,42
3514,46
3515,20
3516,15
3517,14
3518,36
3519,58
3520,39
3521,39
3522,39
3523,46
3524,44
3525,57
3526,42
3527,31
3528,20
3529,47
3530,16
3531,23
3532,30
3533,24
3534,22
3535,29
3536,89
3537,19
3538,53
3539,35
3540,46
3541,46
3542,92
3543,78
3544,156
3545,112
3546,135
3547,88
3548,53
3549,52
3550,76
3551,54
3552,39
3553,43
3554,54
3555,77
3556,64
3557,32
3558,9
3559,27
3560,8
3561,6
3562,18
3563,57
3564,35
3565,63
3566,13
3567,11
3568,8
3569,8
3570,6
3571,3
3572,14
3573,7
3574,5
3575,29
3576,21
3577,11
3578,13
3579,1
3580,18
3581,6
3582,4
3583,2
3584,8
3585,8
3586,5
3587,8
3588,13
3589,8
3590,6
3591,12
3592,16
3593,6
3594,3
3595,9
3596,3
3597,9
3598,5
3599,4
3600,2
3601,10
3602,13
3603,4
3604,14
3605,4
3606,11
3607,12
3608,3
3609,11
3610,13
3611,27
3612,32
3613,3
3614,8
3615,5
3616,5
3617,4
3618,4
3619,5
3620,7
3621,4
3622,3
3623,1
3624,5
3625,19
3626,5
3627,5
3628,6
3629,5
3630,13
3631,2
3632,3
3634,26
3635,24
3636,15
3637,39
3638,18
3639,7
3640,20
3641,3
3642,10
3643,5
3644,4
3645,16
3646,4
3647,9
3648,9
3649,3
3650,10
3651,6
3652,8
3653,13
3654,37
3655,53
3656,12
3657,10
3658,7
3659,12
3660,20
3661,1
3662,6
3663,10
3664,8
3665,5
3666,2
3667,6
3668,3
3669,10
3670,19
3671,14
3672,7
3673,12
3674,10
3675,7
3676,11
3677,11
3678,24
3679,34
3680,26
3681,11
3682,8
3683,21
3684,32
3685,14
3686,23
3687,25
3688,39
3689,24
3690,26
3691,38
3692,32
3693,42
3694,24
3695,9
3696,7
3697,8
3698,9
3699,12
3700,7
3701,13
3702,3
3703,18
3704,14
3705,26
3706,27
3707,69
3708,52
3709,43
3710,51
3711,13
3712,30
3713,15
3714,8
3715,1
3716,11
3717,19
3718,10
3719,20
3720,10
3721,13
3722,12
3723,19
3724,16
3725,18
3726,13
3727,2
3729,4
3730,6
3731,5
3732,64
3733,91
3734,5
3735,8
3736,4
3737,4
3738,3
3739,3
3740,14
3741,5
3742,4
3743,6
3744,21
3745,28
3746,12
3747,43
3748,20
3749,8
3750,7
3751,4
3752,2
3753,9
3754,3
3755,12
3756,61
3757,2
3758,6
3759,3
3760,3
3761,35
3762,14
3763,2
3764,7
3765,6
3766,2
3767,8
3768,8
3769,7
3770,54
3771,49
3772,26
3773,26
3774,23
3775,22
3776,11
3777,3
3778,2
3779,1
3780,1
3781,6
3783,1
3784,5
3785,2
3786,3
3787,1
3788,2
3789,3
3790,2
3791,5
3792,26
3793,10
3794,11
3795,4
3796,13
3797,41
3798,20
3799,18
3800,31
3801,10
3802,1
3803,17
3804,4
3805,15
3806,21
3807,2
3808,5
3809,6
3810,2
3811,9
3812,8
3813,8
3814,7
3815,9
3816,8
3817,11
3818,25
3819,9
3820,5
3821,2
3822,4
3823,6
3824,4
3825,8
3826,4
3827,4
3828,4
3829,3
3830,10
3831,12
3832,15
3833,10
3834,10
3835,5
3836,12
3837,13
3838,13
3839,5
3840,4
3841,1
3842,2
3843,8
3844,7
3845,9
3846,1
3847,6
3848,20
3849,15
3850,3
3851,9
3852,13
3853,11
3854,4
3855,8
3856,8
3857,4
3858,3
3859,23
3860,19
3861,19
3862,9
3863,17
3864,24
3865,2
3868,4
3869,2
3870,2
3871,2
3872,7
3873,2
3874,1
3875,8
3876,6
3877,20
3878,22
3879,12
3880,5
3881,8
3882,10
3883,12
3884,10
3885,8
3886,7
3887,9
3888,6
3889,3
3890,10
3891,41
3892,18
3893,10
3894,10
3895,51
3896,5
3897,7
3898,13
3899,10
3900,4
3901,7
3902,20
3903,1
3904,8
3905,29
3906,6
3907,9
3908,6
3909,5
3910,10
3911,36
3912,2
3913,4
3914,15
3915,16
3916,38
3917,15
3918,12
3919,31
3920,51
3921,38
3922,42
3923,23
3924,49
3925,21
3926,21
3927,15
3928,23
3929,10
3930,32
3931,75
3932,105
3933,47
3934,21
3935,19
3936,24
3937,32
3938,32
3939,9
3940,53
3941,23
3942,18
3943,11
3944,5
3945,30
3946,18
3947,16
3948,18
3949,27
3950,48
3951,20
3952,9
3953,11
3954,11
3955,58
3956,60
3957,23
3958,24
3959,1
3960,19
3961,22
3962,7
3963,8
3964,10
3965,6
3966,18
3967,8
3968,10
3969,3
3970,12
3971,13
3972,52
3973,2
3974,15
3975,4
3976,15
3977,19
3978,2
3979,3
3980,8
3981,13
3982,15
3983,16
3984,29
3985,30
3986,14
3987,2
3988,16
3989,12
3990,7
3992,24
3993,14
3994,15
3995,5
3996,16
3997,6
3998,29
3999,7
4000,4
4001,11
4002,18
4003,14
4005,7
4006,1
4007,19
4008,8
4010,1
4011,5
4012,10
4013,4
4014,1
4015,19
4016,33
4017,9
4018,4
4019,6
4021,1
4022,13
4023,12
4024,5
4025,8
4026,13
4027,15
4028,32
4030,9
4031,10
4032,9
4033,4
4034,10
4035,10
4036,13
4037,3
4038,4
4039,2
4040,24
4041,4
4042,10
4043,30
4044,22
4045,12
4046,15
4047,15
4048,15
4049,2
4050,5
4051,6
4052,10
4053,16
4054,7
4055,6
4056,20
4057,43
4058,78
4059,46
4060,169
4061,16
4062,2
4063,8
4064,2
4065,2
4068,5
4069,1
4070,11
4071,10
4072,35
4073,8
4074,8
4075,21
4077,9
4078,1
4079,2
4080,18
4081,6
4082,5
4083,2
4084,6
4085,15
4086,12
4087,12
4088,5
4089,9
4090,9
4091,18
4092,17
4093,5
4094,18
4095,9
4096,2
4097,10
4098,1
4099,11
4100,44
4101,10
4102,3
4103,7
4104,10
4105,1
4106,1
4107,2
4108,2
4109,12
4110,5
4111,6
4113,2
4114,9
4115,19
4116,13
4117,11
4118,11
4119,5
4120,2
4121,22
4122,1
4125,3
4126,28
4127,21
4128,8
4129,27
4130,7
4131,10
4132,28
4133,2
4134,5
4135,9
4136,8
4137,13
4138,2
4139,3
4140,7
4141,5
4143,13
4144,3
4145,5
4146,4
4147,19
4148,3
4149,3
4150,4
4151,4
4152,5
4153,16
4154,3
4155,8
4156,3
4157,4
4158,1
4159,10
4160,13
4161,21
4162,46
4163,25
4164,10
4165,2
4166,4
4167,17
4168,9
4169,9
4170,17
4171,21
4172,32
4173,81
4174,102
4175,87
4176,78
4177,65
4178,65
4179,97
4180,88
4181,44
4182,21
4183,60
4184,46
4185,49
4186,50
4187,41
4188,42
4189,15
4190,35
4191,67
4192,97
4193,96
4194,99
4195,47
4196,33
4197,38
4198,53
4199,103
4200,36
4201,76
4202,57
4203,49
4204,60
4205,64
4206,27
4207,50
4208,33
4209,84
4210,73
4211,74
4212,20
4213,23
4214,71
4215,181
4216,143
4217,16
4218,2
4219,8
4220,11
4221,23
4222,5
4223,10
4224,23
4225,20
4226,21
4227,12
4228,8
4229,11
4230,25
4231,16
4232,15
4233,15
4234,12
4235,12
4236,9
4237,14
4238,11
4239,12
4240,11
4241,4
4242,7
4243,12
4244,6
4245,12
4246,23
4247,23
4248,13
4249,9
4250,5
4251,6
4252,13
4253,13
4254,9
4255,33
4256,36
4257,3
4258,22
4259,11
4260,24
4261,15
4262,14
4263,25
4264,7
4265,10
4266,5
4267,5
4268,7
4269,16
4270,15
4271,14
4272,18
4273,14
4274,10
4275,16
4276,17
4277,23
4278,14
4279,20
4280,17
4281,20
4282,9
4283,2
4284,9
4285,2
4286,21
4287,42
4288,12
4289,4
4290,3
4291,7
4292,5
4293,4
4294,1
4296,7
4297,8
4298,14
4299,7
4300,18
4301,5
4302,3
4303,13
4304,23
4306,1
4307,3
4309,3
4310,12
4311,12
4312,4
4313,4
4314,5
4315,5
4317,2
4318,3
4319,4
4320,2
4321,1
4322,5
4323,11
4324,8
4325,6
4326,5
4327,7
4328,8
4329,5
