0,88564
1,536
2,68
3,96
4,79
5,90
6,37
7,34
8,50
9,73
10,93
11,58
12,187
13,26
14,12
15,21
16,18
17,28
18,26
19,42
20,28
21,12
22,14
23,13
24,7
25,25
26,23
27,11
28,52
29,23
30,8
31,7
32,12
33,16
34,25
35,8
36,21
37,14
38,26
39,8
40,28
41,15
42,27
43,23
44,13
45,25
46,25
47,16
48,15
49,26
50,21
51,14
52,14
53,16
54,28
55,4
56,16
57,28
58,30
59,34
60,20
61,30
62,70
63,59
64,73
65,267
66,72
67,56
68,46
69,67
70,33
71,49
72,72
73,75
74,132
75,43
76,47
77,60
78,70
79,105
80,45
81,46
82,65
83,83
84,134
85,168
86,125
87,96
88,391
89,98
90,97
91,55
92,41
93,88
94,61
95,53
96,67
97,71
98,279
99,91
100,113
101,189
102,176
103,198
104,89
105,155
106,124
107,97
108,74
109,86
110,67
111,97
112,85
113,50
114,80
115,78
116,98
117,129
118,68
119,52
120,49
121,117
122,132
123,47
124,56
125,35
126,304
127,331
128,71
129,101
130,46
131,76
132,68
133,35
134,37
135,61
136,99
137,42
138,29
139,24
140,27
141,31
142,49
143,14
144,30
145,26
146,28
147,44
148,38
149,130
150,41
151,44
152,84
153,97
154,142
155,162
156,69
157,62
158,35
159,70
160,119
161,135
162,156
163,77
164,91
165,97
166,225
167,464
168,163
169,80
170,63
171,60
172,47
173,90
174,44
175,48
176,53
177,36
178,43
179,45
180,87
181,62
182,59
183,54
184,52
185,75
186,73
187,162
188,76
189,119
190,113
191,134
192,211
193,189
194,162
195,122
196,61
197,287
198,128
199,81
200,136
201,133
202,88
203,129
204,89
205,234
206,285
207,224
208,268
209,271
210,168
211,178
212,217
213,149
214,211
215,265
216,477
217,606
218,578
219,353
220,319
221,237
222,224
223,171
224,238
225,495
226,331
227,187
228,186
229,197
230,243
231,412
232,242
233,179
234,145
235,358
236,166
237,123
238,174
239,122
240,152
241,158
242,188
243,110
244,115
245,159
246,143
247,132
248,154
249,205
250,464
251,141
252,141
253,156
254,162
255,150
256,102
257,117
258,129
259,114
260,157
261,202
262,189
263,266
264,228
265,278
266,173
267,269
268,394
269,241
270,303
271,526
272,429
273,324
274,186
275,282
276,295
277,812
278,1625
279,438
280,462
281,407
282,389
283,319
284,226
285,494
286,330
287,356
288,329
289,908
290,477
291,436
292,349
293,408
294,364
295,280
296,240
297,251
298,371
299,213
300,196
301,676
302,464
303,379
304,300
305,273
306,206
307,229
308,219
309,393
310,210
311,266
312,402
313,615
314,647
315,241
316,276
317,362
318,299
319,243
320,189
321,397
322,394
323,519
324,287
325,459
326,414
327,585
328,534
329,394
330,359
331,394
332,298
333,384
334,283
335,318
336,300
337,537
338,501
339,575
340,458
341,304
342,385
343,192
344,323
345,394
346,433
347,378
348,343
349,549
350,417
351,325
352,452
353,148
354,151
355,237
356,303
357,282
358,200
359,181
360,335
361,393
362,247
363,265
364,242
365,292
366,311
367,567
368,874
369,475
370,430
371,531
372,436
373,281
374,267
375,389
376,533
377,435
378,417
379,468
380,546
381,483
382,1117
383,527
384,474
385,525
386,523
387,534
388,565
389,497
390,687
391,848
392,973
393,669
394,709
395,713
396,644
397,811
398,848
399,1433
400,653
401,680
402,737
403,564
404,649
405,714
406,830
407,703
408,955
409,512
410,646
411,808
412,598
413,1422
414,1023
415,1048
416,925
417,1052
418,1010
419,802
420,919
421,950
422,974
423,1020
424,851
425,1191
426,989
427,1010
428,1780
429,851
430,746
431,967
432,903
433,985
434,1547
435,1217
436,1242
437,1648
438,1831
439,1454
440,2139
441,1932
442,1942
443,1693
444,949
445,1031
446,959
447,904
448,934
449,991
450,935
451,2122
452,1190
453,997
454,1204
455,1142
456,1755
457,1198
458,1598
459,2065
460,2146
461,1863
462,2570
463,2634
464,2906
465,1820
466,2275
467,2073
468,1870
469,2190
470,2715
471,2341
472,3206
473,3179
474,2998
475,2289
476,2548
477,2094
478,2426
479,2552
480,1970
481,2053
482,2002
483,2644
484,1866
485,1917
486,1929
487,2190
488,2447
489,3169
490,3091
491,3656
492,3853
493,3396
494,3528
495,3485
496,3289
497,3683
498,3313
499,3015
500,5574
501,3539
502,4007
503,3416
504,3887
505,4283
506,4268
507,4291
508,3947
509,4647
510,3943
511,4887
512,5185
513,6143
514,5642
515,5264
516,6739
517,5624
518,5391
519,7149
520,6022
521,7168
522,6713
523,6903
524,6517
525,6350
526,7298
527,7420
528,9600
529,7312
530,7718
531,6705
532,6549
533,6991
534,8222
535,7668
536,7740
537,8007
538,8254
539,9164
540,9625
541,11075
542,10817
543,10499
544,11540
545,11154
546,12495
547,12533
548,12390
549,13410
550,12800
551,14212
552,17909
553,15365
554,15954
555,14932
556,15635
557,16590
558,17927
559,16137
560,18369
561,23241
562,19081
563,21535
564,21061
565,21655
566,29109
567,27919
568,29426
569,37509
570,31624
571,32903
572,32932
573,36540
574,37349
575,40715
576,41105
577,42907
578,46521
579,56222
580,57882
581,60697
582,67202
583,71940
584,93572
585,99963
586,101914
587,120412
588,138850
589,150858
590,161823
591,191846
592,233062
593,277623
594,380056
595,461199
596,585674
597,817037
598,1281041
599,2860299
600,28310128
601,38182
602,26255
603,26711
604,25689
605,27621
606,27137
607,28672
608,27098
609,26338
610,28447
611,26546
612,27312
613,28134
614,26830
615,27552
616,26051
617,24225
618,21088
619,20839
620,19568
621,19509
622,19497
623,18191
624,20434
625,19056
626,18045
627,19331
628,18243
629,18329
630,19583
631,19309
632,16835
633,21125
634,23138
635,22107
636,18631
637,19173
638,17880
639,19602
640,18572
641,16720
642,16563
643,14847
644,14687
645,14104
646,16359
647,19228
648,18540
649,18285
650,18668
651,20798
652,19412
653,15569
654,15261
655,15490
656,18882
657,17623
658,17268
659,18381
660,15226
661,18587
662,15543
663,15724
664,14088
665,16123
666,14935
667,16325
668,17500
669,17146
670,17022
671,18927
672,18000
673,16821
674,15132
675,16552
676,16796
677,17289
678,16804
679,16115
680,15938
681,13258
682,13444
683,12980
684,13613
685,12767
686,11838
687,13002
688,14174
689,16544
690,14915
691,15523
692,15560
693,15653
694,18496
695,17242
696,15568
697,14849
698,12190
699,13497
700,13604
701,14262
702,14703
703,12414
704,12725
705,13056
706,13094
707,11845
708,11490
709,11996
710,10434
711,13341
712,14061
713,14205
714,15236
715,11686
716,11740
717,9929
718,12190
719,11592
720,10453
721,10398
722,9727
723,8904
724,10916
725,9314
726,11567
727,9632
728,9568
729,8684
730,9466
731,9118
732,9861
733,9450
734,10484
735,9614
736,9502
737,9475
738,11373
739,12206
740,12504
741,11257
742,8596
743,8974
744,9562
745,10104
746,10752
747,10668
748,9812
749,9557
750,9934
751,10271
752,8139
753,8220
754,8201
755,9311
756,9938
757,8789
758,9174
759,10228
760,9198
761,8280
762,10506
763,10551
764,8977
765,9166
766,9631
767,11870
768,8871
769,8877
770,8863
771,9115
772,8478
773,9223
774,8639
775,8377
776,7873
777,7632
778,8224
779,7124
780,7937
781,7701
782,8396
783,9252
784,8952
785,9655
786,9779
787,9003
788,10325
789,8462
790,7761
791,7876
792,8440
793,8934
794,8507
795,7593
796,7522
797,8794
798,10214
799,13897
800,15354
801,14162
802,12344
803,10875
804,10323
805,9392
806,7742
807,7310
808,6047
809,6541
810,7839
811,9137
812,9528
813,8257
814,8539
815,10281
816,8181
817,8591
818,8833
819,8872
820,11061
821,11079
822,11859
823,12563
824,14044
825,15441
826,12816
827,13051
828,11295
829,11258
830,13090
831,12329
832,11871
833,11915
834,12523
835,13326
836,14484
837,14449
838,13685
839,12266
840,10709
841,10901
842,9433
843,8628
844,7550
845,9392
846,8657
847,7903
848,9284
849,9886
850,7469
851,8759
852,8014
853,9478
854,10092
855,10833
856,11070
857,10777
858,11797
859,13332
860,11743
861,11443
862,10833
863,10889
864,12387
865,12233
866,15817
867,13510
868,14635
869,14437
870,13967
871,11655
872,12503
873,14952
874,14275
875,11556
876,12344
877,11634
878,13179
879,14373
880,12855
881,13539
882,11276
883,12882
884,12142
885,16472
886,15966
887,14081
888,13353
889,12260
890,15106
891,12410
892,13427
893,10220
894,9593
895,9617
896,9079
897,9101
898,9653
899,11271
900,12668
901,13706
902,14172
903,16194
904,17270
905,21439
906,23810
907,24814
908,26176
909,26462
910,22947
911,21651
912,22587
913,22735
914,18647
915,17978
916,18045
917,16513
918,18155
919,16280
920,14478
921,13539
922,11205
923,9470
924,9325
925,10396
926,10894
927,9734
928,8651
929,10374
930,10145
931,10133
932,9671
933,10026
934,10994
935,10201
936,9933
937,8235
938,7704
939,7641
940,7426
941,8586
942,8484
943,7818
944,7195
945,6242
946,5822
947,6524
948,6575
949,7383
950,7753
951,8865
952,8699
953,7366
954,6777
955,6852
956,6981
957,7704
958,8252
959,8028
960,7276
961,8202
962,7910
963,8108
964,8265
965,8167
966,7946
967,7270
968,7723
969,8344
970,7835
971,8552
972,7427
973,7984
974,7756
975,7424
976,7560
977,6930
978,6921
979,8232
980,7190
981,6854
982,7009
983,7952
984,6421
985,6790
986,7244
987,7398
988,7374
989,7552
990,7151
991,8235
992,7422
993,6369
994,6634
995,6835
996,5895
997,6640
998,7379
999,7423
1000,7838
1001,7371
1002,7510
1003,7196
1004,6937
1005,7542
1006,6884
1007,6131
1008,6703
1009,7051
1010,7108
1011,6666
1012,5581
1013,5459
1014,5965
1015,6648
1016,6162
1017,5381
1018,5751
1019,5829
1020,5879
1021,5841
1022,6023
1023,5990
1024,5729
1025,6268
1026,5331
1027,5753
1028,5488
1029,5601
1030,5719
1031,5597
1032,5261
1033,5065
1034,4805
1035,4809
1036,5541
1037,6333
1038,5536
1039,5612
1040,5889
1041,6108
1042,5673
1043,6467
1044,6764
1045,7309
1046,8401
1047,8082
1048,8166
1049,7364
1050,7114
1051,6855
1052,6316
1053,6005
1054,6166
1055,6684
1056,7525
1057,5857
1058,5580
1059,5785
1060,6010
1061,6055
1062,5750
1063,5682
1064,5895
1065,6578
1066,6324
1067,7245
1068,8057
1069,7570
1070,6198
1071,6070
1072,6086
1073,6448
1074,6551
1075,5951
1076,6013
1077,5348
1078,5168
1079,5233
1080,5674
1081,5554
1082,5363
1083,6227
1084,6662
1085,5624
1086,6571
1087,6318
1088,5746
1089,6066
1090,6096
1091,7967
1092,7698
1093,6288
1094,5635
1095,5596
1096,5116
1097,4823
1098,4521
1099,4181
1100,4172
1101,4983
1102,5342
1103,5604
1104,5470
1105,7574
1106,7939
1107,6248
1108,6639
1109,7230
1110,6493
1111,5505
1112,5814
1113,5520
1114,6662
1115,5290
1116,5999
1117,5158
1118,5252
1119,5519
1120,5967
1121,6096
1122,5653
1123,5766
1124,5416
1125,5491
1126,5121
1127,4613
1128,4769
1129,4435
1130,4584
1131,6226
1132,6395
1133,6139
1134,6515
1135,6430
1136,5648
1137,5827
1138,6044
1139,5604
1140,5342
1141,4682
1142,4559
1143,5068
1144,4236
1145,4489
1146,5160
1147,5104
1148,6039
1149,6532
1150,5691
1151,5767
1152,4861
1153,5694
1154,5133
1155,5107
1156,4726
1157,5846
1158,5452
1159,4884
1160,5286
1161,4966
1162,5379
1163,5219
1164,5961
1165,5123
1166,4864
1167,5533
1168,5243
1169,4456
1170,4443
1171,4339
1172,4122
1173,4371
1174,4867
1175,5080
1176,5082
1177,4192
1178,3772
1179,4060
1180,4207
1181,4521
1182,4316
1183,4354
1184,3729
1185,3420
1186,3843
1187,3857
1188,4449
1189,3745
1190,3922
1191,4240
1192,3487
1193,3547
1194,4222
1195,3269
1196,3421
1197,3022
1198,2999
1199,3979
1200,4239
1201,4096
1202,3621
1203,4073
1204,4917
1205,4094
1206,3946
1207,3863
1208,3876
1209,4396
1210,5573
1211,5191
1212,4470
1213,4410
1214,4423
1215,5214
1216,5231
1217,5600
1218,6689
1219,6733
1220,6556
1221,6669
1222,11066
1223,6906
1224,7539
1225,7309
1226,7033
1227,6196
1228,5773
1229,6275
1230,5954
1231,5856
1232,6261
1233,6397
1234,7605
1235,7720
1236,7213
1237,8483
1238,8401
1239,10170
1240,9897
1241,8932
1242,7822
1243,6969
1244,6437
1245,5665
1246,6030
1247,6489
1248,5117
1249,5512
1250,6199
1251,7396
1252,7850
1253,8267
1254,7953
1255,8907
1256,9384
1257,9957
1258,9772
1259,9494
1260,9257
1261,8399
1262,7672
1263,7096
1264,6729
1265,9211
1266,6835
1267,7858
1268,7565
1269,7847
1270,7976
1271,8250
1272,8261
1273,6529
1274,5356
1275,5443
1276,4550
1277,5668
1278,6108
1279,6318
1280,5427
1281,4449
1282,4550
1283,4301
1284,4852
1285,5124
1286,4556
1287,4110
1288,4694
1289,4942
1290,5425
1291,5432
1292,4828
1293,4113
1294,4028
1295,4280
1296,4110
1297,4410
1298,5354
1299,5512
1300,5354
1301,5964
1302,5221
1303,5052
1304,4726
1305,5015
1306,5739
1307,4829
1308,4595
1309,5081
1310,4848
1311,6500
1312,5056
1313,3913
1314,3317
1315,4334
1316,5658
1317,6150
1318,5417
1319,5647
1320,4781
1321,4736
1322,4431
1323,4886
1324,5234
1325,6004
1326,5294
1327,4781
1328,5373
1329,4875
1330,5140
1331,4232
1332,4699
1333,4382
1334,3483
1335,3397
1336,3291
1337,3306
1338,4416
1339,4326
1340,3626
1341,2915
1342,3191
1343,3087
1344,3977
1345,5163
1346,5150
1347,5456
1348,4731
1349,4345
1350,3901
1351,3176
1352,3542
1353,3880
1354,4141
1355,2997
1356,3568
1357,4498
1358,4210
1359,4027
1360,3537
1361,4962
1362,4285
1363,3288
1364,3593
1365,3837
1366,5387
1367,4039
1368,3017
1369,3059
1370,3991
1371,4100
1372,3341
1373,3056
1374,3182
1375,3909
1376,3158
1377,4088
1378,5033
1379,4686
1380,5396
1381,4431
1382,5355
1383,4206
1384,4302
1385,4813
1386,4770
1387,3338
1388,2539
1389,2647
1390,4230
1391,3752
1392,3589
1393,4680
1394,4612
1395,4714
1396,4724
1397,4133
1398,3753
1399,3051
1400,3194
1401,3919
1402,3658
1403,5217
1404,4325
1405,3993
1406,4008
1407,4383
1408,3704
1409,4217
1410,5246
1411,6228
1412,5357
1413,4897
1414,5314
1415,6347
1416,5173
1417,5397
1418,5575
1419,5206
1420,4813
1421,5496
1422,5479
1423,5280
1424,5430
1425,5090
1426,4592
1427,3698
1428,3266
1429,3400
1430,3207
1431,3038
1432,4488
1433,4760
1434,5261
1435,4238
1436,4174
1437,4911
1438,3853
1439,3448
1440,3524
1441,3916
1442,4259
1443,3312
1444,3828
1445,3494
1446,3174
1447,4178
1448,3354
1449,3148
1450,3801
1451,4055
1452,3390
1453,3703
1454,3616
1455,3119
1456,4408
1457,5253
1458,4431
1459,4186
1460,3215
1461,3030
1462,4066
1463,3594
1464,4475
1465,4701
1466,3803
1467,3896
1468,3739
1469,3565
1470,4372
1471,3783
1472,3242
1473,3520
1474,2553
1475,3258
1476,2594
1477,3873
1478,3754
1479,4690
1480,4688
1481,4096
1482,5106
1483,5159
1484,4900
1485,4320
1486,3638
1487,4237
1488,4713
1489,4811
1490,4673
1491,4465
1492,4409
1493,3106
1494,2978
1495,3170
1496,2508
1497,2683
1498,2612
1499,2462
1500,2503
1501,2168
1502,2787
1503,2404
1504,2575
1505,2157
1506,3006
1507,2102
1508,2879
1509,2521
1510,2993
1511,2543
1512,3437
1513,3839
1514,4446
1515,3342
1516,3345
1517,2671
1518,3431
1519,2741
1520,3224
1521,3311
1522,3827
1523,4042
1524,2996
1525,4187
1526,3401
1527,3641
1528,4108
1529,4134
1530,3559
1531,4359
1532,2835
1533,3623
1534,2891
1535,3060
1536,2759
1537,3104
1538,2732
1539,2909
1540,2967
1541,2710
1542,3036
1543,2467
1544,3139
1545,2605
1546,2704
1547,2104
1548,3031
1549,2796
1550,3263
1551,2465
1552,3359
1553,3039
1554,3238
1555,2857
1556,3182
1557,2800
1558,2925
1559,2886
1560,2877
1561,3084
1562,2770
1563,3064
1564,2593
1565,2324
1566,2474
1567,2871
1568,3202
1569,2526
1570,2473
1571,2580
1572,2040
1573,2124
1574,2570
1575,2040
1576,2440
1577,2457
1578,2213
1579,3007
1580,3116
1581,2939
1582,3621
1583,3100
1584,3205
1585,2034
1586,2438
1587,2118
1588,1694
1589,2669
1590,2280
1591,2185
1592,2703
1593,2736
1594,3446
1595,3647
1596,4008
1597,2751
1598,1690
1599,1979
1600,1992
1601,2055
1602,2664
1603,3424
1604,2463
1605,1802
1606,1921
1607,1926
1608,3359
1609,2427
1610,1627
1611,1459
1612,1430
1613,3225
1614,1481
1615,2074
1616,1562
1617,1794
1618,2571
1619,2772
1620,2617
1621,2667
1622,2842
1623,2203
1624,3558
1625,2855
1626,2931
1627,2105
1628,2346
1629,2238
1630,2422
1631,2833
1632,3073
1633,2807
1634,2641
1635,2523
1636,3186
1637,2264
1638,2130
1639,2607
1640,1809
1641,1999
1642,1952
1643,1687
1644,2115
1645,2113
1646,2271
1647,3334
1648,2954
1649,1547
1650,1691
1651,3859
1652,2902
1653,2381
1654,2058
1655,2595
1656,2813
1657,2182
1658,2588
1659,2299
1660,1921
1661,2048
1662,2041
1663,2204
1664,1824
1665,1927
1666,2290
1667,2352
1668,2456
1669,2222
1670,3049
1671,1538
1672,2303
1673,2991
1674,2475
1675,1878
1676,1628
1677,1615
1678,2889
1679,1876
1680,1672
1681,1506
1682,1738
1683,1737
1684,2604
1685,2002
1686,2079
1687,2880
1688,2713
1689,3350
1690,4893
1691,3779
1692,3288
1693,2609
1694,2105
1695,2622
1696,2451
1697,2431
1698,2205
1699,3049
1700,2629
1701,2313
1702,2437
1703,2821
1704,2323
1705,2970
1706,2720
1707,3967
1708,3809
1709,4789
1710,4069
1711,3439
1712,4789
1713,5310
1714,5025
1715,3681
1716,2820
1717,2347
1718,2335
1719,2629
1720,2042
1721,2526
1722,2776
1723,2816
1724,2587
1725,2504
1726,2948
1727,3136
1728,1905
1729,3272
1730,3407
1731,4121
1732,4561
1733,4487
1734,3171
1735,2671
1736,2282
1737,1527
1738,1738
1739,2061
1740,1964
1741,2213
1742,1439
1743,2265
1744,2547
1745,1686
1746,2048
1747,2352
1748,2169
1749,3529
1750,3230
1751,3472
1752,3222
1753,3267
1754,2772
1755,1772
1756,2389
1757,2412
1758,2373
1759,2237
1760,2363
1761,2422
1762,2576
1763,2225
1764,1681
1765,1736
1766,1758
1767,2179
1768,1821
1769,1908
1770,2417
1771,2793
1772,2569
1773,2564
1774,1750
1775,3006
1776,2104
1777,4433
1778,3127
1779,3227
1780,2561
1781,2809
1782,3523
1783,3452
1784,3056
1785,3669
1786,2782
1787,3539
1788,3690
1789,2486
1790,2547
1791,2706
1792,2523
1793,2214
1794,2428
1795,2749
1796,1816
1797,1484
1798,1882
1799,2359
1800,2454
1801,2862
1802,2654
1803,2514
1804,3748
1805,3938
1806,3556
1807,3445
1808,2983
1809,3480
1810,3603
1811,3399
1812,2207
1813,2082
1814,2790
1815,2376
1816,1765
1817,2310
1818,2391
1819,2873
1820,2079
1821,2415
1822,1339
1823,1287
1824,946
1825,1375
1826,1737
1827,2048
1828,2231
1829,2806
1830,3511
1831,2750
1832,3271
1833,3694
1834,3098
1835,1788
1836,2315
1837,2606
1838,2816
1839,1838
1840,1903
1841,2053
1842,1912
1843,1177
1844,1019
1845,1115
1846,1029
1847,1706
1848,1797
1849,1566
1850,1696
1851,1809
1852,2360
1853,1474
1854,1982
1855,1527
1856,1463
1857,1862
1858,2123
1859,1669
1860,2405
1861,3636
1862,4098
1863,2542
1864,1890
1865,1702
1866,2190
1867,2169
1868,1904
1869,2251
1870,2624
1871,2174
1872,2130
1873,1954
1874,2457
1875,2564
1876,2379
1877,2863
1878,2817
1879,2634
1880,2594
1881,3181
1882,3513
1883,2912
1884,2528
1885,2007
1886,1992
1887,1507
1888,2066
1889,2601
1890,3064
1891,3863
1892,3377
1893,3999
1894,3306
1895,3025
1896,3213
1897,3076
1898,3880
1899,4756
1900,4131
1901,4148
1902,4169
1903,5489
1904,5440
1905,4585
1906,4990
1907,4972
1908,5285
1909,5821
1910,7306
1911,7054
1912,6907
1913,5292
1914,3751
1915,4254
1916,4649
1917,2986
1918,1709
1919,1241
1920,442
1921,585
1922,854
1923,657
1924,629
1925,709
1926,564
1927,842
1928,959
1929,565
1930,552
1931,750
1932,593
1933,647
1934,667
1935,568
1936,780
1937,878
1938,903
1939,634
1940,769
1941,642
1942,898
1943,920
1944,760
1945,672
1946,473
1947,782
1948,752
1949,740
1950,653
1951,743
1952,758
1953,706
1954,936
1955,909
1956,820
1957,732
1958,540
1959,562
1960,518
1961,538
1962,636
1963,678
1964,677
1965,558
1966,666
1967,506
1968,605
1969,677
1970,874
1971,564
1972,601
1973,760
1974,681
1975,608
1976,573
1977,455
1978,521
1979,626
1980,500
1981,673
1982,719
1983,546
1984,591
1985,861
1986,770
1987,544
1988,474
1989,436
1990,408
1991,515
1992,811
1993,1046
1994,948
1995,436
1996,471
1997,625
1998,696
1999,499
2000,418
2001,554
2002,489
2003,530
2004,606
2005,672
2006,440
2007,432
2008,742
2009,990
2010,1108
2011,825
2012,933
2013,1028
2014,980
2015,718
2016,627
2017,505
2018,645
2019,555
2020,853
2021,731
2022,841
2023,1026
2024,690
2025,571
2026,546
2027,628
2028,557
2029,831
2030,910
2031,597
2032,613
2033,846
2034,997
2035,757
2036,806
2037,734
2038,387
2039,313
2040,313
2041,380
2042,363
2043,371
2044,387
2045,450
2046,351
2047,318
2048,364
2049,350
2050,545
2051,555
2052,543
2053,460
2054,484
2055,524
2056,474
2057,550
2058,565
2059,568
2060,664
2061,609
2062,802
2063,666
2064,502
2065,578
2066,875
2067,731
2068,655
2069,777
2070,637
2071,515
2072,581
2073,535
2074,556
2075,678
2076,519
2077,1024
2078,1024
2079,655
2080,1321
2081,386
2082,424
2083,458
2084,409
2085,371
2086,426
2087,469
2088,531
2089,518
2090,533
2091,486
2092,517
2093,673
2094,517
2095,413
2096,345
2097,404
2098,441
2099,368
2100,399
2101,461
2102,405
2103,506
2104,640
2105,574
2106,564
2107,529
2108,435
2109,473
2110,468
2111,475
2112,532
2113,385
2114,443
2115,384
2116,480
2117,445
2118,430
2119,463
2120,506
2121,497
2122,474
2123,456
2124,521
2125,530
2126,629
2127,631
2128,561
2129,396
2130,386
2131,380
2132,362
2133,436
2134,483
2135,375
2136,361
2137,407
2138,376
2139,429
2140,612
2141,590
2142,577
2143,702
2144,692
2145,477
2146,579
2147,843
2148,720
2149,678
2150,705
2151,771
2152,860
2153,922
2154,998
2155,970
2156,1091
2157,1173
2158,1309
2159,846
2160,876
2161,1000
2162,841
2163,718
2164,672
2165,783
2166,692
2167,1158
2168,1032
2169,651
2170,651
2171,606
2172,447
2173,482
2174,393
2175,409
2176,420
2177,459
2178,507
2179,768
2180,523
2181,588
2182,657
2183,754
2184,830
2185,869
2186,785
2187,677
2188,654
2189,567
2190,457
2191,520
2192,660
2193,520
2194,746
2195,828
2196,783
2197,693
2198,636
2199,600
2200,769
2201,875
2202,885
2203,1043
2204,913
2205,815
2206,985
2207,759
2208,991
2209,1320
2210,1195
2211,1651
2212,1097
2213,922
2214,1011
2215,1179
2216,2093
2217,1497
2218,1541
2219,1167
2220,1275
2221,1043
2222,868
2223,747
2224,910
2225,822
2226,847
2227,951
2228,905
2229,849
2230,785
2231,760
2232,795
2233,637
2234,689
2235,911
2236,926
2237,650
2238,482
2239,466
2240,521
2241,469
2242,513
2243,329
2244,386
2245,681
2246,696
2247,918
2248,847
2249,592
2250,530
2251,438
2252,547
2253,565
2254,525
2255,485
2256,465
2257,353
2258,480
2259,395
2260,656
2261,554
2262,772
2263,596
2264,516
2265,602
2266,542
2267,720
2268,864
2269,574
2270,653
2271,612
2272,1046
2273,906
2274,879
2275,843
2276,731
2277,788
2278,1200
2279,762
2280,679
2281,636
2282,790
2283,843
2284,804
2285,988
2286,791
2287,850
2288,590
2289,595
2290,610
2291,549
2292,696
2293,884
2294,812
2295,972
2296,1161
2297,912
2298,891
2299,845
2300,914
2301,1092
2302,1038
2303,923
2304,740
2305,831
2306,686
2307,713
2308,856
2309,1373
2310,1103
2311,1041
2312,1154
2313,1270
2314,911
2315,1009
2316,1061
2317,1125
2318,1216
2319,835
2320,1423
2321,1589
2322,1561
2323,1635
2324,1430
2325,1432
2326,1442
2327,1451
2328,1733
2329,929
2330,1121
2331,1410
2332,1132
2333,1299
2334,1319
2335,1298
2336,1415
2337,1412
2338,1244
2339,1400
2340,1293
2341,1076
2342,1140
2343,1246
2344,1105
2345,1172
2346,916
2347,788
2348,835
2349,948
2350,829
2351,817
2352,533
2353,795
2354,890
2355,607
2356,618
2357,546
2358,619
2359,725
2360,561
2361,635
2362,619
2363,661
2364,740
2365,730
2366,834
2367,744
2368,832
2369,710
2370,670
2371,808
2372,802
2373,641
2374,667
2375,569
2376,842
2377,656
2378,700
2379,805
2380,623
2381,768
2382,800
2383,857
2384,635
2385,873
2386,698
2387,620
2388,639
2389,500
2390,565
2391,615
2392,557
2393,622
2394,1011
2395,711
2396,468
2397,635
2398,704
2399,731
2400,803
2401,517
2402,692
2403,636
2404,601
2405,669
2406,604
2407,625
2408,401
2409,677
2410,862
2411,696
2412,667
2413,760
2414,867
2415,718
2416,614
2417,669
2418,901
2419,996
2420,1231
2421,994
2422,882
2423,865
2424,977
2425,960
2426,813
2427,669
2428,774
2429,906
2430,804
2431,1002
2432,1009
2433,974
2434,1131
2435,876
2436,664
2437,591
2438,482
2439,631
2440,729
2441,829
2442,720
2443,708
2444,737
2445,396
2446,512
2447,657
2448,539
2449,698
2450,880
2451,1138
2452,932
2453,1621
2454,730
2455,499
2456,517
2457,609
2458,683
2459,836
2460,826
2461,618
2462,625
2463,696
2464,585
2465,618
2466,609
2467,777
2468,936
2469,665
2470,654
2471,383
2472,348
2473,347
2474,389
2475,468
2476,645
2477,822
2478,671
2479,677
2480,535
2481,613
2482,841
2483,711
2484,785
2485,654
2486,622
2487,512
2488,595
2489,716
2490,628
2491,767
2492,671
2493,648
2494,728
2495,1002
2496,1166
2497,1062
2498,1474
2499,1655
2500,1710
2501,1286
2502,1605
2503,1552
2504,1796
2505,1607
2506,1799
2507,1639
2508,1468
2509,1523
2510,2036
2511,1829
2512,1796
2513,1902
2514,1570
2515,1651
2516,1727
2517,2005
2518,1742
2519,1682
2520,1150
2521,1213
2522,907
2523,943
2524,836
2525,1184
2526,1534
2527,1024
2528,591
2529,642
2530,649
2531,650
2532,842
2533,778
2534,931
2535,975
2536,1951
2537,807
2538,696
2539,727
2540,939
2541,890
2542,679
2543,616
2544,733
2545,747
2546,638
2547,619
2548,824
2549,793
2550,883
2551,757
2552,644
2553,421
2554,422
2555,504
2556,477
2557,464
2558,474
2559,445
2560,427
2561,483
2562,484
2563,460
2564,480
2565,390
2566,470
2567,393
2568,408
2569,318
2570,400
2571,449
2572,456
2573,377
2574,371
2575,384
2576,388
2577,366
2578,463
2579,465
2580,374
2581,284
2582,351
2583,315
2584,301
2585,320
2586,472
2587,430
2588,379
2589,509
2590,860
2591,762
2592,801
2593,575
2594,506
2595,572
2596,534
2597,695
2598,630
2599,447
2600,459
2601,419
2602,526
2603,469
2604,373
2605,526
2606,578
2607,526
2608,606
2609,734
2610,738
2611,725
2612,751
2613,692
2614,659
2615,830
2616,647
2617,562
2618,431
2619,435
2620,440
2621,352
2622,441
2623,395
2624,311
2625,351
2626,356
2627,375
2628,377
2629,459
2630,401
2631,434
2632,379
2633,523
2634,509
2635,510
2636,556
2637,637
2638,731
2639,528
2640,416
2641,458
2642,432
2643,365
2644,332
2645,316
2646,319
2647,377
2648,355
2649,374
2650,479
2651,326
2652,400
2653,286
2654,420
2655,402
2656,378
2657,408
2658,447
2659,383
2660,335
2661,362
2662,348
2663,359
2664,359
2665,392
2666,310
2667,268
2668,392
2669,502
2670,484
2671,399
2672,380
2673,563
2674,424
2675,293
2676,375
2677,427
2678,411
2679,452
2680,586
2681,500
2682,326
2683,314
2684,297
2685,248
2686,252
2687,399
2688,466
2689,547
2690,560
2691,652
2692,491
2693,431
2694,379
2695,371
2696,445
2697,338
2698,436
2699,418
2700,558
2701,471
2702,576
2703,554
2704,594
2705,456
2706,363
2707,464
2708,411
2709,365
2710,450
2711,421
2712,484
2713,448
2714,442
2715,437
2716,443
2717,571
2718,817
2719,1709
2720,614
2721,641
2722,619
2723,688
2724,684
2725,1131
2726,842
2727,670
2728,578
2729,774
2730,717
2731,616
2732,664
2733,662
2734,768
2735,886
2736,635
2737,482
2738,507
2739,425
2740,433
2741,369
2742,502
2743,467
2744,297
2745,297
2746,362
2747,272
2748,291
2749,228
2750,306
2751,298
2752,240
2753,384
2754,365
2755,297
2756,433
2757,349
2758,433
2759,489
2760,384
2761,313
2762,292
2763,230
2764,154
2765,168
2766,173
2767,193
2768,121
2769,173
2770,206
2771,229
2772,211
2773,220
2774,127
2775,132
2776,172
2777,130
2778,140
2779,168
2780,227
2781,112
2782,56
2783,65
2784,72
2785,80
2786,50
2787,76
2788,175
2789,196
2790,192
2791,199
2792,202
2793,213
2794,216
2795,135
2796,81
2797,68
2798,58
2799,46
2800,66
2801,56
2802,51
2803,63
2804,57
2805,52
2806,84
2807,126
2808,179
2809,157
2810,58
2811,74
2812,92
2813,68
2814,102
2815,70
2816,110
2817,75
2818,51
2819,123
2820,52
2821,63
2822,55
2823,64
2824,40
2825,38
2826,39
2827,69
2828,53
2829,36
2830,43
2831,90
2832,122
2833,97
2834,144
2835,135
2836,68
2837,69
2838,93
2839,75
2840,51
2841,41
2842,54
2843,98
2844,131
2845,186
2846,120
2847,94
2848,74
2849,70
2850,90
2851,66
2852,95
2853,247
2854,441
2855,309
2856,474
2857,713
2858,458
2859,686
2860,489
2861,348
2862,156
2863,152
2864,81
2865,75
2866,79
2867,119
2868,95
2869,61
2870,77
2871,72
2872,72
2873,173
2874,181
2875,123
2876,119
2877,79
2878,89
2879,153
2880,106
2881,98
2882,194
2883,157
2884,82
2885,86
2886,121
2887,120
2888,84
2889,100
2890,104
2891,88
2892,135
2893,181
2894,109
2895,141
2896,131
2897,88
2898,84
2899,155
2900,201
2901,88
2902,103
2903,164
2904,84
2905,84
2906,101
2907,56
2908,75
2909,107
2910,156
2911,116
2912,113
2913,166
2914,68
2915,48
2916,57
2917,73
2918,90
2919,80
2920,170
2921,117
2922,194
2923,266
2924,127
2925,68
2926,51
2927,28
2928,41
2929,33
2930,34
2931,30
2932,12
2933,36
2934,62
2935,97
2936,104
2937,108
2938,143
2939,110
2940,133
2941,107
2942,431
2943,588
2944,514
2945,445
2946,381
2947,561
2948,770
2949,615
2950,514
2951,589
2952,612
2953,295
2954,358
2955,243
2956,402
2957,311
2958,327
2959,307
2960,321
2961,269
2962,277
2963,278
2964,236
2965,309
2966,325
2967,211
2968,307
2969,261
2970,407
2971,327
2972,427
2973,428
2974,307
2975,399
2976,282
2977,342
2978,375
2979,323
2980,277
2981,231
2982,210
2983,122
2984,134
2985,143
2986,220
2987,164
2988,107
2989,80
2990,91
2991,103
2992,77
2993,88
2994,56
2995,205
2996,150
2997,101
2998,88
2999,58
3000,87
3001,67
3002,76
3003,83
3004,91
3005,151
3006,86
3007,40
3008,42
3009,44
3010,65
3011,46
3012,53
3013,79
3014,81
3015,109
3016,89
3017,77
3018,83
3019,69
3020,64
3021,132
3022,75
3023,52
3024,64
3025,69
3026,109
3027,149
3028,143
3029,114
3030,80
3031,100
3032,102
3033,90
3034,126
3035,103
3036,80
3037,71
3038,84
3039,83
3040,104
3041,106
3042,88
3043,134
3044,172
3045,140
3046,107
3047,124
3048,130
3049,72
3050,73
3051,177
3052,120
3053,87
3054,115
3055,148
3056,210
3057,132
3058,166
3059,158
3060,170
3061,172
3062,160
3063,104
3064,173
3065,114
3066,131
3067,118
3068,199
3069,276
3070,197
3071,297
3072,342
3073,274
3074,207
3075,264
3076,157
3077,75
3078,94
3079,70
3080,74
3081,64
3082,109
3083,61
3084,77
3085,117
3086,102
3087,77
3088,84
3089,74
3090,42
3091,102
3092,139
3093,64
3094,68
3095,86
3096,135
3097,124
3098,75
3099,73
3100,79
3101,114
3102,97
3103,48
3104,75
3105,46
3106,47
3107,40
3108,72
3109,80
3110,49
3111,50
3112,63
3113,120
3114,130
3115,81
3116,52
3117,54
3118,94
3119,127
3120,107
3121,50
3122,84
3123,47
3124,35
3125,59
3126,41
3127,33
3128,27
3129,43
3130,49
3131,29
3132,31
3133,31
3134,151
3135,204
3136,108
3137,153
3138,147
3139,61
3140,80
3141,50
3142,106
3143,88
3144,150
3145,212
3146,183
3147,92
3148,82
3149,115
3150,70
3151,67
3152,140
3153,366
3154,364
3155,509
3156,468
3157,398
3158,320
3159,367
3160,431
3161,358
3162,267
3163,320
3164,238
3165,151
3166,239
3167,175
3168,226
3169,524
3170,296
3171,305
3172,310
3173,276
3174,178
3175,166
3176,139
3177,151
3178,270
3179,138
3180,191
3181,223
3182,231
3183,252
3184,193
3185,185
3186,191
3187,242
3188,181
3189,276
3190,184
3191,187
3192,198
3193,209
3194,170
3195,208
3196,187
3197,270
3198,247
3199,263
3200,246
3201,300
3202,307
3203,355
3204,285
3205,226
3206,295
3207,187
3208,199
3209,174
3210,166
3211,132
3212,207
3213,191
3214,176
3215,192
3216,175
3217,232
3218,226
3219,215
3220,298
3221,202
3222,123
3223,199
3224,183
3225,155
3226,261
3227,269
3228,293
3229,233
3230,225
3231,238
3232,268
3233,337
3234,468
3235,598
3236,413
3237,441
3238,381
3239,324
3240,377
3241,387
3242,352
3243,330
3244,447
3245,328
3246,389
3247,418
3248,392
3249,484
3250,245
3251,182
3252,189
3253,243
3254,227
3255,272
3256,206
3257,230
3258,294
3259,259
3260,217
3261,228
3262,288
3263,234
3264,219
3265,240
3266,248
3267,179
3268,263
3269,243
3270,238
3271,153
3272,116
3273,130
3274,283
3275,240
3276,165
3277,238
3278,158
3279,306
3280,273
3281,224
3282,300
3283,253
3284,237
3285,184
3286,170
3287,181
3288,201
3289,163
3290,210
3291,185
3292,248
3293,157
3294,251
3295,152
3296,163
3297,174
3298,201
3299,277
3300,244
3301,181
3302,190
3303,171
3304,160
3305,198
3306,217
3307,220
3308,215
3309,151
3310,139
3311,173
3312,236
3313,286
3314,204
3315,254
3316,324
3317,334
3318,237
3319,256
3320,219
3321,253
3322,376
3323,365
3324,359
3325,321
3326,250
3327,300
3328,270
3329,280
3330,311
3331,308
3332,343
3333,226
3334,367
3335,370
3336,279
3337,304
3338,285
3339,370
3340,402
3341,356
3342,357
3343,464
3344,408
3345,517
3346,515
3347,383
3348,414
3349,404
3350,462
3351,587
3352,436
3353,598
3354,603
3355,461
3356,485
3357,380
3358,335
3359,301
3360,376
3361,477
3362,313
3363,299
3364,335
3365,268
3366,226
3367,283
3368,255
3369,169
3370,151
3371,117
3372,101
3373,142
3374,170
3375,200
3376,196
3377,283
3378,277
3379,195
3380,198
3381,172
3382,127
3383,173
3384,111
3385,96
3386,145
3387,184
3388,161
3389,180
3390,119
3391,140
3392,136
3393,146
3394,242
3395,203
3396,161
3397,192
3398,134
3399,205
3400,220
3401,228
3402,184
3403,174
3404,249
3405,188
3406,227
3407,140
3408,186
3409,157
3410,265
3411,166
3412,213
3413,184
3414,161
3415,146
3416,166
3417,120
3418,113
3419,138
3420,112
3421,199
3422,130
3423,182
3424,147
3425,101
3426,157
3427,187
3428,164
3429,197
3430,230
3431,333
3432,246
3433,236
3434,392
3435,306
3436,576
3437,377
3438,214
3439,254
3440,355
3441,159
3442,133
3443,203
3444,223
3445,147
3446,183
3447,152
3448,157
3449,172
3450,228
3451,182
3452,137
3453,130
3454,103
3455,96
3456,116
3457,116
3458,104
3459,130
3460,207
3461,270
3462,223
3463,177
3464,146
3465,156
3466,125
3467,159
3468,172
3469,178
3470,168
3471,158
3472,211
3473,235
3474,240
3475,157
3476,217
3477,206
3478,173
3479,221
3480,155
3481,194
3482,162
3483,110
3484,173
3485,134
3486,112
3487,126
3488,185
3489,165
3490,182
3491,186
3492,243
3493,278
3494,188
3495,316
3496,382
3497,244
3498,222
3499,147
3500,248
3501,158
3502,161
3503,170
3504,142
3505,128
3506,214
3507,141
3508,188
3509,152
3510,152
3511,118
3512,148
3513,172
3514,158
3515,158
3516,176
3517,232
3518,211
3519,235
3520,203
3521,188
3522,216
3523,215
3524,311
3525,276
3526,291
3527,337
3528,484
3529,448
3530,386
3531,629
3532,614
3533,484
3534,329
3535,318
3536,422
3537,404
3538,366
3539,184
3540,183
3541,265
3542,304
3543,245
3544,239
3545,266
3546,278
3547,199
3548,239
3549,252
3550,325
3551,316
3552,256
3553,284
3554,252
3555,252
3556,209
3557,318
3558,235
3559,209
3560,255
3561,209
3562,205
3563,171
3564,164
3565,245
3566,171
3567,151
3568,259
3569,227
3570,191
3571,237
3572,169
3573,223
3574,253
3575,260
3576,119
3577,107
3578,352
3579,141
3580,101
3581,163
3582,161
3583,232
3584,228
3585,132
3586,167
3587,277
3588,220
3589,368
3590,241
3591,248
3592,232
3593,195
3594,398
3595,243
3596,148
3597,239
3598,242
3599,223
3600,165
3601,169
3602,248
3603,253
3604,206
3605,261
3606,229
3607,194
3608,142
3609,122
3610,146
3611,161
3612,168
3613,171
3614,203
3615,143
3616,171
3617,170
3618,163
3619,173
3620,158
3621,177
3622,159
3623,124
3624,146
3625,137
3626,173
3627,204
3628,185
3629,198
3630,190
3631,183
3632,192
3633,226
3634,213
3635,162
3636,136
3637,194
3638,151
3639,171
3640,86
3641,83
3642,145
3643,141
3644,111
3645,161
3646,118
3647,88
3648,63
3649,58
3650,153
3651,90
3652,100
3653,76
3654,99
3655,77
3656,77
3657,73
3658,68
3659,70
3660,68
3661,169
3662,151
3663,172
3664,75
3665,113
3666,130
3667,110
3668,129
3669,137
3670,121
3671,138
3672,83
3673,255
3674,158
3675,201
3676,173
3677,110
3678,112
3679,233
3680,130
3681,176
3682,206
3683,150
3684,270
3685,281
3686,292
3687,266
3688,337
3689,465
3690,317
3691,336
3692,359
3693,269
3694,310
3695,380
3696,396
3697,367
3698,314
3699,558
3700,562
3701,570
3702,360
3703,405
3704,389
3705,317
3706,200
3707,253
3708,277
3709,461
3710,255
3711,415
3712,288
3713,297
3714,372
3715,254
3716,237
3717,251
3718,291
3719,342
3720,305
3721,251
3722,294
3723,227
3724,315
3725,317
3726,240
3727,281
3728,273
3729,203
3730,191
3731,174
3732,223
3733,135
3734,158
3735,102
3736,64
3737,56
3738,83
3739,64
3740,82
3741,71
3742,67
3743,176
3744,109
3745,65
3746,128
3747,107
3748,134
3749,199
3750,74
3751,50
3752,158
3753,124
3754,111
3755,100
3756,107
3757,139
3758,93
3759,151
3760,129
3761,147
3762,131
3763,147
3764,117
3765,86
3766,101
3767,77
3768,90
3769,53
3770,75
3771,117
3772,98
3773,113
3774,106
3775,116
3776,120
3777,105
3778,100
3779,127
3780,139
3781,165
3782,247
3783,227
3784,224
3785,237
3786,231
3787,182
3788,219
3789,125
3790,101
3791,101
3792,129
3793,153
3794,176
3795,100
3796,46
3797,102
3798,100
3799,45
3800,41
3801,81
3802,105
3803,111
3804,35
3805,42
3806,78
3807,59
3808,53
3809,84
3810,209
3811,158
3812,147
3813,150
3814,106
3815,107
3816,61
3817,68
3818,60
3819,77
3820,70
3821,117
3822,46
3823,52
3824,49
3825,50
3826,63
3827,95
3828,63
3829,76
3830,56
3831,49
3832,62
3833,89
3834,72
3835,65
3836,125
3837,91
3838,60
3839,30
3840,46
3841,36
3842,58
3843,81
3844,78
3845,38
3846,39
3847,40
3848,43
3849,56
3850,53
3851,90
3852,96
3853,158
3854,242
3855,355
3856,171
3857,102
3858,42
3859,34
3860,29
3861,89
3862,120
3863,133
3864,135
3865,80
3866,112
3867,98
3868,72
3869,70
3870,52
3871,25
3872,18
3873,27
3874,24
3875,34
3876,19
3877,19
3878,35
3879,41
3880,25
3881,40
3882,34
3883,32
3884,26
3885,29
3886,33
3887,38
3888,26
3889,37
3890,52
3891,37
3892,41
3893,29
3894,65
3895,28
3896,21
3897,32
3898,21
3899,28
3900,24
3901,17
3902,64
3903,41
3904,26
3905,33
3906,34
3907,35
3908,51
3909,17
3910,25
3911,35
3912,28
3913,31
3914,37
3915,57
3916,65
3917,66
3918,60
3919,58
3920,46
3921,72
3922,68
3923,46
3924,70
3925,74
3926,83
3927,88
3928,116
3929,228
3930,76
3931,65
3932,30
3933,51
3934,37
3935,42
3936,21
3937,21
3938,45
3939,37
3940,32
3941,40
3942,32
3943,34
3944,38
3945,83
3946,53
3947,45
3948,48
3949,42
3950,17
3951,15
3952,33
3953,19
3954,18
3955,45
3956,96
3957,75
3958,81
3959,67
3960,78
3961,25
3962,15
3963,13
3964,15
3965,17
3966,25
3967,39
3968,37
3969,39
3970,20
3971,24
3972,44
3973,19
3974,11
3975,17
3976,31
3977,20
3978,20
3979,14
3980,38
3981,39
3982,55
3983,49
3984,93
3985,171
3986,167
3987,190
3988,173
3989,111
3990,27
3991,28
3992,41
3993,45
3994,69
3995,112
3996,85
3997,58
3998,89
3999,47
4000,41
4001,44
4002,48
4003,52
4004,47
4005,67
4006,44
4007,48
4008,51
4009,47
4010,103
4011,79
4012,162
4013,65
4014,59
4015,55
4016,57
4017,50
4018,37
4019,58
4020,77
4021,40
4022,74
4023,65
4024,26
4025,8
4026,12
4027,22
4028,11
4029,11
4030,14
4031,18
4032,26
4033,16
4034,16
4035,20
4036,15
4037,20
4038,19
4039,14
4040,10
4041,18
4042,28
4043,28
4044,27
4045,15
4046,15
4047,18
4048,28
4049,20
4050,14
4051,33
4052,10
4053,29
4054,18
4055,48
4056,37
4057,49
4058,27
4059,74
4060,71
4061,99
4062,82
4063,66
4064,79
4065,81
4066,55
4067,28
4068,25
4069,30
4070,26
4071,23
4072,44
4073,30
4074,36
4075,34
4076,54
4077,48
4078,34
4079,42
4080,30
4081,28
4082,22
4083,57
4084,56
4085,46
4086,37
4087,35
4088,40
4089,24
4090,49
4091,22
4092,22
4093,47
4094,29
4095,13
4096,24
4097,32
4098,15
4099,16
4100,20
4101,28
4102,30
4103,76
4104,49
4105,31
4106,32
4107,26
4108,33
4109,19
4110,13
4111,29
4112,23
4113,25
4114,5
4115,5
4116,2
4117,3
4118,4
4119,8
4120,3
4121,2
4122,7
4123,7
4124,9
4125,10
4126,3
4127,6
4128,38
4129,6
4130,6
4131,4
4132,11
4133,4
4134,3
4135,8
4136,1
4137,3
4138,2
4139,2
4140,5
4141,14
4142,17
4143,17
4144,3
4145,3
4146,5
4147,8
4148,8
4149,5
4150,7
4151,8
4152,9
4153,7
4154,3
4155,9
4156,16
4157,21
4158,5
4159,8
4160,14
4161,7
4162,5
4163,2
4164,17
4165,12
4166,5
4167,8
4168,8
4169,10
4170,16
4171,16
4172,17
4173,4
4174,1
4175,8
4176,6
4177,7
4178,9
4179,67
4180,104
4181,17
4182,13
4183,11
4184,8
4185,8
4186,8
4187,15
4188,12
4189,4
4190,7
4191,7
4192,5
4193,6
4194,20
4195,59
4196,12
4197,28
4198,37
4199,28
4200,37
4201,36
4202,33
4203,112
4204,45
4205,48
4206,43
4207,34
4208,21
4209,19
4210,7
4211,5
4212,12
4213,3
4214,7
4215,7
4216,7
4217,16
4218,18
4219,14
4220,4
4221,14
4222,14
4223,54
4224,60
4225,35
4226,46
4227,47
4228,19
4229,23
4230,14
4231,4
4232,9
4233,16
4234,37
4235,7
4236,8
4237,10
4238,16
4239,15
4240,15
4241,15
4242,4
4243,7
4244,5
4245,13
4246,37
4247,6
4248,9
4249,9
4250,14
4251,9
4252,7
4253,6
4254,6
4255,5
4256,28
4257,5
4258,21
4259,20
4260,8
4261,20
4262,19
4263,28
4264,6
4265,5
4266,2
4267,5
4268,6
4269,7
4270,7
4271,5
4272,7
4273,19
4274,19
4275,5
4276,7
4277,12
4278,5
4279,6
4280,5
4281,7
4282,4
4283,5
4284,5
4285,9
4286,4
4287,3
4288,11
4289,47
4290,65
4291,26
4292,37
4293,23
4294,18
4295,8
4296,1
4297,1
4298,6
4299,4
4300,6
4301,6
4302,7
4303,8
4304,22
4305,23
4306,9
4307,10
4308,1
4309,4
4310,2
4311,3
4312,5
4313,8
4314,7
4315,3
4316,8
4317,9
4318,22
4319,24
4320,11
4321,5
4322,5
4323,5
4324,7
4325,6
4326,27
4327,27
4328,49
4329,16
4330,14
4331,29
4332,49
4333,31
4334,11
4335,3
4336,6
4337,4
4338,2
4339,6
4340,6
4341,4
4342,9
4343,10
4344,1
4345,8
4346,14
4347,16
4348,6
4349,48
4350,25
4351,3
4353,9
4354,14
4355,31
4356,8
4357,4
4358,7
4359,4
4360,3
4361,7
4362,8
4363,12
4364,19
4365,5
4366,9
4367,2
4368,4
4369,8
4371,3
4372,10
4373,92
4374,89
4375,54
4376,23
4377,9
4378,8
4379,9
4380,4
4381,5
4382,11
4383,3
4384,12
4385,6
4386,25
4387,10
4388,6
4389,8
4390,17
4391,3
4392,22
4393,41
4394,32
4395,48
4396,31
4397,23
4398,12
4399,17
4400,6
4401,2
4402,2
4403,6
4404,9
4405,9
4406,4
4407,6
4408,28
4409,48
4410,6
4411,8
4412,10
4413,8
4414,11
4415,18
4416,28
4417,44
4418,27
4419,69
4420,58
4421,20
4422,5
4423,17
4424,13
4425,12
4426,16
4427,20
4428,28
4429,18
4430,17
4431,7
4432,2
4433,4
4434,8
4435,25
4436,4
4437,4
4438,8
4439,8
4440,1
4441,7
4442,2
4443,8
4444,9
4445,3
4446,4
4447,47
4448,20
4449,15
4450,20
4451,34
4452,27
4453,7
4454,8
4455,3
4456,18
4457,32
4458,15
4459,16
4460,7
4461,8
4462,4
4463,18
4464,15
4465,18
4466,17
4467,22
4468,17
4469,19
4470,7
4471,26
4472,46
4473,3
4474,23
4475,16
4476,11
4477,1
4479,4
4480,3
4481,8
4482,4
4483,18
4484,49
4485,96
4486,166
4487,46
4488,22
4489,9
4490,12
4491,16
4492,21
4493,19
4494,24
4495,19
4496,13
4497,47
4498,21
4499,13
4500,12
4501,11
4502,4
4503,1
4504,9
4505,12
4506,19
4507,8
4508,6
4509,19
4510,22
4511,35
4512,11
4513,7
4514,19
4515,8
4516,19
4517,8
4518,6
4519,2
4520,8
4521,5
4522,11
4523,5
4524,6
4525,30
4526,26
4527,8
4528,3
4529,7
4530,7
4531,2
4533,2
4534,3
4535,7
4536,3
4537,16
4538,1
4539,17
4540,28
4541,11
4542,4
4543,16
4544,11
4545,9
4546,7
4547,13
4548,3
4549,2
4550,13
4551,15
4552,11
4553,24
4554,26
4555,17
4556,38
4557,70
4558,5
4559,4
4560,1
4561,4
4562,9
4563,9
4564,5
4565,6
4566,2
4567,1
4568,7
4569,12
4570,11
4571,8
4572,20
4573,10
4574,5
4575,6
4576,15
4577,8
4578,1
4579,15
4580,15
4581,20
4582,6
4583,6
4584,4
4585,18
4586,40
4587,44
4588,20
4589,4
4590,1
4591,23
4592,16
4593,8
4594,10
4595,8
4596,14
4597,2
4598,1
4599,15
4600,6
4601,19
4602,13
4603,8
4604,10
4605,3
4606,15
4608,2
4609,15
4610,6
4611,12
4612,6
4613,6
4614,18
4615,41
4616,41
4617,43
4618,12
4619,23
4620,8
4621,8
4622,6
4623,18
4624,16
4625,38
4626,63
4627,1
4628,192
4629,286
4630,196
4631,102
4632,105
4633,146
4634,80
4635,79
4636,103
4637,184
4638,261
4639,207
4640,92
4641,42
4642,16
4643,6
4644,3
4645,1
4646,4
4647,8
4648,56
4649,22
4651,9
4652,2
4653,5
4654,8
4655,5
4656,11
4657,2
4658,6
4659,11
4660,50
4661,19
4662,27
4663,4
4664,5
4666,6
4667,3
4668,7
4669,9
4670,5
4671,3
4673,1
4674,5
4675,7
4676,24
4677,70
4678,26
4679,2
4680,10
4681,11
4682,9
4683,6
4684,3
4685,7
4686,4
4687,3
4688,2
4689,7
4690,7
4691,21
4692,8
4693,4
4694,2
4695,7
4696,13
4697,4
4698,17
4699,4
4700,8
4701,8
4702,14
4703,25
4704,6
4705,3
4706,28
4707,12
4708,3
4709,7
4710,13
4711,10
4712,9
4713,7
4714,10
4715,2
4716,1
4717,2
4719,13
4720,2
4721,46
4722,12
4723,17
4724,13
4725,5
4726,11
4727,7
4728,10
4729,9
4730,6
4731,18
4732,6
4733,16
4734,24
4735,1
4736,27
4737,12
4738,11
4739,10
4740,1
4741,9
4743,5
4744,12
4745,19
4746,18
4747,30
4748,48
4749,30
4750,27
4751,33
4752,16
4753,14
4754,14
4755,7
4756,9
4757,16
4758,19
4759,15
4760,10
4761,20
4762,33
4763,25
4764,7
4765,2
4766,3
4767,2
4768,2
4769,39
4770,23
4771,6
4772,19
4773,66
4774,31
4775,17
4776,11
4777,8
4778,10
4779,17
4780,6
4781,3
4782,9
4783,10
4784,8
4785,10
4786,23
4787,6
4788,13
4789,5
4790,5
4791,13
4792,3
4793,13
4794,41
4795,6
4796,9
4797,11
4799,4
4800,23
4801,16
4802,5
4803,8
4804,2
4806,6
4807,21
4808,4
4809,5
4810,1
4811,1
4812,15
4813,19
4814,40
4815,3
4816,6
4817,4
4818,16
4819,7
4820,5
4821,6
4822,2
4823,11
4824,19
4825,6
4826,12
4827,13
4828,15
4829,24
4830,21
4831,38
4832,21
4833,53
4834,28
4835,55
4836,36
4837,59
4838,47
