0,153610
237,5
238,1
241,4
242,2
243,1
245,3
246,3
247,5
248,7
249,4
250,3
251,3
252,3
253,2
254,9
256,6
257,1
258,3
259,2
260,4
262,1
263,4
265,4
266,1
267,7
268,3
269,2
270,3
271,5
273,9
274,4
276,6
277,3
278,6
279,2
281,2
282,1
283,9
284,2
285,5
286,5
287,6
288,1
289,1
290,14
291,39
292,28
293,36
294,83
295,17
296,9
297,5
298,8
299,2
300,24
301,19
302,37
303,43
304,7
305,24
306,3
307,3
308,6
309,17
310,27
311,32
312,8
313,2
314,1
315,1
316,2
317,4
318,1
319,2
321,5
322,2
324,3
325,2
326,3
327,1
328,4
329,3
330,4
331,3
333,1
334,1
335,5
336,5
337,2
338,1
340,1
341,2
342,4
343,1
344,4
345,3
347,2
349,7
350,2
351,5
352,4
353,4
354,2
355,1
356,3
357,2
358,3
359,1
360,1
362,22
363,36
364,30
365,13
366,80
367,82
368,26
369,23
370,23
371,9
372,10
373,19
374,34
375,3
376,33
377,96
378,28
379,1
380,1
381,2
385,3
386,4
387,1
388,1
390,4
391,1
394,4
396,1
397,4
398,2
399,5
402,1
403,3
404,3
405,2
406,2
407,1
408,1
409,2
410,1
411,1
412,5
413,3
414,3
416,1
417,4
418,1
419,1
420,3
422,1
423,4
424,8
426,2
427,6
428,5
429,2
430,2
433,1
434,3
435,1
436,1
437,2
438,2
439,4
440,2
441,2
442,1
443,8
444,20
445,32
446,3
447,1
448,1
449,2
450,3
451,2
452,1
453,2
455,3
456,2
457,14
458,3
459,2
460,1
461,2
462,1
463,3
464,1
465,4
466,1
467,3
468,4
469,3
470,2
473,7
474,2
475,3
476,1
477,7
478,6
481,4
482,10
483,4
484,1
485,2
486,2
487,4
488,2
490,1
492,2
493,9
494,4
495,3
496,4
497,2
498,7
499,24
500,10
501,5
502,15
503,12
504,15
505,13
506,9
507,42
508,3
509,12
510,18
511,10
512,17
513,5
514,5
515,10
516,1
517,13
518,24
519,8
520,20
521,28
522,7
523,22
524,21
525,6
526,7
527,7
528,12
529,14
530,6
531,17
532,6
533,22
534,10
535,15
536,6
537,3
538,11
539,25
540,52
541,20
542,14
543,12
544,32
545,25
546,10
547,5
548,14
549,18
550,19
551,5
552,14
553,43
554,202
555,159
556,69
557,10
558,12
559,7
560,7
561,3
562,15
563,5
564,3
565,12
566,4
567,3
568,9
569,10
570,5
571,6
572,7
573,10
574,8
575,6
576,14
577,16
578,13
579,4
580,15
581,7
582,8
583,12
584,3
585,4
586,4
587,16
588,18
589,5
590,6
591,3
592,4
593,4
594,14
595,4
596,3
597,9
598,3
599,13
600,5
601,3
602,2
603,10
604,3
605,4
606,9
607,8
608,7
609,8
610,6
611,7
612,3
613,3
614,6
615,9
616,5
617,8
618,8
619,2
620,9
621,4
622,14
623,6
624,18
625,26
626,60
627,41
628,59
629,34
630,74
631,40
632,25
633,18
634,19
635,26
636,69
637,40
638,23
639,9
640,6
641,12
642,9
643,10
644,9
645,8
646,4
647,4
648,8
649,2
650,5
651,5
652,11
653,6
654,25
655,30
656,15
657,28
658,18
659,86
660,22
661,48
662,42
663,30
664,51
665,26
666,21
667,31
668,44
669,17
670,7
671,7
672,5
673,1
674,5
675,10
676,5
677,8
678,4
679,6
680,11
681,3
682,10
683,25
684,84
685,55
686,88
687,49
688,64
689,30
690,58
691,58
692,20
693,7
694,5
695,4
696,13
697,7
698,8
699,5
700,14
701,6
702,5
703,7
704,5
705,4
706,6
707,6
708,5
709,3
710,13
711,2
712,5
713,10
714,7
715,49
716,27
717,1
718,2
719,9
720,1
721,8
722,13
723,9
724,5
725,2
726,10
727,5
728,6
729,5
730,11
731,4
732,20
733,7
734,11
735,17
736,8
737,16
738,11
739,5
741,4
742,15
743,3
744,15
745,1
746,11
747,6
748,8
749,4
750,1
751,6
752,11
753,24
754,13
755,3
756,1
757,5
758,1
759,2
760,4
762,3
763,5
764,3
765,1
766,2
767,4
768,4
769,3
770,2
771,2
772,4
773,2
774,1
775,2
776,3
778,1
779,2
780,4
781,3
782,2
783,4
784,3
785,2
786,5
789,4
791,9
794,3
795,5
797,2
798,2
799,6
800,1
801,5
802,4
803,5
804,10
805,1
806,2
807,4
808,3
809,3
810,1
812,1
813,2
814,3
815,5
816,3
817,5
818,7
820,1
821,3
822,2
823,1
824,3
826,3
827,1
829,3
830,3
831,3
832,3
833,3
837,3
838,3
839,1
840,4
841,2
842,1
843,3
846,6
850,2
851,1
852,2
853,1
855,4
856,2
857,1
859,3
860,53
861,1
863,1
864,2
865,3
866,2
867,2
868,2
869,3
870,2
871,1
872,1
873,4
874,2
875,9
876,3
877,7
878,1
881,3
883,3
884,5
885,6
886,1
887,3
889,6
890,1
891,2
892,1
893,20
894,6
895,9
896,14
897,18
898,4
899,13
900,4
901,2
902,1
903,1
904,5
905,25
906,6
907,3
908,1
909,4
910,3
912,3
913,4
916,5
918,1
919,2
920,1
921,3
922,2
926,3
927,3
929,2
930,2
931,1
932,2
933,1
934,4
935,3
936,3
938,2
939,1
940,2
942,1
943,6
944,6
945,1
946,1
947,5
948,2
949,2
950,1
951,3
952,2
953,4
954,4
955,2
956,1
957,2
959,2
961,4
962,4
963,2
964,1
965,3
967,3
969,1
970,1
971,2
972,1
975,8
976,8
977,11
978,8
979,11
980,7
981,3
983,2
984,3
985,5
987,7
988,2
989,1
990,3
991,2
992,1
993,3
994,1
995,8
996,2
997,1
998,1
1000,1
1001,2
1002,6
1003,3
1004,9
1005,11
1006,1
1007,2
1008,1
1009,2
1010,3
1011,4
1012,1
1013,2
1015,3
1016,4
1018,1
1019,1
1021,4
1022,4
1023,2
1024,1
1025,5
1026,2
1028,1
1029,3
1030,3
1031,1
1033,1
1034,1
1035,3
1036,3
1037,1
1038,39
1039,87
1040,2
1041,4
1042,2
1043,1
1044,4
1045,3
1046,2
1047,1
1048,1
1049,1
1051,4
1052,1
1053,3
1054,1
1055,1
1056,4
1058,5
1059,3
1060,1
1061,2
1062,1
1063,1
1064,35
1065,30
1066,10
1067,28
1068,2
1069,20
1070,34
1071,34
1072,13
1073,1
1074,2
1075,3
1076,1
1077,3
1078,2
1079,2
1081,1
1082,1
1083,1
1085,5
1086,2
1087,1
1088,3
1089,5
1090,1
1092,2
1094,2
1095,3
1096,2
1097,1
1098,2
1100,2
1101,1
1102,13
1103,22
1104,58
1105,17
1106,16
1108,3
1109,1
1110,1
1111,2
1113,1
1114,1
1115,3
1116,4
1117,1
1118,3
1120,2
1121,2
1122,4
1123,2
1124,4
1125,2
1126,1
1128,1
1129,3
1130,1
1131,2
1132,1
1133,2
1134,3
1135,2
1136,1
1137,2
1140,28
1141,26
1142,2
1143,2
1144,1
1145,4
1146,1
1148,5
1149,2
1150,2
1151,3
1152,4
1153,15
1154,3
1155,3
1156,6
1157,4
1158,14
1159,48
1160,61
1161,20
1162,14
1163,49
1164,32
1165,19
1166,20
1167,25
1168,29
1169,41
1170,6
1171,13
1172,4
1173,5
1174,13
1175,3
1176,12
1177,5
1178,3
1179,14
1180,7
1181,10
1182,2
1183,4
1184,7
1185,6
1186,4
1187,1
1188,4
1189,6
1190,12
1191,2
1192,3
1193,10
1194,3
1195,2
1196,6
1197,9
1198,9
1199,3
1200,8
1201,2
1202,5
1203,5
1204,8
1205,18
1206,17
1207,24
1208,30
1209,55
1210,70
1211,44
1212,148
1213,13
1214,9
1215,13
1216,14
1217,26
1218,33
1219,61
1220,23
1221,21
1222,16
1223,1
1224,7
1225,7
1226,6
1227,9
1228,21
1229,23
1230,12
1231,8
1232,7
1233,11
1234,12
1235,6
1236,26
1237,9
1238,11
1239,4
1240,10
1241,14
1242,22
1243,12
1244,23
1245,31
1246,19
1247,14
1248,7
1249,5
1250,23
1251,14
1252,16
1253,19
1254,33
1255,12
1256,23
1257,10
1258,14
1259,17
1260,21
1261,10
1262,12
1263,18
1264,19
1265,161
1266,23
1267,20
1268,33
1269,56
1270,70
1271,101
1272,48
1273,65
1274,121
1275,62
1276,55
1277,96
1278,118
1279,104
1280,56
1281,51
1282,80
1283,100
1284,204
1285,167
1286,78
1287,133
1288,449
1289,100
1290,87
1291,108
1292,115
1293,94
1294,176
1295,61
1296,57
1297,84
1298,183
1299,107
1300,140
1301,75
1302,52
1303,114
1304,69
1305,70
1306,112
1307,161
1308,115
1309,136
1310,147
1311,93
1312,121
1313,134
1314,151
1315,242
1316,119
1317,135
1318,166
1319,130
1320,113
1321,60
1322,41
1323,35
1324,145
1325,41
1326,144
1327,89
1328,76
1329,61
1330,105
1331,78
1332,116
1333,139
1334,78
1335,95
1336,81
1337,115
1338,62
1339,67
1340,107
1341,94
1342,73
1343,51
1344,63
1345,60
1346,41
1347,61
1348,64
1349,138
1350,45
1351,72
1352,76
1353,94
1354,76
1355,162
1356,108
1357,99
1358,43
1359,89
1360,113
1361,100
1362,65
1363,63
1364,87
1365,109
1366,106
1367,449
1368,120
1369,141
1370,72
1371,221
1372,64
1373,85
1374,40
1375,34
1376,41
1377,38
1378,46
1379,47
1380,69
1381,72
1382,46
1383,64
1384,64
1385,65
1386,47
1387,156
1388,67
1389,95
1390,45
1391,80
1392,131
1393,122
1394,142
1395,84
1396,71
1397,325
1398,146
1399,79
1400,132
1401,94
1402,95
1403,182
1404,246
1405,325
1406,447
1407,256
1408,335
1409,266
1410,167
1411,246
1412,214
1413,239
1414,262
1415,258
1416,447
1417,641
1418,760
1419,404
1420,347
1421,329
1422,285
1423,193
1424,274
1425,659
1426,407
1427,323
1428,196
1429,235
1430,257
1431,380
1432,315
1433,261
1434,195
1435,483
1436,207
1437,175
1438,295
1439,147
1440,200
1441,223
1442,222
1443,225
1444,213
1445,164
1446,148
1447,176
1448,189
1449,189
1450,347
1451,149
1452,254
1453,273
1454,187
1455,205
1456,109
1457,104
1458,119
1459,137
1460,120
1461,183
1462,197
1463,200
1464,293
1465,182
1466,188
1467,266
1468,324
1469,403
1470,421
1471,597
1472,342
1473,334
1474,250
1475,290
1476,231
1477,773
1478,1669
1479,352
1480,448
1481,282
1482,361
1483,278
1484,222
1485,426
1486,220
1487,209
1488,291
1489,226
1490,340
1491,360
1492,303
1493,327
1494,311
1495,310
1496,276
1497,280
1498,499
1499,272
1500,276
1501,547
1502,274
1503,238
1504,206
1505,178
1506,145
1507,194
1508,210
1509,485
1510,356
1511,276
1512,383
1513,463
1514,272
1515,273
1516,305
1517,245
1518,220
1519,282
1520,244
1521,245
1522,333
1523,532
1524,225
1525,428
1526,441
1527,517
1528,399
1529,424
1530,332
1531,330
1532,286
1533,375
1534,314
1535,335
1536,356
1537,456
1538,536
1539,491
1540,440
1541,323
1542,454
1543,276
1544,410
1545,357
1546,405
1547,384
1548,308
1549,521
1550,508
1551,345
1552,463
1553,176
1554,217
1555,190
1556,212
1557,271
1558,193
1559,214
1560,330
1561,431
1562,197
1563,339
1564,213
1565,288
1566,283
1567,457
1568,910
1569,451
1570,358
1571,457
1572,448
1573,342
1574,276
1575,403
1576,460
1577,368
1578,351
1579,365
1580,481
1581,438
1582,1239
1583,449
1584,390
1585,485
1586,423
1587,460
1588,532
1589,474
1590,821
1591,1071
1592,1098
1593,728
1594,844
1595,729
1596,620
1597,905
1598,963
1599,996
1600,715
1601,641
1602,829
1603,813
1604,856
1605,758
1606,848
1607,783
1608,1026
1609,583
1610,783
1611,756
1612,680
1613,1154
1614,1025
1615,932
1616,892
1617,895
1618,1115
1619,929
1620,980
1621,1107
1622,940
1623,926
1624,1065
1625,1431
1626,1143
1627,1773
1628,1575
1629,771
1630,785
1631,886
1632,821
1633,1003
1634,1406
1635,1266
1636,1395
1637,1447
1638,1192
1639,1303
1640,2411
1641,1840
1642,2068
1643,1632
1644,981
1645,1129
1646,879
1647,891
1648,886
1649,910
1650,1007
1651,2124
1652,1312
1653,1120
1654,1236
1655,1111
1656,1884
1657,1363
1658,1428
1659,2071
1660,2253
1661,1888
1662,2507
1663,2356
1664,2741
1665,1633
1666,1918
1667,2026
1668,1583
1669,2077
1670,2750
1671,2410
1672,3102
1673,3263
1674,3055
1675,2181
1676,2387
1677,2048
1678,2465
1679,2525
1680,2004
1681,2014
1682,1912
1683,2652
1684,2018
1685,1827
1686,2026
1687,2110
1688,2508
1689,2912
1690,2891
1691,3242
1692,3699
1693,3456
1694,3587
1695,3252
1696,3157
1697,3225
1698,3316
1699,3169
1700,5661
1701,3807
1702,4231
1703,3180
1704,4001
1705,3808
1706,4009
1707,4580
1708,4029
1709,4808
1710,3882
1711,5704
1712,5437
1713,5948
1714,5635
1715,6159
1716,6652
1717,5953
1718,5242
1719,6678
1720,6266
1721,6518
1722,6566
1723,7077
1724,6380
1725,6078
1726,7157
1727,6949
1728,8034
1729,6981
1730,7660
1731,6529
1732,6448
1733,6702
1734,8384
1735,7221
1736,7717
1737,7738
1738,8083
1739,8995
1740,9836
1741,11537
1742,10856
1743,10149
1744,11656
1745,10870
1746,12901
1747,12927
1748,12405
1749,13026
1750,12942
1751,14778
1752,16832
1753,15128
1754,15016
1755,15475
1756,15328
1757,16957
1758,18583
1759,16780
1760,18895
1761,23940
1762,19172
1763,22314
1764,22322
1765,22193
1766,28665
1767,28083
1768,29260
1769,36458
1770,30768
1771,32756
1772,33203
1773,35730
1774,35947
1775,39660
1776,41346
1777,43404
1778,47309
1779,57553
1780,59419
1781,61744
1782,69367
1783,71843
1784,94436
1785,101919
1786,103837
1787,119031
1788,137826
1789,150051
1790,162601
1791,199528
1792,229931
1793,274996
1794,375092
1795,450195
1796,582500
1797,813962
1798,1281091
1799,2856142
1800,28320138
1801,37360
1802,27926
1803,28213
1804,24796
1805,24913
1806,25204
1807,27307
1808,26192
1809,23396
1810,30036
1811,30689
1812,28556
1813,29825
1814,25965
1815,24923
1816,23082
1817,22279
1818,20846
1819,21376
1820,18826
1821,17944
1822,18135
1823,19061
1824,19496
1825,20671
1826,18570
1827,18108
1828,17033
1829,17354
1830,17357
1831,18822
1832,20265
1833,22280
1834,22243
1835,17963
1836,16846
1837,18289
1838,18681
1839,19752
1840,18727
1841,16788
1842,16284
1843,16374
1844,15386
1845,15700
1846,16687
1847,17523
1848,16492
1849,16111
1850,13794
1851,14717
1852,15369
1853,14171
1854,15384
1855,15676
1856,16193
1857,16718
1858,15810
1859,18574
1860,15354
1861,16730
1862,15952
1863,17652
1864,15127
1865,19331
1866,18768
1867,18323
1868,17958
1869,18816
1870,17695
1871,19334
1872,17858
1873,19237
1874,19152
1875,18841
1876,17559
1877,16515
1878,16155
1879,14881
1880,16400
1881,15256
1882,14612
1883,13892
1884,15329
1885,16104
1886,13512
1887,13799
1888,13857
1889,14918
1890,15966
1891,14262
1892,15989
1893,18462
1894,15184
1895,13030
1896,11007
1897,11563
1898,13377
1899,13864
1900,14350
1901,13244
1902,11623
1903,12056
1904,12526
1905,12112
1906,10680
1907,11161
1908,11993
1909,15279
1910,15863
1911,15761
1912,13653
1913,12677
1914,13876
1915,11425
1916,12580
1917,10138
1918,10679
1919,9836
1920,10328
1921,10305
1922,12264
1923,12160
1924,11086
1925,9788
1926,11885
1927,10348
1928,10704
1929,9618
1930,9947
1931,10898
1932,10362
1933,9763
1934,9926
1935,10154
1936,10338
1937,11132
1938,11039
1939,10210
1940,12278
1941,10468
1942,9546
1943,10739
1944,11399
1945,10486
1946,11357
1947,10574
1948,10338
1949,11031
1950,9267
1951,9640
1952,9965
1953,9533
1954,7767
1955,8049
1956,9982
1957,8495
1958,9212
1959,8966
1960,9616
1961,8905
1962,9563
1963,10133
1964,10037
1965,9921
1966,9099
1967,10749
1968,9314
1969,8755
1970,9738
1971,9326
1972,8669
1973,8823
1974,7739
1975,8107
1976,7495
1977,8534
1978,8143
1979,8808
1980,8859
1981,8435
1982,8864
1983,9748
1984,8691
1985,10700
1986,9814
1987,9328
1988,7533
1989,7996
1990,7589
1991,8645
1992,7410
1993,7892
1994,8692
1995,9557
1996,10586
1997,13488
1998,13376
1999,12208
2000,10407
2001,9422
2002,9269
2003,8576
2004,7490
2005,6025
2006,6542
2007,7416
2008,6876
2009,6649
2010,8926
2011,9090
2012,8427
2013,7886
2014,7802
2015,8608
2016,8119
2017,8038
2018,8805
2019,8724
2020,9562
2021,11070
2022,12435
2023,14426
2024,12444
2025,11963
2026,12228
2027,11337
2028,12898
2029,11202
2030,11572
2031,10774
2032,11270
2033,12269
2034,13786
2035,12424
2036,13715
2037,12797
2038,11659
2039,10355
2040,8609
2041,9065
2042,8870
2043,7635
2044,7260
2045,7816
2046,8606
2047,8421
2048,7280
2049,7204
2050,7417
2051,9323
2052,9383
2053,10359
2054,11542
2055,11209
2056,11863
2057,13660
2058,13348
2059,11138
2060,10340
2061,11661
2062,12049
2063,13651
2064,15787
2065,14039
2066,14727
2067,14852
2068,12807
2069,12047
2070,13031
2071,13405
2072,13020
2073,11691
2074,13411
2075,12246
2076,13501
2077,13310
2078,12071
2079,13729
2080,11200
2081,13167
2082,14566
2083,13457
2084,15970
2085,15800
2086,14293
2087,13281
2088,11696
2089,14354
2090,13641
2091,10480
2092,11265
2093,10739
2094,10080
2095,9728
2096,11183
2097,12570
2098,13026
2099,13909
2100,16284
2101,17926
2102,21551
2103,25388
2104,26311
2105,27905
2106,27881
2107,26165
2108,24420
2109,21443
2110,20764
2111,15111
2112,16621
2113,14658
2114,15600
2115,16774
2116,17508
2117,14659
2118,11955
2119,10480
2120,9704
2121,9527
2122,9393
2123,10752
2124,9872
2125,8800
2126,9080
2127,9498
2128,10262
2129,10227
2130,8926
2131,9697
2132,11016
2133,8840
2134,8272
2135,7263
2136,8256
2137,6588
2138,8160
2139,9125
2140,8204
2141,7971
2142,6939
2143,6379
2144,6762
2145,6695
2146,6312
2147,7615
2148,6254
2149,6133
2150,6787
2151,8337
2152,7581
2153,6996
2154,6881
2155,7834
2156,7490
2157,7832
2158,7767
2159,8171
2160,7252
2161,7327
2162,8002
2163,8036
2164,8660
2165,7811
2166,7641
2167,7872
2168,8391
2169,8385
2170,8211
2171,7942
2172,7339
2173,7300
2174,7206
2175,6728
2176,7268
2177,6693
2178,6263
2179,6969
2180,7508
2181,7300
2182,8353
2183,8891
2184,8665
2185,8654
2186,7530
2187,6428
2188,7127
2189,7297
2190,7356
2191,8154
2192,9019
2193,8279
2194,8287
2195,8698
2196,7305
2197,7424
2198,7697
2199,7761
2200,7244
2201,7697
2202,7029
2203,6425
2204,5832
2205,5711
2206,6046
2207,5922
2208,6085
2209,5956
2210,5913
2211,5718
2212,6359
2213,6503
2214,7312
2215,6829
2216,7025
2217,6723
2218,7048
2219,7125
2220,6123
2221,5762
2222,5987
2223,5550
2224,5667
2225,5091
2226,4987
2227,5119
2228,6576
2229,6182
2230,6593
2231,6463
2232,6259
2233,6130
2234,6509
2235,6094
2236,6670
2237,5823
2238,6002
2239,6086
2240,6070
2241,6807
2242,7163
2243,7005
2244,6722
2245,6855
2246,6448
2247,6124
2248,5812
2249,6857
2250,6600
2251,5931
2252,6191
2253,6468
2254,6959
2255,8027
2256,7442
2257,6098
2258,6148
2259,6009
2260,6721
2261,6465
2262,5909
2263,6020
2264,6660
2265,6802
2266,6471
2267,6200
2268,6493
2269,6362
2270,6275
2271,7013
2272,5873
2273,7310
2274,6511
2275,5535
2276,6605
2277,5631
2278,4765
2279,4663
2280,5124
2281,5540
2282,5909
2283,5997
2284,6221
2285,5188
2286,5549
2287,5401
2288,6088
2289,6650
2290,5513
2291,5922
2292,6356
2293,6493
2294,7234
2295,6594
2296,5599
2297,5887
2298,5531
2299,5468
2300,5347
2301,5133
2302,5587
2303,5644
2304,5548
2305,5763
2306,6176
2307,5571
2308,5082
2309,4962
2310,5117
2311,4949
2312,5625
2313,5732
2314,5541
2315,6494
2316,5432
2317,5806
2318,6422
2319,6084
2320,5969
2321,6269
2322,6158
2323,5946
2324,4559
2325,4826
2326,4391
2327,4483
2328,4892
2329,4977
2330,5307
2331,6082
2332,5125
2333,5772
2334,5357
2335,5579
2336,5227
2337,4946
2338,5717
2339,4830
2340,4468
2341,4655
2342,4344
2343,4264
2344,4097
2345,4217
2346,4541
2347,4692
2348,4595
2349,5124
2350,4111
2351,4584
2352,3885
2353,4204
2354,4914
2355,3913
2356,4291
2357,4513
2358,3923
2359,3968
2360,4464
2361,4862
2362,5135
2363,5671
2364,5609
2365,5336
2366,4810
2367,4839
2368,4730
2369,4733
2370,4240
2371,3708
2372,4241
2373,4511
2374,4438
2375,4633
2376,3952
2377,4375
2378,4348
2379,3988
2380,4290
2381,3666
2382,3220
2383,3238
2384,3260
2385,3551
2386,3611
2387,3440
2388,3623
2389,3956
2390,3903
2391,4436
2392,3946
2393,3902
2394,3768
2395,3926
2396,4122
2397,3630
2398,3766
2399,4992
2400,5203
2401,4697
2402,4511
2403,4683
2404,4545
2405,4447
2406,3937
2407,3814
2408,3760
2409,3970
2410,3941
2411,3821
2412,4552
2413,4885
2414,4866
2415,4782
2416,4882
2417,4575
2418,5255
2419,5870
2420,5697
2421,5664
2422,9403
2423,4142
2424,4117
2425,4963
2426,5625
2427,5790
2428,5577
2429,4743
2430,4877
2431,5334
2432,6327
2433,6276
2434,6409
2435,6629
2436,7589
2437,8505
2438,6852
2439,6448
2440,5468
2441,6296
2442,6711
2443,6236
2444,6317
2445,6089
2446,6488
2447,7093
2448,7006
2449,7452
2450,8493
2451,8758
2452,7834
2453,7351
2454,9187
2455,8681
2456,9664
2457,9847
2458,8672
2459,7905
2460,8551
2461,7881
2462,6965
2463,7370
2464,7421
2465,8606
2466,9722
2467,10138
2468,9451
2469,8680
2470,7628
2471,7151
2472,6464
2473,5983
2474,6045
2475,6085
2476,5981
2477,4588
2478,5485
2479,6134
2480,5259
2481,4576
2482,4927
2483,5115
2484,4338
2485,4303
2486,4377
2487,4938
2488,7002
2489,4846
2490,5495
2491,4832
2492,4566
2493,4931
2494,5048
2495,5880
2496,6076
2497,4740
2498,5722
2499,4830
2500,5560
2501,5993
2502,6417
2503,5080
2504,5066
2505,5354
2506,5754
2507,5454
2508,4475
2509,4113
2510,5214
2511,5881
2512,4641
2513,5239
2514,5709
2515,4615
2516,5234
2517,5128
2518,5511
2519,6088
2520,5907
2521,5487
2522,5274
2523,5062
2524,4267
2525,4148
2526,4363
2527,3803
2528,3265
2529,3157
2530,2972
2531,3071
2532,4259
2533,4417
2534,4187
2535,3251
2536,2929
2537,3715
2538,4000
2539,3786
2540,4536
2541,5650
2542,5401
2543,6105
2544,5885
2545,4490
2546,4276
2547,3715
2548,4057
2549,3381
2550,2940
2551,3362
2552,4176
2553,3890
2554,3988
2555,3438
2556,4683
2557,4975
2558,4052
2559,4639
2560,5487
2561,6386
2562,4551
2563,3815
2564,4037
2565,4588
2566,4962
2567,3601
2568,3303
2569,3404
2570,4190
2571,3583
2572,3686
2573,4264
2574,3799
2575,4653
2576,3481
2577,4519
2578,3766
2579,3148
2580,3596
2581,3613
2582,3046
2583,2637
2584,2666
2585,3799
2586,2936
2587,2960
2588,3916
2589,4753
2590,4263
2591,4053
2592,4002
2593,4150
2594,3642
2595,3673
2596,4784
2597,3815
2598,5209
2599,4148
2600,3629
2601,4412
2602,4672
2603,3386
2604,3657
2605,5230
2606,5791
2607,5205
2608,5232
2609,5123
2610,5015
2611,4321
2612,4106
2613,4542
2614,4562
2615,5054
2616,4624
2617,4681
2618,4917
2619,3747
2620,4669
2621,4930
2622,4745
2623,4367
2624,4845
2625,3734
2626,4384
2627,5014
2628,4977
2629,4365
2630,4229
2631,3736
2632,4526
2633,4675
2634,4146
2635,4908
2636,4798
2637,4451
2638,3738
2639,4187
2640,4860
2641,3992
2642,4346
2643,2897
2644,4246
2645,4097
2646,4627
2647,4127
2648,4500
2649,3091
2650,3803
2651,4860
2652,5234
2653,5288
2654,4933
2655,3233
2656,3521
2657,4042
2658,2999
2659,3764
2660,4162
2661,3249
2662,3801
2663,3187
2664,3401
2665,3331
2666,3238
2667,3028
2668,3849
2669,3182
2670,3722
2671,3384
2672,3917
2673,4206
2674,4969
2675,5138
2676,4993
2677,5441
2678,5128
2679,5008
2680,4611
2681,3627
2682,4558
2683,4923
2684,4712
2685,4894
2686,4929
2687,4573
2688,3730
2689,3228
2690,3328
2691,2597
2692,3225
2693,3111
2694,2581
2695,2582
2696,2741
2697,3052
2698,2612
2699,2428
2700,2177
2701,2620
2702,1899
2703,3081
2704,2521
2705,3053
2706,3201
2707,3876
2708,4141
2709,4223
2710,3253
2711,3719
2712,3169
2713,3845
2714,2707
2715,3350
2716,2623
2717,3012
2718,2943
2719,2252
2720,3273
2721,3019
2722,3715
2723,3320
2724,3475
2725,3403
2726,3612
2727,3612
2728,4069
2729,3271
2730,3174
2731,3339
2732,3774
2733,2956
2734,3556
2735,3681
2736,3440
2737,3355
2738,3229
2739,3692
2740,3717
2741,3271
2742,2569
2743,3083
2744,2474
2745,2648
2746,2403
2747,3363
2748,2820
2749,3240
2750,2989
2751,3109
2752,2378
2753,2817
2754,2539
2755,2629
2756,2821
2757,2903
2758,2715
2759,2432
2760,2281
2761,2384
2762,2912
2763,3339
2764,2635
2765,2531
2766,2875
2767,2120
2768,2389
2769,3154
2770,2921
2771,2794
2772,2373
2773,1895
2774,2531
2775,2664
2776,3375
2777,2871
2778,2497
2779,2681
2780,1969
2781,2588
2782,2355
2783,2260
2784,3560
2785,3351
2786,3044
2787,2697
2788,2495
2789,2283
2790,3640
2791,3338
2792,2910
2793,2489
2794,2641
2795,2048
2796,2260
2797,2983
2798,3238
2799,1767
2800,2600
2801,2465
2802,2343
2803,3161
2804,1851
2805,1981
2806,1632
2807,1650
2808,2480
2809,1439
2810,2529
2811,2185
2812,2542
2813,3891
2814,2661
2815,2730
2816,2932
2817,2636
2818,2402
2819,3102
2820,2007
2821,2706
2822,2134
2823,2628
2824,2643
2825,2888
2826,3144
2827,3300
2828,2456
2829,1995
2830,2415
2831,2838
2832,2389
2833,2466
2834,2460
2835,1753
2836,1528
2837,1739
2838,2126
2839,2116
2840,2260
2841,2731
2842,3817
2843,2887
2844,2590
2845,2854
2846,2807
2847,1678
2848,1775
2849,1752
2850,1985
2851,2578
2852,1511
2853,1892
2854,1540
2855,1519
2856,1704
2857,1803
2858,1931
2859,1963
2860,2597
2861,2640
2862,1701
2863,2288
2864,1928
2865,2125
2866,2597
2867,1886
2868,2391
2869,1964
2870,3010
2871,1448
2872,1824
2873,1440
2874,1575
2875,1871
2876,1998
2877,2435
2878,2329
2879,2597
2880,2019
2881,2062
2882,3122
2883,2475
2884,3304
2885,4827
2886,3394
2887,2988
2888,2020
2889,2190
2890,2726
2891,2737
2892,2771
2893,3027
2894,3262
2895,3005
2896,2318
2897,2732
2898,3901
2899,3666
2900,4702
2901,4613
2902,4319
2903,5298
2904,5318
2905,4117
2906,2991
2907,2935
2908,2520
2909,2752
2910,2111
2911,2781
2912,2792
2913,3141
2914,2901
2915,2343
2916,2492
2917,1809
2918,1566
2919,1916
2920,2797
2921,4250
2922,4396
2923,4298
2924,3383
2925,2856
2926,2399
2927,2361
2928,2183
2929,1471
2930,2478
2931,1922
2932,1627
2933,2292
2934,2651
2935,2142
2936,2362
2937,2402
2938,2006
2939,2317
2940,1419
2941,2052
2942,2140
2943,1981
2944,3300
2945,2770
2946,3214
2947,2474
2948,2849
2949,2535
2950,2119
2951,2683
2952,2292
2953,1883
2954,1800
2955,1729
2956,1450
2957,2094
2958,1557
2959,1708
2960,1610
2961,2281
2962,1799
2963,1864
2964,2182
2965,2753
2966,2110
2967,1928
2968,2475
2969,2064
2970,1730
2971,1988
2972,1398
2973,2385
2974,1369
2975,2501
2976,3948
2977,2878
2978,3204
2979,4068
2980,3070
2981,2832
2982,3394
2983,2987
2984,3440
2985,2720
2986,3483
2987,2978
2988,2674
2989,2822
2990,2647
2991,1995
2992,1712
2993,2555
2994,2578
2995,2844
2996,2324
2997,2974
2998,3392
2999,3250
3000,4529
3001,3518
3002,3196
3003,3508
3004,2647
3005,3074
3006,1953
3007,2160
3008,1784
3009,2736
3010,2215
3011,2364
3012,2781
3013,3954
3014,2931
3015,2956
3016,2550
3017,2383
3018,2319
3019,1843
3020,2522
3021,2397
3022,3287
3023,2944
3024,3107
3025,2447
3026,2646
3027,4593
3028,3401
3029,2636
3030,2121
3031,2609
3032,2400
3033,1871
3034,1746
3035,1429
3036,1788
3037,1333
3038,1441
3039,1011
3040,955
3041,1430
3042,1576
3043,816
3044,938
3045,1267
3046,1820
3047,1684
3048,1518
3049,1701
3050,1454
3051,1696
3052,1756
3053,1929
3054,2500
3055,3919
3056,4425
3057,4191
3058,2445
3059,1746
3060,1509
3061,1917
3062,2303
3063,1997
3064,2303
3065,2283
3066,2866
3067,2363
3068,2809
3069,2787
3070,2422
3071,3144
3072,2595
3073,1956
3074,2069
3075,2172
3076,2885
3077,2258
3078,2707
3079,1557
3080,1978
3081,1822
3082,1035
3083,1630
3084,2408
3085,2117
3086,3239
3087,4085
3088,3329
3089,3752
3090,5199
3091,3822
3092,2559
3093,1846
3094,1257
3095,1375
3096,2169
3097,2685
3098,3947
3099,4548
3100,5937
3101,8428
3102,9253
3103,9868
3104,7734
3105,6269
3106,5464
3107,4835
3108,3614
3109,3780
3110,2596
3111,1859
3112,2501
3113,3585
3114,3657
3115,3082
3116,2063
3117,1562
3118,969
3119,1234
3120,742
3121,863
3122,1150
3123,1081
3124,831
3125,802
3126,600
3127,764
3128,588
3129,665
3130,564
3131,593
3132,591
3133,488
3134,670
3135,784
3136,858
3137,854
3138,695
3139,805
3140,608
3141,734
3142,806
3143,666
3144,878
3145,854
3146,900
3147,961
3148,1092
3149,908
3150,784
3151,925
3152,1014
3153,988
3154,891
3155,1369
3156,899
3157,828
3158,755
3159,825
3160,897
3161,995
3162,983
3163,800
3164,1012
3165,996
3166,1011
3167,689
3168,796
3169,625
3170,579
3171,685
3172,743
3173,759
3174,727
3175,817
3176,920
3177,626
3178,629
3179,500
3180,542
3181,418
3182,397
3183,432
3184,339
3185,390
3186,448
3187,355
3188,451
3189,447
3190,579
3191,484
3192,702
3193,891
3194,711
3195,533
3196,549
3197,534
3198,500
3199,554
3200,663
3201,694
3202,804
3203,593
3204,451
3205,771
3206,655
3207,438
3208,421
3209,509
3210,795
3211,883
3212,982
3213,812
3214,1126
3215,1118
3216,1017
3217,1112
3218,954
3219,893
3220,661
3221,555
3222,481
3223,514
3224,638
3225,919
3226,508
3227,667
3228,641
3229,744
3230,669
3231,761
3232,843
3233,625
3234,810
3235,773
3236,641
3237,440
3238,412
3239,361
3240,442
3241,390
3242,369
3243,390
3244,623
3245,675
3246,517
3247,461
3248,487
3249,483
3250,524
3251,529
3252,707
3253,705
3254,817
3255,451
3256,382
3257,445
3258,483
3259,567
3260,500
3261,498
3262,562
3263,410
3264,479
3265,423
3266,730
3267,580
3268,545
3269,511
3270,466
3271,538
3272,446
3273,511
3274,530
3275,597
3276,692
3277,634
3278,592
3279,555
3280,1234
3281,604
3282,745
3283,800
3284,936
3285,680
3286,550
3287,537
3288,533
3289,393
3290,593
3291,544
3292,606
3293,416
3294,570
3295,571
3296,436
3297,478
3298,418
3299,404
3300,419
3301,387
3302,423
3303,335
3304,354
3305,461
3306,553
3307,606
3308,552
3309,446
3310,627
3311,516
3312,592
3313,590
3314,586
3315,570
3316,540
3317,517
3318,482
3319,488
3320,470
3321,436
3322,497
3323,465
3324,404
3325,447
3326,419
3327,475
3328,539
3329,445
3330,645
3331,487
3332,635
3333,470
3334,717
3335,536
3336,389
3337,348
3338,319
3339,497
3340,494
3341,513
3342,645
3343,759
3344,609
3345,792
3346,863
3347,678
3348,852
3349,889
3350,759
3351,723
3352,848
3353,839
3354,873
3355,701
3356,755
3357,727
3358,891
3359,865
3360,906
3361,1148
3362,967
3363,930
3364,708
3365,875
3366,1012
3367,1119
3368,866
3369,661
3370,700
3371,635
3372,685
3373,557
3374,535
3375,745
3376,536
3377,455
3378,652
3379,596
3380,609
3381,625
3382,547
3383,377
3384,552
3385,498
3386,499
3387,654
3388,700
3389,799
3390,839
3391,708
3392,755
3393,529
3394,540
3395,625
3396,622
3397,624
3398,615
3399,697
3400,979
3401,812
3402,545
3403,511
3404,739
3405,613
3406,696
3407,736
3408,765
3409,779
3410,964
3411,1244
3412,1017
3413,900
3414,1219
3415,1204
3416,871
3417,668
3418,822
3419,699
3420,663
3421,574
3422,660
3423,821
3424,647
3425,829
3426,741
3427,814
3428,688
3429,779
3430,723
3431,913
3432,1199
3433,1147
3434,848
3435,777
3436,853
3437,851
3438,886
3439,748
3440,1227
3441,1274
3442,1205
3443,980
3444,777
3445,843
3446,819
3447,783
3448,879
3449,596
3450,946
3451,720
3452,605
3453,500
3454,730
3455,754
3456,824
3457,735
3458,556
3459,634
3460,506
3461,572
3462,666
3463,656
3464,849
3465,807
3466,960
3467,900
3468,1265
3469,813
3470,970
3471,794
3472,743
3473,601
3474,641
3475,675
3476,803
3477,825
3478,841
3479,803
3480,760
3481,765
3482,687
3483,707
3484,921
3485,987
3486,1181
3487,1361
3488,1210
3489,1114
3490,1152
3491,1114
3492,983
3493,992
3494,1006
3495,794
3496,837
3497,668
3498,887
3499,748
3500,967
3501,978
3502,957
3503,844
3504,726
3505,685
3506,725
3507,860
3508,861
3509,890
3510,881
3511,1044
3512,1618
3513,1161
3514,1057
3515,1331
3516,977
3517,1283
3518,997
3519,976
3520,930
3521,810
3522,1260
3523,958
3524,1055
3525,1080
3526,1141
3527,1349
3528,1196
3529,979
3530,1222
3531,1300
3532,1023
3533,1097
3534,1056
3535,1192
3536,1081
3537,1143
3538,985
3539,1080
3540,1169
3541,1284
3542,1423
3543,1227
3544,783
3545,690
3546,678
3547,733
3548,913
3549,1123
3550,1099
3551,977
3552,1058
3553,1050
3554,1167
3555,798
3556,1080
3557,1107
3558,715
3559,737
3560,695
3561,587
3562,645
3563,679
3564,784
3565,1101
3566,997
3567,956
3568,1039
3569,707
3570,863
3571,713
3572,778
3573,747
3574,686
3575,761
3576,818
3577,928
3578,927
3579,812
3580,787
3581,916
3582,743
3583,728
3584,819
3585,831
3586,821
3587,809
3588,1631
3589,664
3590,560
3591,636
3592,931
3593,989
3594,725
3595,549
3596,662
3597,714
3598,856
3599,807
3600,758
3601,671
3602,821
3603,611
3604,840
3605,773
3606,515
3607,602
3608,700
3609,621
3610,660
3611,758
3612,547
3613,448
3614,651
3615,647
3616,723
3617,768
3618,609
3619,565
3620,862
3621,814
3622,921
3623,1119
3624,950
3625,929
3626,767
3627,747
3628,774
3629,626
3630,674
3631,737
3632,872
3633,1116
3634,765
3635,725
3636,724
3637,739
3638,711
3639,721
3640,603
3641,791
3642,586
3643,620
3644,784
3645,751
3646,660
3647,615
3648,1288
3649,518
3650,447
3651,524
3652,627
3653,700
3654,752
3655,635
3656,680
3657,659
3658,735
3659,572
3660,585
3661,745
3662,785
3663,626
3664,648
3665,578
3666,500
3667,497
3668,649
3669,956
3670,1002
3671,913
3672,828
3673,917
3674,1115
3675,1063
3676,1183
3677,929
3678,749
3679,776
3680,558
3681,829
3682,579
3683,668
3684,651
3685,657
3686,722
3687,582
3688,891
3689,1184
3690,1384
3691,1394
3692,1725
3693,1246
3694,1331
3695,1377
3696,1765
3697,1481
3698,1804
3699,1573
3700,1398
3701,1478
3702,1836
3703,1899
3704,2052
3705,2051
3706,1685
3707,1974
3708,1748
3709,1899
3710,1615
3711,1491
3712,1595
3713,1313
3714,945
3715,1027
3716,1086
3717,1436
3718,1223
3719,1362
3720,782
3721,668
3722,646
3723,670
3724,616
3725,632
3726,970
3727,934
3728,1576
3729,1067
3730,576
3731,743
3732,723
3733,733
3734,636
3735,578
3736,767
3737,600
3738,816
3739,964
3740,703
3741,607
3742,700
3743,621
3744,607
3745,604
3746,587
3747,722
3748,644
3749,622
3750,495
3751,524
3752,589
3753,610
3754,539
3755,415
3756,338
3757,483
3758,538
3759,613
3760,455
3761,516
3762,401
3763,337
3764,389
3765,456
3766,451
3767,405
3768,452
3769,489
3770,638
3771,480
3772,359
3773,313
3774,341
3775,338
3776,504
3777,461
3778,394
3779,454
3780,491
3781,542
3782,758
3783,781
3784,607
3785,501
3786,669
3787,478
3788,426
3789,381
3790,463
3791,628
3792,457
3793,490
3794,491
3795,463
3796,507
3797,459
3798,455
3799,571
3800,582
3801,638
3802,800
3803,867
3804,833
3805,827
3806,758
3807,657
3808,548
3809,549
3810,598
3811,550
3812,452
3813,437
3814,514
3815,451
3816,397
3817,344
3818,288
3819,186
3820,247
3821,298
3822,368
3823,457
3824,294
3825,281
3826,286
3827,352
3828,415
3829,367
3830,532
3831,819
3832,459
3833,424
3834,391
3835,364
3836,373
3837,370
3838,408
3839,348
3840,256
3841,339
3842,278
3843,263
3844,270
3845,426
3846,412
3847,329
3848,243
3849,420
3850,438
3851,361
3852,413
3853,308
3854,298
3855,294
3856,249
3857,267
3858,370
3859,274
3860,244
3861,253
3862,284
3863,343
3864,288
3865,430
3866,703
3867,568
3868,430
3869,339
3870,353
3871,326
3872,305
3873,289
3874,449
3875,534
3876,414
3877,365
3878,407
3879,509
3880,560
3881,579
3882,474
3883,387
3884,460
3885,439
3886,389
3887,455
3888,449
3889,449
3890,512
3891,510
3892,463
3893,471
3894,520
3895,494
3896,512
3897,573
3898,446
3899,474
3900,408
3901,362
3902,384
3903,333
3904,422
3905,475
3906,551
3907,591
3908,556
3909,471
3910,427
3911,396
3912,1532
3913,331
3914,319
3915,310
3916,464
3917,573
3918,930
3919,723
3920,665
3921,596
3922,586
3923,545
3924,664
3925,475
3926,433
3927,441
3928,607
3929,674
3930,788
3931,680
3932,622
3933,519
3934,479
3935,488
3936,466
3937,730
3938,541
3939,537
3940,561
3941,536
3942,669
3943,462
3944,370
3945,384
3946,298
3947,413
3948,415
3949,589
3950,423
3951,391
3952,442
3953,440
3954,301
3955,430
3956,313
3957,181
3958,209
3959,136
3960,207
3961,316
3962,205
3963,237
3964,241
3965,211
3966,159
3967,144
3968,210
3969,184
3970,167
3971,187
3972,230
3973,218
3974,201
3975,148
3976,232
3977,150
3978,218
3979,136
3980,169
3981,158
3982,192
3983,202
3984,168
3985,89
3986,55
3987,96
3988,57
3989,81
3990,92
3991,47
3992,32
3993,37
3994,70
3995,50
3996,49
3997,27
3998,37
3999,52
4000,34
4001,36
4002,37
4003,37
4004,68
4005,57
4006,139
4007,158
4008,120
4009,177
4010,83
4011,59
4012,61
4013,100
4014,206
4015,60
4016,89
4017,78
4018,98
4019,68
4020,72
4021,76
4022,66
4023,91
4024,70
4025,77
4026,69
4027,83
4028,139
4029,88
4030,76
4031,51
4032,48
4033,80
4034,93
4035,87
4036,77
4037,150
4038,67
4039,92
4040,63
4041,48
4042,58
4043,106
4044,124
4045,130
4046,88
4047,73
4048,72
4049,94
4050,105
4051,105
4052,105
4053,113
4054,207
4055,183
4056,153
4057,186
4058,93
4059,119
4060,179
4061,136
4062,126
4063,540
4064,434
4065,427
4066,495
4067,424
4068,227
4069,437
4070,356
4071,278
4072,61
4073,49
4074,114
4075,168
4076,232
4077,155
4078,105
4079,75
4080,125
4081,133
4082,158
4083,126
4084,105
4085,93
4086,80
4087,111
4088,107
4089,88
4090,90
4091,132
4092,119
4093,148
4094,159
4095,158
4096,270
4097,119
4098,58
4099,110
4100,120
4101,122
4102,103
4103,79
4104,117
4105,88
4106,80
4107,100
4108,117
4109,141
4110,101
4111,95
4112,96
4113,118
4114,66
4115,32
4116,54
4117,101
4118,137
4119,190
4120,160
4121,151
4122,123
4123,136
4124,69
4125,82
4126,56
4127,38
4128,26
4129,49
4130,69
4131,101
4132,99
4133,107
4134,130
4135,90
4136,119
4137,118
4138,471
4139,474
4140,497
4141,694
4142,562
4143,577
4144,594
4145,542
4146,467
4147,500
4148,768
4149,289
4150,297
4151,280
4152,384
4153,353
4154,339
4155,207
4156,315
4157,287
4158,239
4159,284
4160,253
4161,279
4162,265
4163,371
4164,359
4165,392
4166,372
4167,576
4168,414
4169,390
4170,301
4171,282
4172,291
4173,320
4174,248
4175,165
4176,180
4177,115
4178,98
4179,100
4180,110
4181,158
4182,162
4183,109
4184,105
4185,101
4186,116
4187,87
4188,108
4189,219
4190,174
4191,148
4192,142
4193,171
4194,159
4195,104
4196,98
4197,109
4198,99
4199,148
4200,164
4201,173
4202,80
4203,130
4204,215
4205,259
4206,192
4207,104
4208,134
4209,99
4210,121
4211,70
4212,48
4213,61
4214,59
4215,79
4216,56
4217,82
4218,70
4219,89
4220,61
4221,123
4222,118
4223,65
4224,82
4225,109
4226,142
4227,196
4228,203
4229,110
4230,87
4231,115
4232,113
4233,67
4234,70
4235,69
4236,75
4237,95
4238,194
4239,113
4240,165
4241,117
4242,86
4243,86
4244,108
4245,140
4246,120
4247,98
4248,120
4249,106
4250,102
4251,192
4252,216
4253,148
4254,193
4255,188
4256,263
4257,208
4258,213
4259,162
4260,117
4261,234
4262,218
4263,311
4264,314
4265,381
4266,563
4267,313
4268,221
4269,272
4270,135
4271,130
4272,137
4273,144
4274,162
4275,100
4276,122
4277,126
4278,129
4279,180
4280,184
4281,185
4282,223
4283,303
4284,266
4285,194
4286,160
4287,130
4288,108
4289,86
4290,96
4291,112
4292,182
4293,259
4294,161
4295,170
4296,187
4297,172
4298,146
4299,147
4300,126
4301,165
4302,276
4303,124
4304,190
4305,152
4306,161
4307,142
4308,131
4309,154
4310,224
4311,152
4312,141
4313,188
4314,206
4315,169
4316,136
4317,98
4318,120
4319,107
4320,132
4321,119
4322,111
4323,150
4324,63
4325,99
4326,71
4327,73
4328,58
4329,97
4330,82
4331,87
4332,90
4333,52
4334,58
4335,195
4336,156
4337,64
4338,66
4339,66
4340,67
4341,73
4342,137
4343,105
4344,53
4345,61
4346,82
4347,67
4348,176
4349,319
4350,377
4351,433
4352,361
4353,450
4354,515
4355,265
4356,378
4357,512
4358,534
4359,358
4360,258
4361,255
4362,236
4363,304
4364,283
4365,327
4366,270
4367,191
4368,171
4369,249
4370,193
4371,284
4372,354
4373,300
4374,260
4375,238
4376,237
4377,150
4378,222
4379,269
4380,211
4381,186
4382,237
4383,266
4384,211
4385,139
4386,260
4387,147
4388,202
4389,125
4390,199
4391,174
4392,144
4393,188
4394,202
4395,209
4396,170
4397,229
4398,326
4399,236
4400,262
4401,274
4402,242
4403,293
4404,241
4405,246
4406,241
4407,162
4408,154
4409,195
4410,141
4411,183
4412,146
4413,157
4414,168
4415,194
4416,215
4417,232
4418,260
4419,187
4420,245
4421,168
4422,249
4423,228
4424,222
4425,230
4426,172
4427,182
4428,263
4429,238
4430,273
4431,238
4432,204
4433,205
4434,379
4435,329
4436,566
4437,487
4438,595
4439,402
4440,288
4441,292
4442,386
4443,339
4444,294
4445,328
4446,302
4447,319
4448,319
4449,295
4450,366
4451,331
4452,261
4453,241
4454,247
4455,285
4456,371
4457,262
4458,274
4459,262
4460,264
4461,253
4462,316
4463,217
4464,349
4465,297
4466,238
4467,319
4468,312
4469,234
4470,245
4471,208
4472,181
4473,167
4474,242
4475,222
4476,319
4477,461
4478,367
4479,346
4480,326
4481,292
4482,390
4483,382
4484,361
4485,309
4486,419
4487,429
4488,281
4489,303
4490,281
4491,264
4492,331
4493,339
4494,428
4495,293
4496,293
4497,291
4498,179
4499,207
4500,228
4501,207
4502,205
4503,130
4504,114
4505,122
4506,218
4507,173
4508,169
4509,177
4510,147
4511,130
4512,171
4513,299
4514,255
4515,215
4516,324
4517,199
4518,222
4519,238
4520,209
4521,159
4522,217
4523,237
4524,256
4525,199
4526,258
4527,302
4528,239
4529,263
4530,300
4531,261
4532,343
4533,243
4534,233
4535,243
4536,320
4537,370
4538,328
4539,281
4540,290
4541,385
4542,281
4543,357
4544,340
4545,313
4546,287
4547,326
4548,244
4549,361
4550,311
4551,244
4552,327
4553,311
4554,362
4555,417
4556,405
4557,357
4558,314
4559,314
4560,290
4561,298
4562,278
4563,243
4564,260
4565,282
4566,250
4567,279
4568,178
4569,144
4570,149
4571,80
4572,106
4573,90
4574,113
4575,98
4576,131
4577,116
4578,205
4579,158
4580,211
4581,177
4582,141
4583,191
4584,220
4585,98
4586,113
4587,118
4588,142
4589,161
4590,124
4591,144
4592,137
4593,106
4594,166
4595,178
4596,200
4597,119
4598,103
4599,176
4600,182
4601,156
4602,129
4603,114
4604,143
4605,163
4606,172
4607,138
4608,156
4609,166
4610,171
4611,154
4612,137
4613,181
4614,139
4615,80
4616,94
4617,152
4618,167
4619,143
4620,190
4621,168
4622,167
4623,150
4624,175
4625,131
4626,163
4627,225
4628,175
4629,197
4630,148
4631,219
4632,323
4633,305
4634,225
4635,403
4636,275
4637,329
4638,456
4639,266
4640,305
4641,300
4642,215
4643,101
4644,185
4645,216
4646,240
4647,200
4648,161
4649,202
4650,189
4651,218
4652,140
4653,156
4654,174
4655,118
4656,131
4657,119
4658,167
4659,162
4660,220
4661,235
4662,340
4663,376
4664,249
4665,213
4666,229
4667,213
4668,210
4669,239
4670,197
4671,158
4672,216
4673,206
4674,288
4675,228
4676,222
4677,176
4678,246
4679,245
4680,233
4681,206
4682,145
4683,141
4684,140
4685,136
4686,125
4687,152
4688,172
4689,184
4690,167
4691,218
4692,191
4693,165
4694,160
4695,198
4696,246
4697,204
4698,228
4699,170
4700,167
4701,203
4702,125
4703,106
4704,152
4705,97
4706,131
4707,104
4708,118
4709,131
4710,123
4711,99
4712,129
4713,147
4714,116
4715,154
4716,177
4717,205
4718,186
4719,183
4720,226
4721,183
4722,168
4723,234
4724,191
4725,220
4726,204
4727,282
4728,355
4729,397
4730,467
4731,502
4732,578
4733,563
4734,434
4735,262
4736,302
4737,358
4738,337
4739,262
4740,266
4741,168
4742,269
4743,334
4744,231
4745,279
4746,248
4747,218
4748,198
4749,239
4750,328
4751,310
4752,287
4753,264
4754,274
4755,274
4756,246
4757,282
4758,340
4759,239
4760,199
4761,242
4762,220
4763,223
4764,180
4765,167
4766,238
4767,219
4768,243
4769,268
4770,255
4771,319
4772,319
4773,281
4774,222
4775,507
4776,277
4777,221
4778,166
4779,179
4780,142
4781,144
4782,164
4783,156
4784,305
4785,247
4786,139
4787,99
4788,168
4789,163
4790,215
4791,219
4792,161
4793,157
4794,166
4795,99
4796,101
4797,117
4798,283
4799,117
4800,121
4801,72
4802,112
4803,185
4804,167
4805,153
4806,174
4807,209
4808,178
4809,109
4810,65
4811,109
4812,69
4813,89
4814,72
4815,82
4816,68
4817,104
4818,99
4819,95
4820,69
4821,97
4822,63
4823,77
4824,52
4825,65
4826,46
4827,78
4828,80
4829,97
4830,206
4831,77
4832,79
4833,71
4834,94
4835,128
4836,128
4837,199
4838,101
4839,127
4840,68
4841,79
4842,104
4843,83
4844,83
4845,103
4846,78
4847,84
4848,72
4849,151
4850,101
4851,72
4852,62
4853,107
4854,63
4855,112
4856,65
4857,73
4858,61
4859,48
4860,53
4861,106
4862,128
4863,173
4864,97
4865,133
4866,193
4867,99
4868,82
4869,146
4870,122
4871,106
4872,106
4873,179
4874,224
4875,177
4876,164
4877,107
4878,137
4879,190
4880,214
4881,150
4882,189
4883,173
4884,290
4885,236
4886,201
4887,233
4888,325
4889,424
4890,282
4891,304
4892,354
4893,351
4894,207
4895,272
4896,268
4897,250
4898,240
4899,448
4900,418
4901,422
4902,319
4903,452
4904,370
4905,351
4906,239
4907,268
4908,247
4909,423
4910,311
4911,378
4912,306
4913,191
4914,466
4915,247
4916,206
4917,206
4918,294
4919,337
4920,280
4921,181
4922,326
4923,279
4924,223
4925,270
4926,293
4927,287
4928,329
4929,256
4930,277
4931,162
4932,172
4933,147
4934,129
4935,138
4936,99
4937,68
4938,53
4939,69
4940,94
4941,96
4942,69
4943,143
4944,150
4945,200
4946,78
4947,107
4948,43
4949,109
4950,85
4951,83
4952,124
4953,101
4954,94
4955,96
4956,172
4957,150
4958,137
4959,195
4960,166
4961,134
4962,165
4963,113
4964,74
4965,96
4966,83
4967,84
4968,99
4969,74
4970,62
4971,78
4972,96
4973,93
4974,162
4975,137
4976,98
4977,109
4978,103
4979,144
4980,174
4981,227
4982,232
4983,189
4984,288
4985,270
4986,222
4987,195
4988,142
4989,131
4990,166
4991,91
4992,100
4993,109
4994,103
4995,142
4996,130
4997,94
4998,95
4999,52
5000,34
5001,88
5002,45
5003,82
5004,49
5005,76
5006,83
5007,96
5008,88
5009,103
5010,119
5011,68
5012,98
5013,136
5014,171
5015,104
5016,61
5017,95
5018,77
5019,64
5020,76
5021,76
5022,86
5023,62
5024,58
5025,82
5026,67
5027,86
5028,118
5029,38
5030,47
5031,79
5032,83
5033,54
5034,40
5035,38
5036,50
5037,91
5038,76
5039,47
5040,46
5041,42
5042,36
5043,63
5044,67
5045,88
5046,76
5047,74
5048,72
5049,85
5050,90
5051,114
5052,119
5053,113
5054,147
5055,276
5056,149
5057,118
5058,58
5059,63
5060,76
5061,129
5062,115
5063,89
5064,103
5065,83
5066,81
5067,45
5068,55
5069,50
5070,55
5071,24
5072,49
5073,21
5074,27
5075,45
5076,31
5077,23
5078,25
5079,23
5080,32
5081,37
5082,58
5083,30
5084,31
5085,50
5086,27
5087,31
5088,20
5089,24
5090,27
5091,29
5092,33
5093,49
5094,50
5095,58
5096,56
5097,20
5098,32
5099,33
5100,26
5101,19
5102,22
5103,16
5104,22
5105,18
5106,65
5107,56
5108,42
5109,43
5110,34
5111,24
5112,32
5113,36
5114,24
5115,27
5116,67
5117,56
5118,41
5119,74
5120,51
5121,60
5122,43
5123,74
5124,40
5125,64
5126,83
5127,81
5128,100
5129,82
5130,129
5131,126
5132,93
5133,72
5134,86
5135,46
5136,30
5137,25
5138,16
5139,129
5140,21
5141,20
5142,38
5143,40
5144,45
5145,38
5146,29
5147,44
5148,29
5149,56
5150,31
5151,54
5152,42
5153,27
5154,26
5155,21
5156,21
5157,51
5158,98
5159,71
5160,58
5161,98
5162,37
5163,12
5164,13
5165,22
5166,17
5167,15
5168,16
5169,24
5170,34
5171,57
5172,38
5173,42
5174,34
5175,22
5176,20
5177,16
5178,27
5179,24
5180,16
5181,31
5182,36
5183,43
5184,65
5185,65
5186,69
5187,76
5188,99
5189,94
5190,145
5191,307
5192,192
5193,48
5194,62
5195,69
5196,105
5197,68
5198,39
5199,66
5200,31
5201,31
5202,43
5203,39
5204,58
5205,39
5206,51
5207,50
5208,65
5209,62
5210,45
5211,84
5212,105
5213,86
5214,86
5215,61
5216,65
5217,72
5218,42
5219,49
5220,47
5221,45
5222,87
5223,93
5224,41
5225,30
5226,12
5227,11
5228,27
5229,18
5230,13
5231,15
5232,20
5233,17
5234,18
5235,16
5236,19
5237,26
5238,15
5239,18
5240,18
5241,17
5242,27
5243,18
5244,18
5245,20
5246,20
5247,24
5248,19
5249,22
5250,38
5251,26
5252,26
5253,40
5254,71
5255,85
5256,103
5257,96
5258,84
5259,94
5260,49
5261,38
5262,34
5263,34
5264,27
5265,19
5266,28
5267,43
5268,61
5269,22
5270,41
5271,29
5272,40
5273,33
5274,33
5275,29
5276,30
5277,49
5278,41
5279,51
5280,32
5281,31
5282,23
5283,42
5284,49
5285,53
5286,27
5287,62
5288,22
5289,20
5290,52
5291,38
5292,21
5293,17
5294,25
5295,27
5296,30
5297,50
5298,26
5299,20
5300,15
5301,8
5302,6
5303,13
5304,50
5305,32
5306,19
5307,10
5308,11
5309,7
5310,9
5311,6
5312,6
5313,2
5314,9
5315,4
5316,6
5317,5
5318,4
5319,3
5320,6
5321,6
5322,4
5323,8
5324,7
5325,3
5326,4
5327,9
5328,4
5329,23
5330,23
5331,3
5332,7
5333,7
5334,7
5335,5
5336,4
5337,2
5338,5
5339,1
5340,1
5341,7
5342,10
5343,10
5344,26
5345,3
5346,4
5347,7
5348,7
5349,6
5350,6
5351,6
5352,8
5353,12
5354,6
5355,3
5356,10
5357,12
5358,23
5359,3
5360,10
5361,8
5362,7
5363,13
5364,7
5365,11
5366,10
5367,4
5368,7
5369,9
5370,10
5371,19
5372,23
5373,6
5374,7
5375,6
5376,4
5377,5
5378,8
5379,12
5380,20
5381,78
5382,94
5383,13
5384,6
5385,8
5386,6
5387,14
5388,8
5389,6
5390,11
5391,5
5392,6
5393,11
5394,10
5395,18
5396,46
5397,35
5398,36
5399,27
5400,25
5401,43
5402,27
5403,48
5404,113
5405,45
5406,34
5407,34
5408,25
5409,34
5410,13
5411,9
5412,4
5413,5
5414,9
5415,10
5416,5
5417,7
5418,10
5419,24
5420,12
5421,8
5422,24
5423,31
5424,67
5425,34
5426,56
5427,44
5428,23
5429,22
5430,14
5431,10
5432,4
5433,10
5434,16
5435,34
5436,11
5437,12
5438,9
5439,17
5440,14
5441,17
5442,11
5443,2
5444,8
5445,10
5446,13
5447,37
5448,3
5449,10
5450,3
5451,15
5452,7
5453,7
5454,3
5455,10
5456,10
5457,19
5458,4
5459,15
5460,37
5461,17
5462,20
5463,23
5464,3
5465,11
5466,2
5467,5
5468,2
5469,7
5470,11
5471,4
5472,6
5473,8
5474,5
5475,24
5476,16
5477,2
5478,9
5479,8
5480,8
5481,6
5482,5
5483,3
5484,6
5485,6
5486,5
5487,10
5488,3
5489,27
5490,77
5491,33
5492,33
5493,24
5494,24
5495,11
5496,3
5497,2
5498,5
5499,2
5500,6
5501,5
5502,6
5503,8
5504,5
5505,17
5506,28
5507,2
5508,10
5509,7
5510,6
5511,2
5512,3
5513,5
5514,4
5515,10
5516,4
5517,7
5518,4
5519,24
5520,30
5521,11
5522,3
5523,7
5524,5
5525,6
5526,10
5527,39
5528,51
5529,12
5530,16
5531,19
5532,24
5533,52
5534,23
5535,6
5536,7
5537,6
5538,5
5539,2
5540,1
5541,11
5542,2
5543,7
5544,11
5545,4
5546,3
5547,12
5548,33
5549,51
5550,11
5551,4
5552,6
5553,3
5554,9
5555,25
5556,15
5557,8
5558,6
5559,10
5560,3
5561,2
5562,3
5563,12
5564,5
5565,29
5566,4
5567,5
5568,3
5569,7
5570,4
5571,1
5572,4
5573,15
5574,95
5575,99
5576,39
5577,21
5578,8
5579,10
5580,9
5581,6
5582,3
5583,9
5584,5
5585,9
5586,8
5587,21
5588,14
5589,9
5590,7
5591,12
5592,8
5593,19
5594,31
5595,33
5596,59
5597,32
5598,19
5599,13
5600,13
5601,11
5602,1
5603,2
5604,5
5605,10
5606,8
5607,6
5608,8
5609,18
5610,53
5611,6
5612,8
5613,12
5614,8
5615,7
5616,7
5617,42
5618,37
5619,36
5620,48
5621,42
5622,47
5623,13
5624,25
5625,5
5626,17
5627,8
5628,15
5629,30
5630,22
5631,21
5632,6
5634,4
5635,8
5636,27
5637,3
5638,4
5639,12
5640,4
5641,1
5642,5
5643,4
5644,3
5645,10
5646,6
5647,5
5648,37
5649,27
5650,24
5651,21
5652,42
5653,13
5654,6
5655,8
5656,3
5657,17
5658,34
5659,21
5660,11
5661,9
5662,4
5663,5
5664,20
5665,17
5666,19
5667,22
5668,13
5669,15
5670,11
5671,14
5672,24
5673,50
5674,11
5675,14
5676,15
5677,12
5678,1
5679,1
5680,4
5681,1
5682,9
5684,12
5685,56
5686,47
5687,168
5688,91
5689,22
5690,15
5691,24
5692,20
5693,17
5694,22
5695,12
5696,19
5697,11
5698,22
5699,55
5700,3
5701,11
5702,8
5703,7
5704,8
5705,8
5706,12
5707,6
5708,14
5709,7
5710,6
5711,34
5712,5
5713,27
5714,33
5715,9
5716,9
5717,19
5718,8
5719,8
5720,4
5721,5
5722,4
5723,6
5724,7
5725,7
5726,15
5727,43
5728,5
5729,4
5730,5
5731,10
5732,3
5734,2
5735,4
5736,3
5737,7
5738,14
5739,9
5740,11
5741,19
5742,15
5743,16
5744,9
5745,7
5746,12
5747,12
5748,3
5749,4
5750,2
5751,11
5752,13
5753,17
5754,22
5755,25
5756,20
5757,36
5758,67
5759,9
5760,2
5761,6
5762,6
5763,5
5764,9
5765,5
5766,3
5767,4
5768,2
5769,7
5770,17
5771,3
5772,11
5773,21
5774,3
5775,3
5776,7
5777,22
5778,7
5779,11
5780,11
5781,25
5782,6
5783,5
5784,2
5785,4
5786,18
5787,21
5788,55
5789,31
5790,5
5791,1
5792,34
5793,6
5794,9
5795,8
5796,9
5797,9
5798,11
5799,1
5800,16
5802,20
5803,15
5804,4
5805,4
5806,12
5807,1
5808,2
5809,9
5810,11
5811,20
5812,1
5813,12
5814,7
5815,8
5816,31
5817,34
5818,47
5819,26
5820,8
5821,20
5822,17
5823,9
5824,12
5825,21
5826,33
5827,56
5828,12
5829,3
5830,140
5831,318
5832,222
5833,104
5834,155
5835,104
5836,86
5837,84
5838,125
5839,249
5840,238
5841,177
5842,36
5843,43
5844,7
5845,6
5846,3
5847,5
5848,2
5849,6
5850,57
5851,17
5852,5
5853,9
5854,6
5856,12
5857,7
5858,6
5859,2
5860,7
5861,23
5862,43
5863,23
5864,19
5865,4
5866,2
5867,3
5868,6
5869,3
5870,9
5871,8
5873,2
5874,3
5875,3
5876,7
5877,15
5878,22
5879,81
5880,5
5881,9
5882,7
5883,14
5884,6
5885,2
5886,5
5887,7
5888,3
5889,3
5890,5
5891,4
5892,15
5893,18
5894,6
5895,1
5896,4
5897,13
5898,18
5899,5
5900,7
5901,6
5902,7
5903,19
5904,9
5905,7
5906,12
5907,9
5908,20
5909,7
5910,13
5911,17
5912,5
5913,22
5914,2
5915,5
5917,3
5918,2
5919,1
5920,2
5921,21
5922,18
5923,43
5924,15
5925,1
5926,15
5927,8
5928,6
5929,10
5930,8
5931,8
5932,21
5933,3
5934,5
5935,25
5936,20
5937,21
5938,5
5939,20
5941,4
5942,6
5944,12
5945,6
5946,13
5947,16
5948,48
5949,45
5950,32
5951,28
5952,26
5953,13
5954,18
5955,8
5956,14
5957,5
5958,9
5959,23
5960,21
5961,2
5962,31
5963,30
5964,20
5965,7
5966,4
5967,1
5968,1
5969,34
5970,16
5971,7
5972,12
5973,60
5974,28
5975,33
5976,18
5977,11
5978,4
5979,22
5980,7
5981,4
5982,3
5983,7
5984,12
5985,8
5986,8
5987,26
5988,11
5989,12
5990,5
5991,11
5992,4
5993,11
5994,20
5995,7
5996,13
5997,8
5998,20
5999,2
6000,3
6001,27
6002,22
6003,3
6005,3
6006,7
6007,14
6008,5
6009,8
6010,2
6011,1
6012,11
6013,4
6014,38
6015,22
6016,5
6017,4
6018,18
6019,5
6020,10
6021,5
6023,2
6024,17
6025,16
6026,3
6027,14
6028,14
6029,18
6030,19
6031,34
6032,28
6033,42
6034,23
6035,48
6036,53
6037,47
6038,54
6039,26
6040,2
