0,40108283
1,8003
2,3706
3,5687
4,4007
5,5441
6,4449
7,4220
8,3364
9,4692
10,2755
11,4072
12,4470
13,3269
14,4086
15,3127
16,3617
17,3374
18,3386
19,3193
20,2589
21,3282
22,3967
23,3231
24,2412
25,3743
26,2175
27,3585
28,3439
29,2567
30,2925
31,3795
32,2220
33,4443
34,2794
35,3075
36,2161
37,2899
38,2198
39,3095
40,2459
41,2926
42,2573
43,1945
44,2967
45,2716
46,2089
47,1594
48,1752
49,1155
50,1283
51,1072
52,1704
53,1510
54,2195
55,2447
56,3204
57,2659
58,2250
59,1944
60,3435
61,1530
62,1483
63,2716
64,3545
65,1668
66,2226
67,1854
68,1057
69,1761
70,2042
71,1935
72,1169
73,1543
74,854
75,613
76,1632
77,650
78,914
79,675
80,1059
81,1033
82,1309
83,1056
84,851
85,835
86,1165
87,1376
88,1358
89,1429
90,1209
91,1056
92,1132
93,1074
94,1076
95,967
96,867
97,833
98,872
99,875
100,945
101,1836
102,1724
103,1786
104,1931
105,2497
106,1487
107,1493
108,1668
109,2790
110,1058
111,1625
112,3280
113,2161
114,3422
115,2507
116,966
117,2462
118,881
119,1268
120,867
121,757
122,1745
123,951
124,1069
125,1104
126,1523
127,1354
128,1253
129,968
130,840
131,1114
132,1437
133,1335
134,1086
135,822
136,1517
137,844
138,1341
139,1298
140,1435
141,2443
142,1402
143,1510
144,1248
145,1888
146,1150
147,1132
148,800
149,672
150,1198
151,1336
152,858
153,898
154,1049
155,944
156,1042
157,1330
158,1546
159,1112
160,1074
161,743
162,850
163,1385
164,964
165,933
166,1883
167,1714
168,1895
169,1118
170,1203
171,2041
172,1113
173,716
174,901
175,846
176,879
177,1623
178,1144
179,957
180,733
181,1413
182,1181
183,1563
184,1659
185,1914
186,1434
187,1569
188,1238
189,1414
190,1370
191,902
192,1374
193,1438
194,1171
195,1375
196,1010
197,1217
198,812
199,898
200,926
201,1361
202,1472
203,1348
204,1278
205,1211
206,1586
207,1509
208,1560
209,1222
210,1095
211,1235
212,797
213,1215
214,862
215,1328
216,1683
217,1391
218,786
219,1784
220,948
221,814
222,922
223,1317
224,861
225,1668
226,1387
227,992
228,1017
229,1116
230,783
231,765
232,1147
233,1723
234,921
235,1110
236,1505
237,892
238,1619
239,1105
240,735
241,1550
242,938
243,1257
244,993
245,1500
246,1433
247,1722
248,2057
249,1286
250,1449
251,1574
252,1233
253,1659
254,1030
255,1157
256,1452
257,1241
258,1064
259,1419
260,1240
261,1613
262,1180
263,987
264,1270
265,1669
266,971
267,1943
268,1377
269,1512
270,2252
271,1114
272,1285
273,2049
274,1289
275,2110
276,2150
277,1954
278,1968
279,1969
280,2109
281,1891
282,1696
283,2002
284,1274
285,1640
286,1074
287,1890
288,2024
289,1770
290,2003
291,1769
292,2688
293,1725
294,1901
295,1457
296,2143
297,1462
298,1530
299,1432
300,1554
301,1182
302,1902
303,1481
304,1603
305,1278
306,1293
307,1495
308,1393
309,930
310,1332
311,1891
312,2040
313,1064
314,2278
315,1378
316,1799
317,1214
318,1027
319,1595
320,1517
321,1333
322,978
323,1236
324,1116
325,1039
326,916
327,1377
328,797
329,1102
330,940
331,1036
332,963
333,831
334,1385
335,1458
336,1745
337,1390
338,1444
339,990
340,1128
341,1276
342,1526
343,1527
344,2037
345,2120
346,1839
347,1835
348,1176
349,1482
350,1142
351,1168
352,966
353,914
354,1295
355,1045
356,796
357,1148
358,917
359,1093
360,896
361,1045
362,1123
363,1296
364,1249
365,1515
366,1494
367,1713
368,1799
369,1187
370,1028
371,1100
372,1541
373,1612
374,1587
375,1142
376,1357
377,1502
378,974
379,1187
380,1481
381,911
382,1194
383,1333
384,1146
385,1187
386,867
387,908
388,979
389,1610
390,1109
391,1659
392,1127
393,1525
394,1234
395,1385
396,1643
397,1850
398,1501
399,1338
400,1823
401,1125
402,1528
403,1400
404,1488
405,1332
406,1509
407,1678
408,1407
409,1198
410,2207
411,1299
412,2119
413,1496
414,1697
415,1698
416,2154
417,2668
418,2539
419,3207
420,2423
421,3325
422,2114
423,1971
424,2032
425,1582
426,2359
427,1831
428,3479
429,2142
430,1534
431,1868
432,2624
433,1183
434,1089
435,1084
436,1262
437,1874
438,1431
439,1540
440,1315
441,1473
442,1472
443,1368
444,1466
445,1460
446,1219
447,1563
448,1525
449,2778
450,1846
451,2006
452,1758
453,1860
454,2247
455,2700
456,1319
457,1531
458,1580
459,1815
460,2340
461,1178
462,999
463,1649
464,1413
465,1710
466,1238
467,1519
468,1704
469,1814
470,1831
471,1772
472,3206
473,1619
474,3869
475,1718
476,2058
477,2381
478,1986
479,1659
480,3128
481,1448
482,1424
483,2303
484,1984
485,2485
486,1342
487,1824
488,2015
489,1742
490,1976
491,1690
492,2355
493,1488
494,1357
495,1565
496,1524
497,1242
498,1784
499,2304
500,1815
501,2349
502,1816
503,1923
504,2269
505,2364
506,2270
507,2317
508,3180
509,1897
510,1942
511,2187
512,2965
513,1964
514,2261
515,2398
516,3118
517,2789
518,2721
519,2798
520,2853
521,3442
522,2772
523,3665
524,4355
525,3274
526,4800
527,2984
528,4780
529,2917
530,4421
531,4101
532,3126
533,3789
534,3781
535,4420
536,3754
537,3863
538,4277
539,3755
540,6145
541,5554
542,5839
543,4900
544,6953
545,5773
546,4171
547,4299
548,4374
549,4308
550,6044
551,3732
552,4699
553,6300
554,7057
555,6751
556,5981
557,6827
558,7450
559,6388
560,6840
561,9089
562,7163
563,9065
564,7140
565,8047
566,8596
567,8426
568,7343
569,8439
570,8922
571,7285
572,7901
573,7295
574,8806
575,10085
576,13198
577,10066
578,11699
579,12838
580,14996
581,14736
582,15087
583,14222
584,13357
585,15509
586,17144
587,19535
588,18310
589,18964
590,24511
591,24188
592,24719
593,29364
594,24124
595,36904
596,38666
597,54604
598,80402
599,131303
600,929226
601,58923
602,52866
603,45762
604,39787
605,34604
606,30234
607,30750
608,28945
609,31941
610,29382
611,25437
612,22596
613,19935
614,22873
615,18720
616,19860
617,18436
618,20806
619,19001
620,22109
621,20624
622,29790
623,23164
624,21082
625,20841
626,21165
627,16672
628,17760
629,18739
630,16721
631,15415
632,14380
633,16217
634,12991
635,12782
636,14781
637,16665
638,15725
639,13694
640,12045
641,12022
642,11394
643,13107
644,14479
645,12309
646,13124
647,12520
648,13294
649,12761
650,11681
651,12127
652,10515
653,10980
654,13354
655,12244
656,11727
657,10982
658,12376
659,10611
660,10600
661,9586
662,9147
663,10337
664,9188
665,9026
666,9034
667,9278
668,9935
669,9258
670,9094
671,9798
672,8188
673,7586
674,8353
675,9067
676,8795
677,9184
678,8854
679,8215
680,8775
681,9224
682,9035
683,9997
684,10195
685,9476
686,8677
687,9819
688,8563
689,8961
690,10540
691,9104
692,9084
693,9161
694,8698
695,9055
696,9014
697,9030
698,9723
699,9703
700,10330
701,9178
702,8195
703,8728
704,8698
705,8272
706,7374
707,8083
708,10129
709,7931
710,7313
711,7534
712,7947
713,9158
714,8900
715,10008
716,9527
717,7476
718,7530
719,8133
720,7351
721,6108
722,6886
723,6383
724,6287
725,6096
726,6521
727,7073
728,5695
729,5659
730,5788
731,5233
732,4882
733,5466
734,5770
735,4894
736,5239
737,4651
738,5907
739,6195
740,5390
741,5513
742,6566
743,5758
744,5732
745,6316
746,6598
747,5609
748,6014
749,6016
750,5695
751,6385
752,5989
753,6298
754,6028
755,6369
756,7184
757,6573
758,7122
759,5901
760,5932
761,6169
762,5881
763,6074
764,6335
765,5974
766,6233
767,6673
768,8117
769,7382
770,6602
771,6394
772,6364
773,6079
774,5685
775,7166
776,6841
777,5186
778,5787
779,5224
780,4976
781,5574
782,5786
783,5616
784,5951
785,5994
786,4994
787,4602
788,5719
789,4905
790,4824
791,4914
792,5434
793,6663
794,6145
795,6830
796,7362
797,4945
798,4644
799,4019
800,4105
801,4228
802,4639
803,3921
804,3743
805,4066
806,3944
807,3952
808,4718
809,4393
810,3661
811,3449
812,3413
813,3554
814,3731
815,4697
816,3757
817,4082
818,4648
819,4016
820,5472
821,5211
822,5059
823,4403
824,4706
825,4242
826,4412
827,3328
828,3317
829,2764
830,2983
831,3870
832,3085
833,3691
834,4957
835,5672
836,6018
837,4844
838,5015
839,5528
840,4092
841,3222
842,3891
843,3271
844,3518
845,3988
846,4518
847,4989
848,4475
849,4877
850,4262
851,3721
852,3508
853,4251
854,4657
855,3764
856,3689
857,4515
858,3800
859,5370
860,6387
861,6121
862,5190
863,6087
864,6231
865,5590
866,5332
867,5650
868,4888
869,5101
870,4681
871,5749
872,4292
873,4141
874,4223
875,3786
876,5547
877,3338
878,4001
879,4100
880,4167
881,4298
882,4664
883,4507
884,4951
885,4529
886,3361
887,3657
888,3912
889,4362
890,4786
891,3798
892,3964
893,4062
894,4347
895,3389
896,3321
897,3746
898,4691
899,5429
900,5024
901,5213
902,4915
903,3332
904,2600
905,3422
906,3696
907,2783
908,3067
909,2627
910,3063
911,3770
912,3246
913,3316
914,2706
915,3204
916,2823
917,2768
918,3764
919,3274
920,3695
921,3010
922,3002
923,3016
924,3411
925,3960
926,4265
927,3629
928,3072
929,3360
930,3283
931,3088
932,3714
933,3704
934,3199
935,3872
936,3686
937,3707
938,3070
939,3213
940,3725
941,4679
942,3993
943,3948
944,3612
945,3280
946,3447
947,4062
948,3765
949,4264
950,4532
951,3504
952,3243
953,3415
954,4654
955,4902
956,5215
957,4953
958,5013
959,4893
960,4821
961,4993
962,5657
963,5419
964,4994
965,4972
966,6207
967,4582
968,4499
969,4537
970,4046
971,3449
972,2992
973,3075
974,2816
975,2889
976,2142
977,2389
978,3105
979,2993
980,3285
981,3240
982,3881
983,4456
984,3816
985,4474
986,3586
987,2938
988,3092
989,3080
990,2295
991,2578
992,2856
993,2987
994,2882
995,3429
996,3912
997,4271
998,3979
999,3426
1000,4160
1001,3722
1002,4752
1003,3573
1004,4255
1005,3486
1006,3137
1007,4165
1008,3651
1009,3041
1010,2374
1011,1889
1012,2870
1013,3539
1014,4142
1015,3736
1016,3112
1017,3258
1018,2933
1019,1828
1020,2145
1021,2746
1022,3055
1023,3312
1024,2755
1025,2863
1026,3185
1027,2784
1028,3009
1029,2932
1030,3242
1031,2959
1032,2988
1033,3353
1034,3462
1035,3442
1036,3451
1037,2801
1038,3306
1039,2404
1040,2818
1041,3258
1042,2680
1043,3167
1044,3715
1045,2969
1046,3439
1047,3591
1048,3927
1049,3700
1050,3057
1051,2169
1052,2951
1053,2163
1054,3395
1055,2573
1056,3761
1057,3633
1058,3575
1059,2521
1060,3111
1061,4012
1062,4290
1063,2736
1064,3407
1065,2304
1066,2648
1067,2274
1068,2207
1069,2366
1070,3969
1071,3263
1072,3453
1073,3864
1074,3458
1075,3938
1076,3209
1077,3912
1078,3834
1079,4296
1080,4669
1081,3123
1082,3444
1083,4058
1084,3786
1085,2938
1086,3474
1087,3900
1088,3179
1089,2511
1090,1182
1091,1685
1092,2269
1093,3205
1094,1684
1095,2202
1096,2754
1097,4632
1098,3357
1099,2121
1100,2052
1101,1972
1102,2001
1103,2562
1104,2105
1105,2646
1106,2300
1107,3061
1108,3397
1109,2699
1110,3046
1111,3568
1112,3283
1113,2300
1114,1280
1115,1598
1116,1891
1117,1914
1118,2239
1119,1542
1120,1994
1121,1279
1122,2580
1123,1975
1124,1952
1125,2060
1126,1537
1127,1237
1128,1654
1129,1677
1130,1875
1131,1801
1132,1982
1133,2133
1134,2063
1135,3004
1136,3413
1137,3278
1138,2645
1139,3166
1140,3549
1141,3226
1142,3816
1143,2242
1144,2223
1145,2252
1146,2166
1147,2607
1148,2091
1149,2496
1150,1398
1151,1692
1152,2100
1153,1833
1154,2246
1155,2638
1156,2220
1157,3797
1158,4094
1159,4611
1160,2752
1161,3384
1162,3498
1163,2692
1164,2368
1165,2620
1166,1997
1167,3379
1168,2332
1169,2333
1170,2620
1171,1108
1172,1651
1173,2075
1174,2126
1175,2106
1176,2901
1177,2862
1178,3219
1179,2608
1180,2913
1181,2991
1182,3178
1183,4101
1184,3295
1185,2911
1186,2073
1187,2109
1188,2039
1189,2094
1190,2550
1191,2381
1192,1881
1193,1286
1194,1280
1195,1962
1196,2148
1197,2642
1198,2657
1199,4077
1200,4401
1201,3809
1202,3755
1203,2960
1204,3190
1205,2630
1206,3221
1207,1945
1208,2335
1209,2645
1210,3126
1211,2344
1212,2394
1213,1815
1214,2061
1215,2665
1216,2506
1217,3724
1218,4055
1219,4539
1220,3917
1221,3572
1222,3702
1223,2552
1224,2876
1225,2027
1226,1729
1227,1428
1228,1733
1229,1667
1230,1160
1231,1197
1232,1467
1233,2071
1234,2026
1235,1914
1236,1670
1237,1875
1238,1730
1239,1742
1240,2019
1241,2550
1242,4593
1243,5298
1244,6036
1245,5141
1246,3436
1247,4869
1248,3166
1249,2389
1250,2522
1251,3492
1252,2853
1253,2564
1254,4672
1255,3468
1256,3760
1257,3552
1258,2322
1259,2241
1260,3579
1261,3562
1262,4036
1263,6155
1264,4998
1265,4134
1266,3135
1267,2486
1268,2409
1269,2162
1270,2373
1271,2918
1272,3494
1273,5413
1274,4793
1275,5421
1276,5557
1277,5788
1278,5550
1279,4795
1280,3575
1281,3367
1282,3142
1283,3411
1284,3097
1285,2776
1286,2633
1287,2770
1288,2438
1289,2625
1290,2082
1291,1927
1292,1974
1293,1711
1294,1857
1295,2320
1296,2524
1297,2235
1298,2755
1299,2231
1300,2474
1301,2383
1302,2934
1303,3254
1304,2811
1305,2270
1306,2198
1307,1608
1308,1559
1309,1294
1310,1297
1311,1507
1312,1797
1313,2060
1314,2267
1315,2071
1316,1579
1317,1175
1318,1234
1319,1544
1320,1502
1321,1572
1322,1190
1323,1148
1324,1296
1325,1546
1326,1826
1327,1202
1328,1329
1329,1206
1330,959
1331,605
1332,764
1333,494
1334,645
1335,702
1336,546
1337,665
1338,663
1339,679
1340,640
1341,702
1342,737
1343,723
1344,701
1345,606
1346,683
1347,641
1348,757
1349,560
1350,630
1351,514
1352,483
1353,536
1354,521
1355,685
1356,675
1357,575
1358,693
1359,693
1360,675
1361,745
1362,972
1363,745
1364,773
1365,682
1366,856
1367,656
1368,522
1369,629
1370,763
1371,751
1372,894
1373,754
1374,503
1375,458
1376,615
1377,641
1378,511
1379,348
1380,369
1381,417
1382,290
1383,327
1384,392
1385,418
1386,475
1387,454
1388,526
1389,449
1390,444
1391,635
1392,528
1393,384
1394,623
1395,583
1396,726
1397,736
1398,543
1399,620
1400,571
1401,554
1402,766
1403,836
1404,692
1405,563
1406,738
1407,783
1408,806
1409,843
1410,830
1411,625
1412,756
1413,498
1414,641
1415,438
1416,490
1417,443
1418,390
1419,513
1420,418
1421,454
1422,458
1423,588
1424,712
1425,657
1426,675
1427,578
1428,830
1429,827
1430,756
1431,698
1432,759
1433,730
1434,679
1435,781
1436,767
1437,952
1438,898
1439,1061
1440,1003
1441,812
1442,890
1443,582
1444,689
1445,724
1446,747
1447,791
1448,733
1449,617
1450,357
1451,335
1452,286
1453,438
1454,353
1455,561
1456,595
1457,499
1458,633
1459,328
1460,223
1461,235
1462,484
1463,660
1464,755
1465,533
1466,877
1467,634
1468,472
1469,576
1470,520
1471,743
1472,1061
1473,558
1474,344
1475,267
1476,382
1477,410
1478,294
1479,393
1480,1590
1481,350
1482,681
1483,531
1484,627
1485,679
1486,1006
1487,933
1488,905
1489,712
1490,749
1491,860
1492,662
1493,717
1494,905
1495,1010
1496,956
1497,1189
1498,977
1499,792
1500,1282
1501,1552
1502,1353
1503,1239
1504,1136
1505,1058
1506,884
1507,515
1508,447
1509,502
1510,687
1511,577
1512,844
1513,935
1514,762
1515,608
1516,669
1517,795
1518,826
1519,971
1520,1119
1521,1091
1522,505
1523,476
1524,485
1525,590
1526,599
1527,573
1528,518
1529,555
1530,626
1531,642
1532,673
1533,638
1534,594
1535,528
1536,591
1537,551
1538,745
1539,622
1540,509
1541,704
1542,756
1543,798
1544,712
1545,679
1546,551
1547,511
1548,442
1549,468
1550,492
1551,740
1552,448
1553,431
1554,453
1555,455
1556,503
1557,564
1558,509
1559,552
1560,485
1561,559
1562,388
1563,302
1564,331
1565,277
1566,232
1567,314
1568,466
1569,545
1570,510
1571,376
1572,398
1573,377
1574,414
1575,541
1576,1084
1577,802
1578,460
1579,316
1580,315
1581,371
1582,415
1583,479
1584,682
1585,553
1586,671
1587,625
1588,494
1589,609
1590,609
1591,1533
1592,651
1593,586
1594,675
1595,644
1596,607
1597,594
1598,592
1599,551
1600,681
1601,468
1602,414
1603,355
1604,362
1605,366
1606,412
1607,356
1608,424
1609,372
1610,365
1611,389
1612,357
1613,308
1614,294
1615,303
1616,412
1617,379
1618,581
1619,480
1620,390
1621,499
1622,533
1623,538
1624,578
1625,898
1626,618
1627,267
1628,347
1629,329
1630,387
1631,350
1632,660
1633,395
1634,390
1635,373
1636,423
1637,484
1638,636
1639,596
1640,532
1641,464
1642,419
1643,524
1644,560
1645,496
1646,434
1647,530
1648,618
1649,727
1650,777
1651,732
1652,808
1653,834
1654,857
1655,764
1656,582
1657,615
1658,781
1659,785
1660,951
1661,1030
1662,979
1663,805
1664,757
1665,786
1666,762
1667,709
1668,810
1669,818
1670,766
1671,968
1672,553
1673,469
1674,447
1675,490
1676,484
1677,540
1678,690
1679,394
1680,364
1681,472
1682,591
1683,556
1684,610
1685,637
1686,786
1687,653
1688,554
1689,408
1690,662
1691,724
1692,776
1693,724
1694,453
1695,515
1696,1428
1697,584
1698,480
1699,528
1700,564
1701,545
1702,565
1703,625
1704,485
1705,626
1706,700
1707,570
1708,488
1709,521
1710,569
1711,566
1712,650
1713,451
1714,471
1715,493
1716,581
1717,388
1718,571
1719,578
1720,631
1721,717
1722,674
1723,767
1724,686
1725,815
1726,550
1727,510
1728,408
1729,502
1730,440
1731,666
1732,497
1733,459
1734,479
1735,563
1736,638
1737,565
1738,665
1739,760
1740,731
1741,470
1742,537
1743,516
1744,522
1745,668
1746,500
1747,599
1748,564
1749,533
1750,577
1751,569
1752,580
1753,649
1754,561
1755,666
1756,804
1757,628
1758,457
1759,463
1760,536
1761,660
1762,668
1763,760
1764,848
1765,879
1766,855
1767,1183
1768,1243
1769,1487
1770,1426
1771,1032
1772,1148
1773,1004
1774,892
1775,698
1776,742
1777,1175
1778,779
1779,741
1780,710
1781,811
1782,677
1783,662
1784,805
1785,616
1786,695
1787,731
1788,724
1789,633
1790,955
1791,853
1792,687
1793,712
1794,729
1795,667
1796,575
1797,455
1798,507
1799,597
1800,522
1801,683
1802,525
1803,496
1804,467
1805,567
1806,575
1807,616
1808,586
1809,487
1810,429
1811,508
1812,573
1813,605
1814,850
1815,969
1816,753
1817,660
1818,621
1819,674
1820,878
1821,841
1822,658
1823,757
1824,649
1825,591
1826,627
1827,636
1828,629
1829,774
1830,681
1831,719
1832,582
1833,583
1834,592
1835,869
1836,723
1837,685
1838,643
1839,704
1840,668
1841,718
1842,812
1843,720
1844,589
1845,654
1846,659
1847,633
1848,528
1849,454
1850,522
1851,473
1852,404
1853,632
1854,603
1855,605
1856,585
1857,683
1858,881
1859,732
1860,782
1861,637
1862,636
1863,627
1864,592
1865,664
1866,1037
1867,1205
1868,1497
1869,1238
1870,1427
1871,1489
1872,1612
1873,1500
1874,1233
1875,1289
1876,1820
1877,1203
1878,1008
1879,1309
1880,1628
1881,1015
1882,1208
1883,931
1884,1032
1885,1164
1886,825
1887,1094
1888,1027
1889,910
1890,872
1891,840
1892,717
1893,784
1894,916
1895,813
1896,796
1897,874
1898,992
1899,606
1900,487
1901,502
1902,559
1903,543
1904,747
1905,522
1906,800
1907,707
1908,752
1909,830
1910,816
1911,977
1912,912
1913,871
1914,693
1915,719
1916,1131
1917,907
1918,728
1919,891
1920,645
1921,764
1922,749
1923,740
1924,899
1925,1099
1926,1033
1927,1058
1928,1131
1929,1144
1930,990
1931,1197
1932,1206
1933,1169
1934,1314
1935,1390
1936,1194
1937,825
1938,1147
1939,1127
1940,1218
1941,1175
1942,990
1943,1265
1944,1089
1945,1673
1946,995
1947,945
1948,1058
1949,1163
1950,1230
1951,1134
1952,1368
1953,1188
1954,858
1955,979
1956,1367
1957,1014
1958,1111
1959,1044
1960,1049
1961,859
1962,925
1963,841
1964,884
1965,926
1966,1236
1967,956
1968,1102
1969,1393
1970,1505
1971,1335
1972,1442
1973,1444
1974,1225
1975,1362
1976,1403
1977,1427
1978,1189
1979,1399
1980,1081
1981,1244
1982,1108
1983,1305
1984,1730
1985,1986
1986,1217
1987,1146
1988,1228
1989,1032
1990,1058
1991,972
1992,751
1993,817
1994,798
1995,756
1996,638
1997,680
1998,1161
1999,1472
2000,918
2001,1009
2002,910
2003,1025
2004,893
2005,844
2006,793
2007,1106
2008,1178
2009,1244
2010,1276
2011,2030
2012,1303
2013,985
2014,1150
2015,1018
2016,850
2017,895
2018,868
2019,914
2020,895
2021,930
2022,1003
2023,690
2024,558
2025,786
2026,711
2027,641
2028,432
2029,442
2030,390
2031,434
2032,399
2033,506
2034,420
2035,528
2036,543
2037,563
2038,530
2039,572
2040,457
2041,657
2042,530
2043,535
2044,452
2045,500
2046,406
2047,499
2048,501
2049,362
2050,438
2051,417
2052,504
2053,560
2054,475
2055,614
2056,701
2057,530
2058,499
2059,569
2060,574
2061,652
2062,633
2063,689
2064,543
2065,685
2066,991
2067,802
2068,686
2069,567
2070,600
2071,793
2072,653
2073,487
2074,651
2075,655
2076,504
2077,455
2078,403
2079,522
2080,614
2081,657
2082,570
2083,646
2084,613
2085,454
2086,543
2087,438
2088,334
2089,312
2090,517
2091,485
2092,367
2093,515
2094,457
2095,576
2096,380
2097,332
2098,304
2099,310
2100,262
2101,222
2102,215
2103,219
2104,258
2105,235
2106,233
2107,271
2108,203
2109,312
2110,230
2111,241
2112,274
2113,273
2114,184
2115,258
2116,234
2117,216
2118,198
2119,243
2120,325
2121,274
2122,189
2123,216
2124,213
2125,119
2126,206
2127,145
2128,220
2129,292
2130,379
2131,464
2132,351
2133,305
2134,301
2135,222
2136,190
2137,205
2138,166
2139,218
2140,232
2141,223
2142,220
2143,134
2144,188
2145,250
2146,347
2147,335
2148,321
2149,270
2150,298
2151,486
2152,161
2153,213
2154,474
2155,369
2156,370
2157,257
2158,315
2159,477
2160,329
2161,256
2162,203
2163,241
2164,273
2165,230
2166,294
2167,423
2168,433
2169,389
2170,299
2171,345
2172,530
2173,470
2174,441
2175,332
2176,525
2177,851
2178,678
2179,727
2180,763
2181,612
2182,606
2183,564
2184,1565
2185,594
2186,271
2187,211
2188,286
2189,187
2190,224
2191,290
2192,299
2193,252
2194,252
2195,242
2196,234
2197,196
2198,187
2199,155
2200,163
2201,149
2202,193
2203,207
2204,209
2205,159
2206,244
2207,384
2208,271
2209,105
2210,69
2211,100
2212,109
2213,146
2214,121
2215,131
2216,187
2217,187
2218,228
2219,141
2220,278
2221,111
2222,179
2223,85
2224,116
2225,163
2226,191
2227,178
2228,209
2229,186
2230,356
2231,358
2232,275
2233,163
2234,235
2235,181
2236,143
2237,91
2238,106
2239,108
2240,96
2241,92
2242,203
2243,118
2244,146
2245,157
2246,191
2247,159
2248,147
2249,217
2250,168
2251,151
2252,129
2253,135
2254,164
2255,228
2256,227
2257,151
2258,152
2259,146
2260,144
2261,179
2262,180
2263,156
2264,235
2265,290
2266,294
2267,251
2268,229
2269,188
2270,177
2271,211
2272,323
2273,400
2274,269
2275,377
2276,357
2277,343
2278,268
2279,326
2280,361
2281,433
2282,469
2283,380
2284,508
2285,502
2286,336
2287,258
2288,280
2289,324
2290,352
2291,295
2292,586
2293,515
2294,273
2295,261
2296,139
2297,222
2298,281
2299,190
2300,120
2301,150
2302,163
2303,163
2304,290
2305,269
2306,250
2307,259
2308,252
2309,250
2310,264
2311,382
2312,309
2313,258
2314,222
2315,146
2316,185
2317,233
2318,296
2319,338
2320,330
2321,359
2322,410
2323,382
2324,440
2325,298
2326,271
2327,300
2328,127
2329,121
2330,97
2331,99
2332,150
2333,102
2334,129
2335,121
2336,114
2337,158
2338,167
2339,162
2340,201
2341,177
2342,140
2343,206
2344,170
2345,167
2346,197
2347,242
2348,167
2349,144
2350,143
2351,193
2352,236
2353,154
2354,91
2355,70
2356,94
2357,111
2358,215
2359,231
2360,237
2361,167
2362,184
2363,215
2364,146
2365,176
2366,175
2367,114
2368,126
2369,158
2370,99
2371,83
2372,75
2373,183
2374,131
2375,139
2376,95
2377,64
2378,71
2379,57
2380,65
2381,74
2382,67
2383,102
2384,35
2385,60
2386,115
2387,106
2388,63
2389,48
2390,59
2391,64
2392,73
2393,46
2394,45
2395,74
2396,54
2397,81
2398,74
2399,68
2400,59
2401,53
2402,55
2403,60
2404,121
2405,81
2406,32
2407,33
2408,12
2409,42
2410,43
2411,199
2412,488
2413,350
2414,402
2415,316
2416,261
2417,190
2418,189
2419,310
2420,234
2421,209
2422,207
2423,135
2424,152
2425,141
2426,157
2427,144
2428,96
2429,73
2430,148
2431,89
2432,102
2433,60
2434,28
2435,45
2436,48
2437,50
2438,23
2439,30
2440,23
2441,16
2442,18
2443,27
2444,80
2445,162
2446,28
2447,37
2448,27
2449,31
2450,48
2451,38
2452,38
2453,29
2454,30
2455,30
2456,20
2457,30
2458,32
2459,31
2460,73
2461,65
2462,117
2463,84
2464,129
2465,187
2466,124
2467,283
2468,244
2469,186
2470,184
2471,182
2472,230
2473,194
2474,163
2475,167
2476,287
2477,289
2478,255
2479,408
2480,472
2481,343
2482,298
2483,409
2484,411
2485,488
2486,460
2487,408
2488,254
2489,490
2490,364
2491,244
2492,306
2493,311
2494,313
2495,248
2496,226
2497,284
2498,226
2499,242
2500,338
2501,279
2502,352
2503,265
2504,212
2505,212
2506,322
2507,189
2508,220
2509,224
2510,219
2511,144
2512,138
2513,173
2514,165
2515,157
2516,268
2517,315
2518,349
2519,512
2520,441
2521,289
2522,326
2523,323
2524,227
2525,319
2526,452
2527,613
2528,260
2529,236
2530,213
2531,183
2532,217
2533,241
2534,276
2535,233
2536,301
2537,262
2538,157
2539,187
2540,245
2541,165
2542,98
2543,132
2544,294
2545,267
2546,209
2547,188
2548,222
2549,167
2550,172
2551,80
2552,82
2553,84
2554,112
2555,118
2556,142
2557,186
2558,112
2559,150
2560,115
2561,112
2562,94
2563,148
2564,129
2565,122
2566,128
2567,207
2568,119
2569,137
2570,132
2571,116
2572,107
2573,77
2574,74
2575,143
2576,97
2577,83
2578,141
2579,54
2580,57
2581,68
2582,56
2583,87
2584,91
2585,96
2586,105
2587,123
2588,92
2589,96
2590,67
2591,93
2592,85
2593,76
2594,157
2595,121
2596,81
2597,94
2598,102
2599,111
2600,111
2601,102
2602,115
2603,108
2604,130
2605,136
2606,94
2607,70
2608,166
2609,297
2610,219
2611,182
2612,212
2613,127
2614,99
2615,85
2616,153
2617,196
2618,318
2619,191
2620,185
2621,154
2622,147
2623,279
2624,128
2625,187
2626,215
2627,154
2628,84
2629,101
2630,86
2631,173
2632,134
2633,92
2634,138
2635,165
2636,65
2637,60
2638,92
2639,162
2640,209
2641,159
2642,101
2643,365
2644,171
2645,279
2646,263
2647,304
2648,209
2649,175
2650,261
2651,203
2652,81
2653,110
2654,125
2655,97
2656,134
2657,74
2658,118
2659,381
2660,150
2661,93
2662,107
2663,129
2664,59
2665,123
2666,138
2667,121
2668,112
2669,95
2670,80
2671,77
2672,105
2673,116
2674,72
2675,217
2676,135
2677,123
2678,108
2679,84
2680,91
2681,102
2682,128
2683,67
2684,171
2685,176
2686,182
2687,57
2688,89
2689,116
2690,165
2691,172
2692,152
2693,172
2694,118
2695,222
2696,245
2697,145
2698,122
2699,124
2700,65
2701,84
2702,80
2703,68
2704,120
2705,112
2706,144
2707,83
2708,60
2709,92
2710,139
2711,219
2712,194
2713,120
2714,112
2715,117
2716,77
2717,94
2718,158
2719,102
2720,65
2721,68
2722,57
2723,93
2724,55
2725,67
2726,109
2727,122
2728,128
2729,129
2730,100
2731,42
2732,140
2733,68
2734,73
2735,51
2736,81
2737,133
2738,76
2739,128
2740,85
2741,93
2742,142
2743,137
2744,77
2745,144
2746,135
2747,98
2748,111
2749,141
2750,112
2751,202
2752,228
2753,243
2754,133
2755,191
2756,237
2757,354
2758,353
2759,358
2760,283
2761,198
2762,287
2763,277
2764,240
2765,223
2766,218
2767,194
2768,189
2769,167
2770,225
2771,254
2772,284
2773,346
2774,280
2775,352
2776,289
2777,181
2778,176
2779,164
2780,192
2781,227
2782,184
2783,215
2784,170
2785,206
2786,170
2787,234
2788,168
2789,193
2790,259
2791,186
2792,204
2793,239
2794,231
2795,262
2796,181
2797,165
2798,164
2799,71
2800,152
2801,148
2802,110
2803,178
2804,113
2805,76
2806,250
2807,254
2808,242
2809,425
2810,161
2811,154
2812,122
2813,152
2814,167
2815,176
2816,188
2817,251
2818,228
2819,193
2820,270
2821,150
2822,200
2823,289
2824,172
2825,97
2826,123
2827,182
2828,138
2829,273
2830,173
2831,179
2832,162
2833,214
2834,297
2835,235
2836,259
2837,275
2838,303
2839,299
2840,308
2841,306
2842,311
2843,317
2844,365
2845,358
2846,248
2847,255
2848,277
2849,360
2850,286
2851,427
2852,469
2853,387
2854,492
2855,403
2856,539
2857,480
2858,479
2859,417
2860,297
2861,380
2862,341
2863,392
2864,294
2865,373
2866,400
2867,517
2868,414
2869,340
2870,358
2871,335
2872,240
2873,293
2874,347
2875,280
2876,351
2877,315
2878,334
2879,315
2880,300
2881,273
2882,312
2883,335
2884,382
2885,222
2886,157
2887,191
2888,228
2889,248
2890,182
2891,210
2892,200
2893,196
2894,178
2895,238
2896,156
2897,146
2898,160
2899,141
2900,143
2901,183
2902,190
2903,254
2904,153
2905,217
2906,231
2907,205
2908,298
2909,303
2910,246
2911,296
2912,184
2913,267
2914,251
2915,255
2916,206
2917,281
2918,227
2919,265
2920,253
2921,302
2922,251
2923,250
2924,281
2925,485
2926,294
2927,217
2928,157
2929,184
2930,241
2931,310
2932,247
2933,276
2934,211
2935,273
2936,253
2937,286
2938,171
2939,302
2940,490
2941,387
2942,287
2943,361
2944,240
2945,188
2946,234
2947,248
2948,215
2949,316
2950,162
2951,145
2952,100
2953,115
2954,76
2955,119
2956,126
2957,135
2958,130
2959,192
2960,206
2961,188
2962,166
2963,105
2964,144
2965,139
2966,136
2967,226
2968,156
2969,232
2970,182
2971,221
2972,215
2973,155
2974,168
2975,142
2976,192
2977,255
2978,170
2979,324
2980,222
2981,256
2982,303
2983,251
2984,167
2985,166
2986,228
2987,299
2988,257
2989,217
2990,237
2991,349
2992,337
2993,312
2994,370
2995,402
2996,320
2997,325
2998,255
2999,186
3000,189
3001,158
3002,138
3003,184
3004,121
3005,147
3006,147
3007,207
3008,249
3009,242
3010,229
3011,257
3012,173
3013,181
3014,158
3015,173
3016,247
3017,246
3018,243
3019,210
3020,138
3021,174
3022,178
3023,172
3024,107
3025,182
3026,131
3027,169
3028,219
3029,186
3030,163
3031,227
3032,158
3033,149
3034,164
3035,176
3036,177
3037,244
3038,214
3039,137
3040,222
3041,289
3042,268
3043,260
3044,253
3045,316
3046,320
3047,284
3048,354
3049,293
3050,353
3051,377
3052,337
3053,386
3054,393
3055,340
3056,351
3057,297
3058,345
3059,254
3060,294
3061,236
3062,206
3063,215
3064,169
3065,187
3066,199
3067,236
3068,246
3069,207
3070,219
3071,190
3072,169
3073,292
3074,185
3075,229
3076,208
3077,238
3078,331
3079,218
3080,115
3081,152
3082,153
3083,116
3084,113
3085,126
3086,144
3087,231
3088,269
3089,176
3090,96
3091,118
3092,109
3093,91
3094,96
3095,86
3096,104
3097,156
3098,162
3099,201
3100,203
3101,192
3102,80
3103,141
3104,121
3105,129
3106,93
3107,85
3108,119
3109,166
3110,155
3111,161
3112,138
3113,154
3114,115
3115,145
3116,142
3117,195
3118,239
3119,176
3120,257
3121,175
3122,166
3123,132
3124,220
3125,228
3126,155
3127,149
3128,552
3129,154
3130,145
3131,143
3132,166
3133,162
3134,274
3135,453
3136,414
3137,449
3138,373
3139,389
3140,335
3141,523
3142,311
3143,225
3144,251
3145,199
3146,320
3147,373
3148,399
3149,227
3150,264
3151,1064
3152,291
3153,299
3154,224
3155,276
3156,201
3157,285
3158,435
3159,473
3160,397
3161,351
3162,282
3163,364
3164,306
3165,161
3166,273
3167,259
3168,244
3169,268
3170,284
3171,260
3172,247
3173,153
3174,186
3175,250
3176,463
3177,242
3178,494
3179,496
3180,273
3181,352
3182,235
3183,260
3184,243
3185,220
3186,159
3187,149
3188,141
3189,134
3190,93
3191,149
3192,216
3193,133
3194,194
3195,150
3196,161
3197,213
3198,208
3199,197
3200,194
3201,198
3202,182
3203,154
3204,119
3205,209
3206,197
3207,187
3208,150
3209,265
3210,279
3211,180
3212,166
3213,275
3214,294
3215,276
3216,210
3217,357
3218,349
3219,307
3220,189
3221,143
3222,126
3223,135
3224,164
3225,195
3226,238
3227,255
3228,221
3229,158
3230,240
3231,181
3232,239
3233,221
3234,256
3235,162
3236,146
3237,113
3238,89
3239,72
3240,82
3241,135
3242,118
3243,64
3244,88
3245,61
3246,141
3247,95
3248,95
3249,81
3250,99
3251,52
3252,64
3253,178
3254,140
3255,114
3256,117
3257,209
3258,166
3259,153
3260,118
3261,134
3262,173
3263,162
3264,201
3265,116
3266,152
3267,119
3268,135
3269,208
3270,249
3271,248
3272,390
3273,332
3274,300
3275,213
3276,191
3277,209
3278,189
3279,236
3280,236
3281,267
3282,154
3283,124
3284,123
3285,116
3286,74
3287,81
3288,77
3289,157
3290,99
3291,71
3292,53
3293,20
3294,34
3295,66
3296,63
3297,63
3298,58
3299,47
3300,40
3301,51
3302,63
3303,29
3304,26
3305,47
3306,66
3307,69
3308,75
3309,117
3310,82
3311,74
3312,94
3313,47
3314,47
3315,42
3316,22
3317,77
3318,87
3319,157
3320,84
3321,102
3322,69
3323,115
3324,105
3325,47
3326,31
3327,44
3328,48
3329,96
3330,79
3331,53
3332,53
3333,51
3334,72
3335,50
3336,50
3337,88
3338,54
3339,35
3340,51
3341,37
3342,28
3343,58
3344,45
3345,78
3346,81
3347,55
3348,35
3349,35
3350,38
3351,36
3352,45
3353,88
3354,52
3355,110
3356,96
3357,175
3358,75
3359,49
3360,29
3361,57
3362,35
3363,34
3364,31
3365,37
3366,43
3367,72
3368,64
3369,86
3370,73
3371,29
3372,86
3373,58
3374,35
3375,50
3376,77
3377,75
3378,62
3379,33
3380,60
3381,72
3382,57
3383,61
3384,65
3385,273
3386,64
3387,81
3388,64
3389,87
3390,44
3391,41
3392,85
3393,41
3394,76
3395,46
3396,59
3397,60
3398,95
3399,31
3400,28
3401,28
3402,42
3403,52
3404,46
3405,86
3406,50
3407,38
3408,76
3409,52
3410,28
3411,29
3412,32
3413,18
3414,73
3415,55
3416,40
3417,50
3418,60
3419,34
3420,24
3421,28
3422,26
3423,29
3424,21
3425,27
3426,25
3427,24
3428,13
3429,25
3430,39
3431,19
3432,19
3433,26
3434,26
3435,24
3436,27
3437,35
3438,30
3439,35
3440,32
3441,44
3442,82
3443,43
3444,42
3445,20
3446,22
3447,43
3448,100
3449,80
3450,42
3451,74
3452,77
3453,39
3454,33
3455,45
3456,29
3457,63
3458,92
3459,70
3460,40
3461,50
3462,33
3463,38
3464,55
3465,36
3466,20
3467,59
3468,59
3469,61
3470,51
3471,36
3472,69
3473,39
3474,48
3475,54
3476,63
3477,82
3478,51
3479,83
3480,72
3481,153
3482,84
3483,100
3484,90
3485,53
3486,81
3487,130
3488,90
3489,106
3490,80
3491,65
3492,52
3493,57
3494,30
3495,22
3496,56
3497,40
3498,23
3499,29
3500,31
3501,16
3502,28
3503,22
3504,17
3505,40
3506,147
3507,99
3508,127
3509,87
3510,33
3511,24
3512,28
3513,19
3514,36
3515,28
3516,20
3517,54
3518,43
3519,32
3520,58
3521,36
3522,41
3523,39
3524,22
3525,30
3526,29
3527,18
3528,12
3529,15
3530,25
3531,14
3532,32
3533,42
3534,22
3535,81
3536,68
3537,53
3538,14
3539,29
3540,16
3541,48
3542,40
3543,25
3544,34
3545,39
3546,43
3547,19
3548,44
3549,56
3550,79
3551,58
3552,47
3553,87
3554,58
3555,59
3556,76
3557,110
3558,72
3559,69
3560,51
3561,76
3562,84
3563,134
3564,118
3565,120
3566,16
3567,8
3568,3
3569,5
3570,11
3571,14
3572,11
3573,8
3574,27
3575,23
3576,11
3577,10
3578,7
3579,3
3580,19
3581,6
3582,5
3583,8
3584,5
3585,8
3586,3
3587,20
3588,13
3589,15
3590,3
3591,17
3592,4
3593,4
3594,8
3595,10
3596,2
3597,7
3598,2
3599,3
3600,9
3601,9
3602,8
3603,13
3604,5
3605,6
3606,7
3607,4
3608,6
3609,8
3610,19
3611,26
3612,16
3613,7
3614,7
3615,9
3616,4
3617,5
3618,1
3619,7
3620,5
3621,2
3622,4
3623,11
3624,10
3625,11
3626,3
3627,7
3628,8
3629,7
3630,7
3631,11
3632,5
3633,11
3634,26
3635,12
3636,13
3637,25
3638,29
3639,6
3640,3
3641,11
3642,6
3643,8
3644,3
3645,16
3646,1
3647,11
3648,8
3649,6
3650,4
3651,5
3652,9
3653,14
3654,35
3655,44
3656,12
3657,16
3658,30
3659,11
3660,8
3661,10
3662,6
3663,12
3664,10
3665,12
3666,7
3667,8
3668,10
3669,17
3670,6
3671,5
3672,6
3673,30
3674,21
3675,29
3676,18
3677,10
3678,37
3679,56
3680,46
3681,22
3682,24
3683,31
3684,35
3685,19
3686,12
3687,16
3688,8
3689,4
3690,12
3691,12
3692,26
3693,16
3694,8
3695,12
3696,18
3697,23
3698,39
3699,63
3700,62
3701,46
3702,38
3703,21
3704,7
3705,21
3706,19
3707,17
3708,22
3709,6
3710,5
3711,17
3712,11
3713,14
3714,16
3715,10
3716,9
3717,9
3718,12
3719,6
3720,13
3721,21
3722,14
3723,2
3724,5
3725,5
3726,4
3727,2
3728,5
3729,8
3730,55
3731,28
3732,68
3733,2
3734,12
3735,7
3736,26
3737,17
3738,6
3739,9
3740,4
3741,10
3742,5
3743,7
3744,5
3745,8
3746,52
3747,5
3748,7
3749,9
3750,7
3751,1
3752,2
3753,1
3754,11
3755,51
3756,6
3757,11
3758,15
3759,19
3760,88
3761,53
3762,24
3763,13
3764,7
3765,3
3766,6
3767,4
3768,6
3769,6
3770,4
3771,6
3772,5
3773,9
3774,13
3775,10
3776,3
3777,3
3778,3
3779,2
3780,3
3781,2
3782,3
3783,3
3784,4
3785,15
3786,5
3787,37
3788,27
3789,35
3790,29
3791,13
3792,10
3793,10
3794,13
3795,1
3796,5
3797,3
3798,1
3799,2
3800,7
3801,3
3802,5
3803,3
3804,4
3805,24
3806,2
3807,8
3808,1
3809,8
3810,2
3811,6
3812,6
3813,7
3814,10
3815,13
3816,12
3817,28
3818,12
3819,8
3820,6
3821,7
3822,6
3823,8
3824,9
3825,11
3826,13
3827,9
3828,4
3829,5
3830,6
3831,2
3832,20
3833,6
3834,4
3835,7
3836,6
3837,8
3838,7
3839,4
3840,6
3841,2
3842,9
3843,5
3844,6
3845,3
3846,5
3847,16
3848,16
3849,3
3850,8
3851,10
3852,10
3853,5
3855,2
3856,6
3857,6
3858,5
3859,8
3860,8
3861,8
3862,23
3863,19
3864,3
3865,9
3866,27
3867,40
3868,10
3869,9
3870,3
3871,5
3872,3
3873,5
3874,3
3875,8
3876,34
3877,21
3878,10
3879,9
3880,6
3881,5
3882,6
3883,15
3884,13
3885,3
3886,3
3887,4
3888,15
3889,9
3890,33
3891,22
3892,13
3893,5
3894,5
3895,43
3896,2
3897,7
3898,7
3899,5
3900,13
3901,7
3902,14
3903,14
3904,24
3905,2
3906,2
3907,14
3908,13
3909,19
3910,16
3911,45
3912,21
3913,12
3914,29
3915,74
3916,11
3917,8
3918,47
3919,28
3920,35
3921,49
3922,27
3923,42
3924,3
3925,10
3926,12
3927,2
3928,22
3929,27
3930,83
3931,142
3932,95
3933,39
3934,26
3935,22
3936,12
3937,6
3938,7
3939,16
3940,37
3941,53
3942,12
3943,5
3944,24
3945,15
3946,8
3947,7
3948,8
3949,15
3951,3
3952,9
3953,42
3954,66
3955,37
3956,52
3957,4
3958,8
3959,36
3960,5
3961,12
3962,9
3963,9
3964,4
3965,15
3966,5
3967,1
3968,11
3969,12
3970,34
3971,33
3972,3
3973,22
3974,22
3975,11
3976,3
3977,13
3978,26
3980,11
3981,16
3982,28
3983,31
3984,28
3985,11
3986,12
3987,9
3988,4
3989,10
3990,10
3991,13
3992,8
3994,13
3995,5
3996,11
3997,3
3998,3
3999,11
4000,13
4001,23
4002,2
4003,2
4004,9
4005,9
4006,8
4007,3
4009,4
4010,8
4011,3
4012,2
4013,14
4014,28
4015,16
4016,6
4017,2
4018,2
4019,3
4020,14
4021,3
4022,13
4023,2
4024,11
4025,22
4026,22
4027,9
4028,10
4029,17
4030,9
4031,4
4032,6
4033,4
4034,4
4035,13
4036,7
4037,2
4038,9
4039,13
4040,2
4041,30
4042,21
4043,7
4044,21
4045,27
4046,10
4047,6
4048,2
4049,9
4050,6
4051,1
4052,6
4053,5
4054,6
4055,23
4056,55
4057,67
4058,115
4059,87
4060,18
4061,5
4062,8
4063,22
4064,7
4065,3
4066,3
4069,8
4070,33
4071,22
4072,5
4073,12
4074,7
4076,11
4077,2
4078,3
4079,5
4080,4
4081,9
4082,5
4083,7
4084,26
4085,14
4086,14
4087,6
4088,15
4089,18
4090,10
4091,4
4092,7
4093,4
4094,6
4095,6
4096,15
4097,9
4098,28
4099,23
4100,7
4101,3
4102,9
4103,4
4104,6
4105,1
4106,4
4108,7
4109,9
4110,13
4111,6
4112,8
4113,20
4114,6
4115,7
4117,5
4118,5
4119,25
4120,29
4121,3
4122,4
4123,4
4124,7
4125,13
4126,11
4127,13
4128,18
4129,21
4130,16
4131,29
4132,4
4133,3
4134,10
4135,2
4136,1
4137,10
4138,5
4139,6
4140,7
4141,6
4142,6
4143,2
4144,6
4145,9
4146,11
4147,1
4148,4
4149,4
4150,4
4151,3
4152,5
4154,6
4155,17
4156,2
4157,2
4158,5
4159,21
4160,28
4161,31
4162,26
4163,12
4164,12
4165,7
4166,9
4167,3
4168,13
4169,10
4170,11
4171,5
4172,2
4173,38
4174,11
4175,38
4176,94
4177,132
4178,70
4179,67
4180,86
4181,40
4182,84
4183,54
4184,71
4185,53
4186,55
4187,30
4188,54
4189,32
4190,61
4191,57
4192,54
4193,83
4194,117
4195,75
4196,35
4197,24
4198,16
4199,38
4200,105
4201,78
4202,86
4203,35
4204,48
4205,101
4206,36
4207,44
4208,42
4209,47
4210,86
4211,64
4212,56
4213,43
4214,42
4215,113
4216,175
4217,96
4218,25
4219,12
4220,10
4221,29
4222,19
4223,19
4224,8
4225,14
4226,15
4227,4
4228,7
4229,17
4230,10
4231,12
4232,7
4233,8
4234,14
4235,17
4236,18
4237,22
4238,4
4239,7
4240,6
4241,7
4242,5
4243,4
4244,8
4245,4
4246,20
4247,20
4248,13
4249,10
4250,4
4251,19
4252,7
4253,9
4254,18
4255,10
4256,7
4257,11
4258,8
4259,22
4260,13
4261,16
4262,25
4263,48
4264,24
4266,12
4267,3
4268,3
4269,22
4270,20
4271,9
4272,16
4273,8
4274,7
4275,9
4276,5
4277,12
4278,9
4279,13
4280,24
4281,29
4282,15
4283,1
4284,7
4285,8
4286,9
4287,13
4288,22
4289,22
4290,7
4291,8
4292,9
4293,8
4294,8
4295,1
4296,4
4297,1
4298,2
4300,3
4301,11
4302,12
4303,6
4304,1
4307,2
4308,2
4309,4
4310,2
4311,2
4312,11
4313,9
4314,11
4315,5
4316,3
4317,1
4318,1
4319,2
4320,6
4321,1
4322,5
4323,13
4324,19
4325,6
4326,5
4327,3
4328,2
