0,39485886
1,10887
2,9316
3,4981
4,4141
5,5384
6,5022
7,3897
8,4736
9,4766
10,4123
11,5681
12,5284
13,4416
14,3557
15,4183
16,2952
17,4055
18,3237
19,2632
20,2547
21,2309
22,2780
23,1825
24,2561
25,2645
26,1566
27,2857
28,2500
29,1982
30,2909
31,2918
32,2308
33,3121
34,2414
35,4314
36,2806
37,4051
38,3712
39,4172
40,2635
41,3599
42,4510
43,2965
44,3626
45,3432
46,4583
47,3111
48,2126
49,2377
50,3514
51,2048
52,1509
53,2572
54,2741
55,2863
56,2989
57,2601
58,3188
59,2322
60,1651
61,1812
62,2301
63,2391
64,3116
65,2381
66,2493
67,1324
68,1237
69,1805
70,884
71,1403
72,2769
73,2163
74,2260
75,2271
76,2112
77,2288
78,891
79,971
80,740
81,836
82,1079
83,965
84,1229
85,1358
86,1089
87,1281
88,1885
89,1210
90,1544
91,970
92,1433
93,1375
94,962
95,1208
96,1057
97,1341
98,870
99,1161
100,1182
101,2324
102,1915
103,1333
104,2225
105,1435
106,1204
107,1265
108,1623
109,1769
110,1275
111,2109
112,1602
113,1902
114,2124
115,1565
116,2942
117,2241
118,1332
119,2305
120,2170
121,3363
122,5073
123,2939
124,2313
125,3383
126,3851
127,3029
128,2963
129,3018
130,2188
131,5113
132,3023
133,3134
134,3477
135,3753
136,3711
137,2494
138,3854
139,3281
140,2664
141,3513
142,3053
143,2611
144,2430
145,3741
146,3199
147,3122
148,3007
149,2146
150,3014
151,3180
152,3168
153,3657
154,2597
155,2957
156,2878
157,2799
158,3120
159,2360
160,2698
161,2178
162,1804
163,1398
164,1670
165,1129
166,1702
167,1355
168,1081
169,969
170,1342
171,1058
172,1499
173,1461
174,766
175,1278
176,948
177,865
178,1519
179,1569
180,1055
181,1039
182,1874
183,2092
184,1508
185,1197
186,2406
187,1936
188,1536
189,2283
190,2243
191,1530
192,2062
193,2665
194,2140
195,2112
196,1632
197,1860
198,1892
199,1366
200,1737
201,2122
202,2010
203,1899
204,2994
205,3246
206,1809
207,2495
208,2451
209,1952
210,1931
211,2119
212,2152
213,3395
214,1255
215,1635
216,2500
217,2395
218,1253
219,2144
220,1377
221,1479
222,1369
223,1350
224,972
225,1760
226,1561
227,1661
228,1288
229,1549
230,996
231,1088
232,1261
233,1381
234,2461
235,1762
236,1798
237,2446
238,2204
239,1246
240,2590
241,2996
242,3149
243,2662
244,1972
245,2982
246,2918
247,3929
248,4181
249,2493
250,3626
251,3381
252,3238
253,4060
254,2712
255,2736
256,4777
257,4438
258,3611
259,3734
260,2792
261,2528
262,1755
263,2369
264,1669
265,1726
266,1640
267,2397
268,1159
269,1937
270,1131
271,1344
272,1993
273,2482
274,1448
275,2646
276,2274
277,2058
278,2496
279,1713
280,2969
281,2604
282,1999
283,2460
284,2787
285,3201
286,2050
287,2692
288,1839
289,2145
290,2059
291,1811
292,1794
293,1369
294,2984
295,1583
296,2153
297,1529
298,1568
299,1876
300,1487
301,1215
302,2149
303,1686
304,1250
305,1760
306,1824
307,2863
308,1708
309,1480
310,1419
311,1666
312,2001
313,1586
314,1874
315,1456
316,1391
317,1556
318,1547
319,1280
320,1655
321,1241
322,1264
323,1340
324,1368
325,1499
326,2240
327,1460
328,1799
329,1443
330,1509
331,1896
332,1220
333,1589
334,1079
335,1065
336,1366
337,1305
338,1212
339,1136
340,1969
341,1172
342,1267
343,1449
344,2148
345,1580
346,861
347,1452
348,999
349,1126
350,912
351,1285
352,1148
353,1255
354,1398
355,1000
356,1678
357,1771
358,1373
359,1797
360,1309
361,1720
362,1129
363,1126
364,1623
365,1635
366,1380
367,1760
368,1838
369,1620
370,1775
371,3969
372,1903
373,1357
374,1582
375,1844
376,1998
377,1860
378,2457
379,1611
380,2918
381,2335
382,2841
383,3064
384,2062
385,2123
386,1273
387,1532
388,1333
389,1314
390,1830
391,1772
392,2034
393,2143
394,1055
395,1035
396,744
397,1635
398,1808
399,1539
400,2071
401,3565
402,2396
403,1511
404,1699
405,2810
406,1618
407,2461
408,3862
409,1247
410,1534
411,1998
412,1888
413,2712
414,1892
415,1419
416,1805
417,1609
418,1837
419,2795
420,1827
421,1645
422,2156
423,1663
424,1971
425,1476
426,3369
427,1231
428,3229
429,2453
430,2267
431,2958
432,1452
433,1394
434,1315
435,1763
436,2276
437,1582
438,1946
439,2075
440,1300
441,1741
442,1287
443,1424
444,2057
445,1686
446,2548
447,2846
448,2674
449,2625
450,1621
451,1316
452,1485
453,2055
454,1585
455,2471
456,1982
457,1914
458,2565
459,1882
460,1351
461,1828
462,1743
463,1939
464,1943
465,1841
466,1917
467,1384
468,2408
469,1714
470,2413
471,2211
472,2852
473,2731
474,2833
475,2998
476,4059
477,2672
478,3032
479,3226
480,2970
481,2887
482,2771
483,3986
484,2901
485,2503
486,2143
487,2765
488,2447
489,2766
490,3393
491,2990
492,3667
493,3150
494,3022
495,2718
496,3159
497,2621
498,3035
499,2697
500,3527
501,3103
502,3308
503,5077
504,3739
505,3912
506,3941
507,4237
508,2960
509,3247
510,3173
511,3536
512,3094
513,2506
514,3367
515,3326
516,3251
517,3458
518,4983
519,4468
520,3698
521,4026
522,3609
523,4221
524,3581
525,4854
526,4146
527,3972
528,4549
529,7401
530,4919
531,4578
532,5998
533,5509
534,4589
535,4504
536,4858
537,6097
538,6888
539,6024
540,7022
541,5478
542,5648
543,5642
544,5609
545,5351
546,4115
547,3988
548,4026
549,3860
550,4786
551,4008
552,4328
553,5170
554,6739
555,6718
556,8139
557,7392
558,9961
559,7568
560,8266
561,6639
562,7057
563,10263
564,6402
565,7472
566,6333
567,7740
568,7111
569,8244
570,8835
571,8377
572,8426
573,9516
574,12196
575,10972
576,13509
577,12243
578,12347
579,16779
580,10309
581,12755
582,14067
583,12211
584,12557
585,13765
586,14722
587,17057
588,18081
589,18726
590,19352
591,22256
592,25569
593,31024
594,29602
595,41816
596,47795
597,64695
598,96453
599,148360
600,1109087
601,61069
602,39353
603,34385
604,36976
605,34332
606,33987
607,33293
608,28228
609,26845
610,22062
611,24633
612,22253
613,22350
614,21976
615,23691
616,19351
617,19931
618,19127
619,18236
620,21514
621,18762
622,25252
623,18018
624,19357
625,17231
626,18017
627,15982
628,17652
629,16712
630,16935
631,17485
632,15651
633,16347
634,15768
635,13971
636,14317
637,13762
638,14648
639,15141
640,16365
641,16412
642,16522
643,14719
644,16430
645,14640
646,15335
647,14371
648,14340
649,18107
650,17009
651,19355
652,19525
653,19319
654,15793
655,15752
656,12869
657,12989
658,13481
659,13034
660,12447
661,11492
662,12311
663,10960
664,12495
665,11596
666,10537
667,12580
668,13284
669,11829
670,12884
671,11518
672,11093
673,11724
674,10243
675,10398
676,9985
677,11229
678,9359
679,11288
680,9920
681,10476
682,9976
683,10080
684,9630
685,9675
686,9251
687,10357
688,9589
689,9866
690,9512
691,8830
692,9936
693,9269
694,9491
695,9926
696,10205
697,9024
698,9120
699,8185
700,8628
701,9355
702,9477
703,9242
704,9827
705,9575
706,10106
707,10056
708,10226
709,8165
710,8997
711,8881
712,8766
713,8527
714,7284
715,8964
716,7873
717,7684
718,6541
719,6650
720,6242
721,5865
722,6683
723,6791
724,6030
725,5518
726,5292
727,5309
728,5462
729,5981
730,5685
731,4912
732,5430
733,4584
734,4969
735,4883
736,5206
737,5446
738,5594
739,5457
740,6145
741,6316
742,5970
743,5358
744,5049
745,5104
746,5664
747,5351
748,7267
749,6554
750,6059
751,6722
752,6258
753,6268
754,8231
755,8202
756,9556
757,8071
758,6679
759,6381
760,7361
761,7468
762,8077
763,7067
764,6219
765,6319
766,7605
767,7901
768,8673
769,9560
770,9190
771,8388
772,6976
773,6826
774,5775
775,6451
776,6680
777,6246
778,6661
779,6322
780,6370
781,7184
782,6826
783,7135
784,5862
785,5592
786,5247
787,4166
788,5627
789,6182
790,6178
791,5781
792,6602
793,7258
794,7146
795,6259
796,6401
797,5113
798,4516
799,4404
800,3845
801,3934
802,4182
803,3215
804,3337
805,3835
806,3658
807,4591
808,5974
809,5401
810,5032
811,4448
812,4931
813,4687
814,3654
815,3629
816,4277
817,4002
818,3652
819,3907
820,4353
821,5984
822,4194
823,5156
824,5923
825,4427
826,4153
827,3807
828,4742
829,4106
830,4115
831,3860
832,3901
833,4139
834,4768
835,5212
836,4796
837,4601
838,4667
839,4073
840,3636
841,3640
842,3832
843,3555
844,4023
845,3695
846,4774
847,4083
848,4117
849,4536
850,4010
851,4529
852,4510
853,3581
854,4741
855,5813
856,5181
857,5747
858,5393
859,5114
860,4486
861,4332
862,4475
863,4298
864,4013
865,4785
866,4046
867,4067
868,4268
869,3999
870,4186
871,4291
872,4476
873,4416
874,4183
875,4254
876,5350
877,4066
878,4081
879,4140
880,3635
881,3970
882,4421
883,5038
884,5497
885,4593
886,5379
887,5770
888,6082
889,4050
890,4642
891,4666
892,4279
893,5061
894,5523
895,4697
896,4629
897,4844
898,4670
899,3322
900,3965
901,3881
902,4046
903,2832
904,2932
905,2640
906,3267
907,2840
908,3497
909,3052
910,3410
911,4386
912,3937
913,3866
914,2800
915,3080
916,2121
917,2874
918,2077
919,2879
920,3234
921,3600
922,2542
923,3529
924,3324
925,3373
926,2807
927,2317
928,3380
929,3082
930,3556
931,3351
932,3535
933,2735
934,3745
935,2781
936,3418
937,3166
938,3891
939,3264
940,3728
941,4447
942,4425
943,3953
944,3837
945,3197
946,3349
947,3632
948,3620
949,2887
950,3650
951,3342
952,2779
953,3323
954,2779
955,2162
956,2695
957,3088
958,3256
959,2960
960,3268
961,2255
962,2483
963,3001
964,3334
965,2687
966,3251
967,2839
968,3979
969,3185
970,3471
971,2748
972,2437
973,3683
974,3238
975,2703
976,2562
977,2518
978,2864
979,2198
980,3072
981,3443
982,3306
983,3173
984,3008
985,3229
986,2684
987,2534
988,2741
989,2772
990,3570
991,3359
992,3226
993,2950
994,3204
995,3062
996,4166
997,3501
998,3088
999,3060
1000,2823
1001,3672
1002,4032
1003,3965
1004,4182
1005,3700
1006,2967
1007,3118
1008,2465
1009,2965
1010,2546
1011,1840
1012,2951
1013,3251
1014,3393
1015,3211
1016,2755
1017,3057
1018,2823
1019,2600
1020,2883
1021,3598
1022,2910
1023,2483
1024,2661
1025,2597
1026,2197
1027,2850
1028,4226
1029,3095
1030,3603
1031,2477
1032,2446
1033,3256
1034,2077
1035,2859
1036,2261
1037,2825
1038,4115
1039,3082
1040,4248
1041,4957
1042,5036
1043,3781
1044,3474
1045,2806
1046,2710
1047,2492
1048,2273
1049,1864
1050,1470
1051,1837
1052,2831
1053,3164
1054,4377
1055,2669
1056,3502
1057,3052
1058,3495
1059,4137
1060,3948
1061,4887
1062,3146
1063,2949
1064,2284
1065,1793
1066,2320
1067,2538
1068,2124
1069,2294
1070,2499
1071,2604
1072,2691
1073,3308
1074,1881
1075,2946
1076,2714
1077,2641
1078,1630
1079,1764
1080,2593
1081,1247
1082,1382
1083,1264
1084,1422
1085,1209
1086,2046
1087,1763
1088,1720
1089,2285
1090,3307
1091,3444
1092,4152
1093,3996
1094,3528
1095,3874
1096,3070
1097,2667
1098,2778
1099,1691
1100,2925
1101,4707
1102,5465
1103,5284
1104,4800
1105,3383
1106,2235
1107,1687
1108,1585
1109,2576
1110,2212
1111,2821
1112,3153
1113,2853
1114,2486
1115,4354
1116,4435
1117,3435
1118,3021
1119,2482
1120,2114
1121,1532
1122,1763
1123,2639
1124,1476
1125,1559
1126,1678
1127,1678
1128,1715
1129,2192
1130,2796
1131,3185
1132,2366
1133,2420
1134,2626
1135,3918
1136,3468
1137,2517
1138,1515
1139,1612
1140,2319
1141,2269
1142,2559
1143,2239
1144,2130
1145,2300
1146,2234
1147,1864
1148,1989
1149,1801
1150,2082
1151,3765
1152,3509
1153,3014
1154,2495
1155,3323
1156,3231
1157,3118
1158,3484
1159,3287
1160,2923
1161,2900
1162,2975
1163,2575
1164,2272
1165,2175
1166,1752
1167,3265
1168,2071
1169,3106
1170,2756
1171,2729
1172,2748
1173,3584
1174,3444
1175,3639
1176,3303
1177,2982
1178,2613
1179,2862
1180,3192
1181,3594
1182,3870
1183,2205
1184,2549
1185,2082
1186,2512
1187,2229
1188,2086
1189,2185
1190,1970
1191,2007
1192,2124
1193,2477
1194,2081
1195,2305
1196,2725
1197,4141
1198,4436
1199,3957
1200,4185
1201,2574
1202,2492
1203,1863
1204,1657
1205,2058
1206,2035
1207,3059
1208,2651
1209,2147
1210,1559
1211,2256
1212,3140
1213,2481
1214,2686
1215,2883
1216,2539
1217,2754
1218,2911
1219,3273
1220,3278
1221,3529
1222,3204
1223,2940
1224,2884
1225,2625
1226,1892
1227,1189
1228,1128
1229,1143
1230,1249
1231,1662
1232,882
1233,917
1234,2360
1235,1562
1236,2125
1237,1610
1238,1772
1239,1437
1240,2177
1241,1742
1242,3220
1243,3951
1244,3977
1245,2916
1246,1755
1247,2172
1248,2048
1249,3010
1250,2782
1251,2549
1252,3069
1253,3043
1254,3911
1255,4664
1256,3762
1257,2460
1258,2543
1259,2016
1260,3160
1261,2377
1262,2058
1263,2263
1264,1677
1265,2439
1266,3108
1267,1853
1268,3117
1269,3394
1270,3333
1271,3682
1272,5104
1273,5442
1274,5131
1275,5315
1276,4152
1277,5532
1278,4036
1279,4948
1280,5055
1281,5631
1282,5169
1283,6707
1284,7225
1285,8598
1286,9634
1287,10095
1288,9162
1289,5359
1290,4615
1291,3906
1292,3113
1293,2956
1294,1819
1295,1292
1296,1438
1297,1579
1298,1617
1299,1937
1300,3128
1301,2910
1302,3075
1303,2478
1304,2224
1305,1801
1306,1977
1307,1546
1308,1367
1309,1459
1310,1205
1311,1325
1312,1543
1313,1446
1314,1179
1315,881
1316,766
1317,728
1318,696
1319,801
1320,619
1321,641
1322,711
1323,516
1324,561
1325,685
1326,707
1327,603
1328,597
1329,707
1330,699
1331,566
1332,596
1333,744
1334,453
1335,583
1336,619
1337,690
1338,985
1339,901
1340,920
1341,935
1342,772
1343,885
1344,980
1345,969
1346,846
1347,595
1348,486
1349,583
1350,441
1351,391
1352,483
1353,514
1354,549
1355,571
1356,600
1357,576
1358,902
1359,620
1360,599
1361,548
1362,552
1363,645
1364,660
1365,455
1366,518
1367,432
1368,314
1369,330
1370,282
1371,368
1372,315
1373,352
1374,434
1375,483
1376,527
1377,541
1378,705
1379,776
1380,509
1381,387
1382,531
1383,596
1384,681
1385,638
1386,555
1387,406
1388,530
1389,521
1390,414
1391,531
1392,411
1393,407
1394,443
1395,373
1396,425
1397,726
1398,603
1399,683
1400,816
1401,735
1402,629
1403,610
1404,542
1405,464
1406,468
1407,578
1408,521
1409,476
1410,406
1411,604
1412,639
1413,666
1414,753
1415,690
1416,741
1417,622
1418,871
1419,797
1420,751
1421,710
1422,665
1423,778
1424,755
1425,695
1426,727
1427,667
1428,910
1429,795
1430,568
1431,568
1432,657
1433,495
1434,674
1435,686
1436,525
1437,664
1438,642
1439,758
1440,597
1441,478
1442,599
1443,495
1444,642
1445,659
1446,591
1447,528
1448,725
1449,604
1450,509
1451,611
1452,715
1453,647
1454,747
1455,736
1456,752
1457,810
1458,850
1459,874
1460,1138
1461,1055
1462,599
1463,740
1464,592
1465,453
1466,436
1467,228
1468,297
1469,412
1470,308
1471,588
1472,651
1473,521
1474,679
1475,397
1476,382
1477,360
1478,481
1479,489
1480,1604
1481,531
1482,719
1483,760
1484,692
1485,523
1486,508
1487,945
1488,1257
1489,1699
1490,1616
1491,1240
1492,992
1493,1231
1494,795
1495,1002
1496,1088
1497,1110
1498,984
1499,1027
1500,959
1501,645
1502,600
1503,506
1504,542
1505,978
1506,998
1507,880
1508,954
1509,792
1510,570
1511,713
1512,931
1513,788
1514,751
1515,689
1516,561
1517,536
1518,633
1519,583
1520,704
1521,628
1522,695
1523,599
1524,652
1525,615
1526,692
1527,620
1528,725
1529,705
1530,570
1531,568
1532,552
1533,538
1534,647
1535,722
1536,567
1537,499
1538,535
1539,715
1540,785
1541,732
1542,455
1543,460
1544,503
1545,449
1546,540
1547,520
1548,507
1549,484
1550,443
1551,608
1552,325
1553,466
1554,563
1555,462
1556,573
1557,477
1558,437
1559,338
1560,425
1561,251
1562,239
1563,273
1564,277
1565,269
1566,278
1567,357
1568,410
1569,598
1570,787
1571,737
1572,621
1573,483
1574,429
1575,457
1576,783
1577,400
1578,430
1579,401
1580,466
1581,402
1582,583
1583,510
1584,621
1585,567
1586,772
1587,968
1588,864
1589,837
1590,637
1591,1171
1592,513
1593,509
1594,635
1595,599
1596,418
1597,477
1598,651
1599,493
1600,501
1601,373
1602,394
1603,460
1604,336
1605,280
1606,286
1607,283
1608,354
1609,430
1610,480
1611,422
1612,410
1613,451
1614,446
1615,351
1616,458
1617,562
1618,682
1619,461
1620,386
1621,338
1622,491
1623,535
1624,459
1625,482
1626,648
1627,573
1628,453
1629,526
1630,482
1631,571
1632,687
1633,383
1634,520
1635,682
1636,807
1637,739
1638,754
1639,870
1640,712
1641,603
1642,560
1643,741
1644,708
1645,963
1646,1094
1647,1286
1648,984
1649,783
1650,795
1651,608
1652,661
1653,756
1654,619
1655,689
1656,632
1657,513
1658,586
1659,531
1660,561
1661,474
1662,516
1663,386
1664,642
1665,687
1666,486
1667,517
1668,545
1669,476
1670,432
1671,609
1672,493
1673,525
1674,580
1675,764
1676,719
1677,717
1678,784
1679,819
1680,810
1681,834
1682,945
1683,673
1684,522
1685,291
1686,1003
1687,494
1688,562
1689,604
1690,622
1691,596
1692,430
1693,318
1694,309
1695,391
1696,511
1697,464
1698,864
1699,576
1700,349
1701,447
1702,555
1703,624
1704,705
1705,637
1706,692
1707,749
1708,552
1709,660
1710,491
1711,723
1712,714
1713,531
1714,454
1715,491
1716,740
1717,583
1718,555
1719,492
1720,414
1721,543
1722,554
1723,686
1724,469
1725,441
1726,428
1727,675
1728,560
1729,624
1730,524
1731,677
1732,726
1733,678
1734,532
1735,463
1736,496
1737,549
1738,670
1739,593
1740,622
1741,610
1742,590
1743,637
1744,553
1745,505
1746,407
1747,528
1748,720
1749,667
1750,533
1751,469
1752,604
1753,497
1754,486
1755,523
1756,726
1757,805
1758,928
1759,713
1760,569
1761,599
1762,675
1763,978
1764,862
1765,844
1766,1260
1767,1202
1768,995
1769,878
1770,914
1771,911
1772,822
1773,891
1774,965
1775,1254
1776,1015
1777,745
1778,861
1779,778
1780,880
1781,776
1782,757
1783,642
1784,755
1785,1149
1786,867
1787,856
1788,760
1789,726
1790,708
1791,695
1792,801
1793,648
1794,577
1795,505
1796,565
1797,681
1798,641
1799,633
1800,500
1801,448
1802,565
1803,466
1804,493
1805,694
1806,745
1807,880
1808,902
1809,659
1810,679
1811,740
1812,743
1813,1011
1814,942
1815,864
1816,781
1817,609
1818,707
1819,704
1820,728
1821,762
1822,857
1823,581
1824,625
1825,714
1826,563
1827,668
1828,761
1829,774
1830,590
1831,700
1832,658
1833,565
1834,682
1835,686
1836,602
1837,641
1838,470
1839,534
1840,517
1841,550
1842,567
1843,559
1844,538
1845,514
1846,622
1847,466
1848,668
1849,756
1850,784
1851,697
1852,771
1853,822
1854,750
1855,578
1856,785
1857,689
1858,756
1859,681
1860,686
1861,999
1862,1229
1863,1256
1864,1018
1865,1013
1866,1517
1867,1651
1868,1777
1869,1150
1870,1681
1871,1288
1872,1183
1873,1104
1874,1358
1875,1172
1876,1144
1877,1058
1878,780
1879,1456
1880,859
1881,853
1882,845
1883,896
1884,1041
1885,1361
1886,1221
1887,1167
1888,1293
1889,945
1890,855
1891,790
1892,677
1893,651
1894,744
1895,741
1896,796
1897,676
1898,593
1899,665
1900,525
1901,579
1902,719
1903,897
1904,692
1905,810
1906,1019
1907,949
1908,881
1909,650
1910,669
1911,784
1912,1278
1913,743
1914,530
1915,668
1916,737
1917,827
1918,813
1919,769
1920,709
1921,759
1922,678
1923,792
1924,1012
1925,986
1926,913
1927,895
1928,867
1929,837
1930,945
1931,1284
1932,969
1933,1161
1934,921
1935,785
1936,814
1937,1110
1938,1204
1939,1091
1940,1571
1941,1054
1942,1281
1943,1650
1944,1010
1945,1153
1946,1061
1947,1011
1948,1138
1949,883
1950,1196
1951,956
1952,858
1953,853
1954,1048
1955,1013
1956,1089
1957,1128
1958,984
1959,850
1960,845
1961,781
1962,964
1963,838
1964,855
1965,739
1966,672
1967,655
1968,809
1969,1302
1970,1686
1971,1154
1972,1103
1973,1174
1974,1240
1975,1206
1976,1388
1977,1625
1978,1507
1979,1287
1980,1350
1981,1530
1982,1585
1983,1379
1984,1166
1985,1515
1986,1121
1987,1253
1988,1123
1989,1703
1990,1395
1991,995
1992,1126
1993,977
1994,1009
1995,881
1996,1126
1997,1059
1998,1467
1999,1626
2000,793
2001,743
2002,966
2003,1055
2004,987
2005,1065
2006,1082
2007,1617
2008,1273
2009,831
2010,754
2011,879
2012,897
2013,834
2014,768
2015,658
2016,636
2017,835
2018,915
2019,762
2020,924
2021,909
2022,923
2023,859
2024,874
2025,800
2026,621
2027,458
2028,499
2029,394
2030,361
2031,298
2032,353
2033,485
2034,531
2035,557
2036,481
2037,641
2038,418
2039,555
2040,434
2041,555
2042,542
2043,383
2044,481
2045,509
2046,429
2047,513
2048,796
2049,840
2050,703
2051,615
2052,611
2053,823
2054,631
2055,507
2056,624
2057,650
2058,669
2059,553
2060,583
2061,589
2062,757
2063,691
2064,673
2065,847
2066,624
2067,615
2068,537
2069,645
2070,629
2071,641
2072,611
2073,616
2074,632
2075,600
2076,481
2077,358
2078,435
2079,529
2080,473
2081,391
2082,530
2083,478
2084,508
2085,416
2086,335
2087,387
2088,348
2089,369
2090,391
2091,332
2092,234
2093,291
2094,355
2095,434
2096,364
2097,289
2098,240
2099,231
2100,244
2101,273
2102,297
2103,248
2104,356
2105,333
2106,250
2107,388
2108,307
2109,271
2110,365
2111,380
2112,356
2113,317
2114,294
2115,360
2116,221
2117,268
2118,220
2119,266
2120,251
2121,361
2122,352
2123,309
2124,312
2125,379
2126,218
2127,212
2128,245
2129,209
2130,191
2131,211
2132,230
2133,295
2134,324
2135,217
2136,188
2137,209
2138,278
2139,235
2140,315
2141,357
2142,344
2143,598
2144,355
2145,298
2146,276
2147,262
2148,235
2149,449
2150,355
2151,505
2152,273
2153,408
2154,385
2155,232
2156,215
2157,215
2158,220
2159,191
2160,201
2161,221
2162,150
2163,164
2164,111
2165,119
2166,92
2167,150
2168,150
2169,153
2170,172
2171,327
2172,356
2173,546
2174,420
2175,620
2176,435
2177,540
2178,413
2179,293
2180,448
2181,690
2182,387
2183,407
2184,415
2185,445
2186,412
2187,1665
2188,691
2189,476
2190,524
2191,367
2192,483
2193,410
2194,344
2195,429
2196,371
2197,379
2198,249
2199,225
2200,249
2201,295
2202,284
2203,116
2204,104
2205,84
2206,154
2207,264
2208,217
2209,258
2210,431
2211,178
2212,208
2213,322
2214,282
2215,167
2216,214
2217,168
2218,239
2219,256
2220,355
2221,180
2222,113
2223,123
2224,125
2225,125
2226,144
2227,168
2228,158
2229,159
2230,149
2231,110
2232,178
2233,170
2234,178
2235,140
2236,141
2237,161
2238,251
2239,207
2240,248
2241,212
2242,172
2243,142
2244,107
2245,163
2246,121
2247,108
2248,78
2249,196
2250,175
2251,206
2252,235
2253,237
2254,177
2255,191
2256,162
2257,142
2258,266
2259,365
2260,419
2261,415
2262,336
2263,339
2264,358
2265,318
2266,263
2267,315
2268,333
2269,344
2270,474
2271,483
2272,308
2273,309
2274,270
2275,301
2276,373
2277,387
2278,328
2279,321
2280,275
2281,358
2282,433
2283,224
2284,106
2285,246
2286,327
2287,246
2288,172
2289,220
2290,233
2291,294
2292,210
2293,219
2294,158
2295,69
2296,87
2297,86
2298,125
2299,260
2300,412
2301,403
2302,339
2303,253
2304,202
2305,188
2306,203
2307,318
2308,359
2309,368
2310,302
2311,209
2312,342
2313,358
2314,195
2315,200
2316,182
2317,175
2318,147
2319,149
2320,276
2321,181
2322,274
2323,260
2324,187
2325,101
2326,136
2327,163
2328,182
2329,180
2330,139
2331,120
2332,188
2333,152
2334,118
2335,244
2336,192
2337,172
2338,183
2339,192
2340,138
2341,137
2342,129
2343,97
2344,142
2345,170
2346,228
2347,187
2348,229
2349,106
2350,139
2351,161
2352,174
2353,186
2354,136
2355,164
2356,119
2357,172
2358,186
2359,127
2360,179
2361,209
2362,193
2363,209
2364,168
2365,89
2366,64
2367,65
2368,115
2369,110
2370,106
2371,91
2372,76
2373,172
2374,75
2375,62
2376,66
2377,91
2378,155
2379,47
2380,37
2381,29
2382,40
2383,42
2384,78
2385,87
2386,90
2387,141
2388,79
2389,74
2390,122
2391,100
2392,44
2393,47
2394,48
2395,58
2396,99
2397,70
2398,39
2399,41
2400,38
2401,92
2402,346
2403,247
2404,286
2405,389
2406,523
2407,107
2408,385
2409,117
2410,243
2411,303
2412,353
2413,216
2414,32
2415,69
2416,64
2417,136
2418,84
2419,68
2420,55
2421,28
2422,53
2423,77
2424,56
2425,60
2426,80
2427,53
2428,90
2429,127
2430,80
2431,53
2432,68
2433,51
2434,43
2435,54
2436,26
2437,33
2438,11
2439,18
2440,27
2441,26
2442,21
2443,40
2444,23
2445,27
2446,43
2447,26
2448,29
2449,38
2450,68
2451,69
2452,99
2453,254
2454,243
2455,286
2456,214
2457,134
2458,128
2459,171
2460,108
2461,52
2462,91
2463,59
2464,71
2465,146
2466,91
2467,77
2468,77
2469,241
2470,172
2471,156
2472,293
2473,421
2474,414
2475,375
2476,353
2477,351
2478,445
2479,397
2480,442
2481,286
2482,279
2483,333
2484,375
2485,303
2486,456
2487,279
2488,268
2489,241
2490,304
2491,306
2492,273
2493,301
2494,263
2495,352
2496,320
2497,352
2498,322
2499,248
2500,227
2501,263
2502,214
2503,201
2504,197
2505,203
2506,249
2507,276
2508,282
2509,159
2510,157
2511,203
2512,225
2513,317
2514,526
2515,579
2516,351
2517,275
2518,276
2519,225
2520,408
2521,500
2522,371
2523,395
2524,297
2525,196
2526,191
2527,243
2528,202
2529,183
2530,271
2531,223
2532,293
2533,201
2534,156
2535,112
2536,98
2537,147
2538,247
2539,149
2540,163
2541,167
2542,214
2543,143
2544,151
2545,114
2546,115
2547,88
2548,136
2549,134
2550,163
2551,152
2552,179
2553,128
2554,165
2555,164
2556,137
2557,82
2558,88
2559,114
2560,97
2561,104
2562,151
2563,111
2564,104
2565,139
2566,157
2567,148
2568,107
2569,88
2570,104
2571,124
2572,140
2573,91
2574,49
2575,50
2576,83
2577,80
2578,52
2579,59
2580,76
2581,71
2582,103
2583,83
2584,97
2585,101
2586,85
2587,117
2588,89
2589,101
2590,72
2591,62
2592,124
2593,71
2594,131
2595,169
2596,91
2597,128
2598,171
2599,160
2600,89
2601,77
2602,97
2603,173
2604,214
2605,134
2606,102
2607,73
2608,166
2609,204
2610,128
2611,211
2612,143
2613,131
2614,167
2615,171
2616,243
2617,173
2618,200
2619,136
2620,200
2621,203
2622,201
2623,383
2624,148
2625,86
2626,80
2627,74
2628,185
2629,173
2630,91
2631,99
2632,113
2633,120
2634,204
2635,251
2636,279
2637,215
2638,249
2639,228
2640,276
2641,128
2642,176
2643,383
2644,269
2645,136
2646,131
2647,165
2648,126
2649,100
2650,99
2651,122
2652,181
2653,111
2654,84
2655,82
2656,158
2657,210
2658,74
2659,140
2660,79
2661,159
2662,146
2663,111
2664,262
2665,127
2666,152
2667,95
2668,105
2669,77
2670,146
2671,79
2672,106
2673,78
2674,79
2675,153
2676,154
2677,278
2678,235
2679,199
2680,182
2681,210
2682,126
2683,167
2684,142
2685,113
2686,142
2687,113
2688,78
2689,129
2690,125
2691,159
2692,209
2693,172
2694,113
2695,104
2696,105
2697,68
2698,108
2699,106
2700,65
2701,199
2702,213
2703,114
2704,127
2705,114
2706,134
2707,94
2708,69
2709,122
2710,132
2711,75
2712,115
2713,93
2714,79
2715,141
2716,75
2717,121
2718,98
2719,43
2720,111
2721,92
2722,85
2723,84
2724,55
2725,119
2726,133
2727,132
2728,119
2729,92
2730,104
2731,121
2732,191
2733,103
2734,142
2735,163
2736,109
2737,194
2738,143
2739,251
2740,284
2741,255
2742,193
2743,154
2744,194
2745,209
2746,216
2747,281
2748,268
2749,231
2750,185
2751,213
2752,121
2753,186
2754,153
2755,248
2756,294
2757,264
2758,305
2759,262
2760,192
2761,221
2762,259
2763,250
2764,226
2765,201
2766,265
2767,154
2768,188
2769,414
2770,199
2771,199
2772,244
2773,280
2774,231
2775,201
2776,238
2777,224
2778,194
2779,204
2780,218
2781,333
2782,201
2783,237
2784,107
2785,161
2786,126
2787,131
2788,140
2789,169
2790,48
2791,117
2792,68
2793,88
2794,117
2795,92
2796,54
2797,101
2798,91
2799,108
2800,162
2801,147
2802,51
2803,109
2804,117
2805,93
2806,293
2807,192
2808,343
2809,426
2810,90
2811,137
2812,122
2813,237
2814,145
2815,242
2816,280
2817,399
2818,239
2819,228
2820,250
2821,204
2822,244
2823,281
2824,194
2825,246
2826,240
2827,235
2828,249
2829,205
2830,249
2831,226
2832,227
2833,239
2834,280
2835,339
2836,320
2837,337
2838,357
2839,339
2840,311
2841,357
2842,474
2843,426
2844,450
2845,423
2846,383
2847,318
2848,340
2849,353
2850,280
2851,402
2852,390
2853,412
2854,458
2855,346
2856,317
2857,419
2858,370
2859,414
2860,315
2861,437
2862,403
2863,376
2864,286
2865,256
2866,235
2867,371
2868,300
2869,371
2870,274
2871,311
2872,216
2873,312
2874,330
2875,351
2876,281
2877,333
2878,291
2879,267
2880,324
2881,259
2882,179
2883,213
2884,154
2885,180
2886,105
2887,185
2888,176
2889,183
2890,245
2891,225
2892,167
2893,148
2894,162
2895,183
2896,165
2897,194
2898,170
2899,203
2900,227
2901,200
2902,157
2903,276
2904,325
2905,220
2906,169
2907,218
2908,257
2909,267
2910,230
2911,276
2912,237
2913,253
2914,254
2915,224
2916,237
2917,261
2918,275
2919,282
2920,205
2921,282
2922,248
2923,233
2924,222
2925,169
2926,161
2927,212
2928,220
2929,216
2930,252
2931,240
2932,390
2933,296
2934,198
2935,296
2936,345
2937,332
2938,449
2939,218
2940,254
2941,314
2942,241
2943,422
2944,170
2945,157
2946,185
2947,263
2948,215
2949,153
2950,205
2951,103
2952,85
2953,103
2954,109
2955,115
2956,99
2957,140
2958,207
2959,256
2960,225
2961,128
2962,154
2963,129
2964,127
2965,176
2966,152
2967,181
2968,179
2969,230
2970,200
2971,264
2972,262
2973,295
2974,248
2975,236
2976,240
2977,294
2978,291
2979,369
2980,377
2981,303
2982,235
2983,274
2984,273
2985,238
2986,263
2987,230
2988,255
2989,261
2990,183
2991,278
2992,325
2993,268
2994,240
2995,273
2996,144
2997,189
2998,213
2999,201
3000,219
3001,187
3002,156
3003,329
3004,293
3005,213
3006,202
3007,187
3008,201
3009,153
3010,118
3011,166
3012,206
3013,225
3014,163
3015,136
3016,137
3017,140
3018,154
3019,213
3020,166
3021,223
3022,141
3023,200
3024,175
3025,191
3026,156
3027,195
3028,201
3029,231
3030,292
3031,307
3032,378
3033,245
3034,237
3035,277
3036,220
3037,241
3038,365
3039,288
3040,283
3041,313
3042,379
3043,413
3044,436
3045,465
3046,280
3047,300
3048,366
3049,308
3050,308
3051,226
3052,175
3053,264
3054,266
3055,177
3056,220
3057,231
3058,273
3059,211
3060,219
3061,181
3062,89
3063,198
3064,175
3065,137
3066,93
3067,138
3068,141
3069,153
3070,366
3071,289
3072,208
3073,199
3074,197
3075,142
3076,184
3077,232
3078,249
3079,119
3080,174
3081,105
3082,110
3083,114
3084,126
3085,138
3086,84
3087,165
3088,98
3089,105
3090,150
3091,183
3092,107
3093,149
3094,100
3095,138
3096,132
3097,170
3098,158
3099,235
3100,212
3101,247
3102,132
3103,170
3104,145
3105,143
3106,143
3107,119
3108,163
3109,203
3110,149
3111,61
3112,165
3113,175
3114,120
3115,154
3116,192
3117,153
3118,125
3119,126
3120,133
3121,353
3122,278
3123,342
3124,422
3125,345
3126,403
3127,291
3128,711
3129,286
3130,427
3131,237
3132,288
3133,222
3134,272
3135,370
3136,332
3137,287
3138,226
3139,274
3140,276
3141,310
3142,305
3143,326
3144,229
3145,210
3146,289
3147,332
3148,344
3149,464
3150,352
3151,852
3152,307
3153,399
3154,337
3155,332
3156,281
3157,305
3158,252
3159,275
3160,245
3161,191
3162,226
3163,243
3164,247
3165,253
3166,262
3167,195
3168,207
3169,334
3170,436
3171,676
3172,232
3173,176
3174,176
3175,134
3176,359
3177,176
3178,331
3179,118
3180,140
3181,104
3182,95
3183,149
3184,154
3185,187
3186,111
3187,154
3188,155
3189,195
3190,208
3191,171
3192,152
3193,105
3194,178
3195,160
3196,150
3197,159
3198,141
3199,147
3200,133
3201,194
3202,162
3203,190
3204,231
3205,315
3206,255
3207,342
3208,275
3209,496
3210,327
3211,229
3212,228
3213,256
3214,326
3215,290
3216,179
3217,156
3218,156
3219,147
3220,210
3221,226
3222,151
3223,233
3224,228
3225,195
3226,182
3227,159
3228,214
3229,143
3230,71
3231,59
3232,117
3233,144
3234,94
3235,66
3236,87
3237,81
3238,117
3239,92
3240,82
3241,114
3242,58
3243,66
3244,110
3245,129
3246,102
3247,65
3248,49
3249,125
3250,133
3251,116
3252,110
3253,156
3254,194
3255,148
3256,81
3257,121
3258,118
3259,189
3260,111
3261,169
3262,157
3263,137
3264,236
3265,207
3266,290
3267,256
3268,179
3269,177
3270,177
3271,245
3272,257
3273,218
3274,203
3275,233
3276,208
3277,183
3278,198
3279,140
3280,217
3281,214
3282,151
3283,66
3284,134
3285,89
3286,78
3287,79
3288,92
3289,96
3290,84
3291,34
3292,30
3293,31
3294,41
3295,50
3296,45
3297,53
3298,126
3299,103
3300,123
3301,190
3302,100
3303,55
3304,28
3305,20
3306,21
3307,44
3308,60
3309,37
3310,77
3311,68
3312,72
3313,63
3314,80
3315,69
3316,71
3317,68
3318,52
3319,91
3320,41
3321,41
3322,39
3323,60
3324,69
3325,163
3326,68
3327,39
3328,56
3329,60
3330,38
3331,47
3332,73
3333,54
3334,68
3335,91
3336,53
3337,51
3338,59
3339,86
3340,50
3341,51
3342,29
3343,34
3344,51
3345,119
3346,69
3347,79
3348,113
3349,51
3350,51
3351,37
3352,95
3353,58
3354,62
3355,17
3356,63
3357,65
3358,18
3359,30
3360,44
3361,72
3362,83
3363,50
3364,48
3365,30
3366,19
3367,40
3368,48
3369,35
3370,96
3371,30
3372,43
3373,60
3374,40
3375,39
3376,63
3377,86
3378,84
3379,63
3380,212
3381,71
3382,88
3383,99
3384,97
3385,89
3386,79
3387,31
3388,26
3389,28
3390,43
3391,53
3392,60
3393,19
3394,36
3395,53
3396,56
3397,65
3398,46
3399,45
3400,23
3401,50
3402,53
3403,55
3404,45
3405,76
3406,41
3407,35
3408,62
3409,33
3410,29
3411,37
3412,79
3413,39
3414,57
3415,39
3416,31
3417,41
3418,38
3419,28
3420,17
3421,28
3422,42
3423,30
3424,35
3425,18
3426,25
3427,15
3428,11
3429,30
3430,15
3431,21
3432,40
3433,48
3434,25
3435,40
3436,17
3437,37
3438,28
3439,14
3440,63
3441,38
3442,19
3443,46
3444,45
3445,30
3446,33
3447,24
3448,16
3449,82
3450,80
3451,63
3452,47
3453,73
3454,74
3455,44
3456,39
3457,53
3458,43
3459,48
3460,47
3461,41
3462,66
3463,81
3464,32
3465,39
3466,83
3467,72
3468,53
3469,54
3470,70
3471,73
3472,79
3473,65
3474,72
3475,65
3476,44
3477,73
3478,57
3479,205
3480,114
3481,113
3482,93
3483,52
3484,62
3485,53
3486,25
3487,55
3488,64
3489,48
3490,74
3491,39
3492,47
3493,81
3494,60
3495,48
3496,40
3497,39
3498,36
3499,20
3500,24
3501,19
3502,14
3503,82
3504,78
3505,76
3506,46
3507,154
3508,25
3509,17
3510,21
3511,29
3512,49
3513,52
3514,27
3515,32
3516,37
3517,51
3518,41
3519,28
3520,55
3521,42
3522,31
3523,29
3524,53
3525,27
3526,30
3527,53
3528,56
3529,38
3530,27
3531,34
3532,39
3533,48
3534,39
3535,38
3536,44
3537,28
3538,46
3539,32
3540,44
3541,65
3542,111
3543,140
3544,124
3545,83
3546,89
3547,109
3548,36
3549,64
3550,60
3551,32
3552,61
3553,56
3554,41
3555,40
3556,62
3557,55
3558,43
3559,36
3560,46
3561,62
3562,29
3563,5
3564,6
3565,14
3566,12
3567,7
3568,13
3569,15
3570,10
3571,20
3572,27
3573,9
3574,4
3575,1
3576,10
3577,20
3578,7
3579,5
3580,7
3581,6
3582,5
3583,5
3584,9
3585,4
3586,15
3587,9
3588,10
3589,6
3590,3
3591,5
3592,10
3593,5
3594,10
3595,7
3596,2
3597,7
3598,5
3599,6
3600,15
3601,13
3602,7
3603,9
3604,15
3605,3
3606,11
3607,16
3608,26
3609,27
3610,5
3611,3
3612,6
3613,2
3614,6
3615,7
3616,2
3617,7
3618,7
3619,6
3620,7
3621,7
3622,18
3623,3
3624,4
3625,5
3626,9
3627,12
3628,3
3629,3
3630,7
3631,11
3632,22
3633,16
3634,15
3635,33
3636,17
3637,7
3638,12
3639,4
3640,12
3641,6
3642,15
3643,14
3644,5
3645,9
3646,6
3647,6
3648,9
3649,5
3650,13
3651,33
3652,46
3653,32
3654,2
3655,10
3656,5
3657,8
3658,5
3659,10
3660,13
3661,13
3662,6
3663,3
3664,5
3665,6
3666,4
3667,9
3668,6
3669,3
3670,7
3671,19
3672,14
3673,13
3674,16
3675,40
3676,10
3677,9
3678,10
3679,16
3680,22
3681,8
3682,6
3683,9
3684,3
3685,6
3686,22
3687,27
3688,31
3689,41
3690,46
3691,27
3692,30
3693,48
3694,44
3695,17
3696,20
3697,14
3698,12
3699,10
3700,8
3701,8
3702,10
3703,28
3704,3
3705,9
3706,17
3707,18
3708,34
3709,66
3710,25
3711,45
3712,42
3713,47
3714,22
3715,14
3716,6
3717,8
3718,21
3719,6
3720,27
3721,11
3722,4
3723,4
3724,13
3725,12
3726,14
3727,19
3728,109
3729,41
3730,4
3731,7
3732,3
3733,6
3734,6
3735,3
3736,15
3737,10
3738,5
3739,3
3740,1
3741,2
3742,1
3743,46
3744,22
3745,8
3746,39
3747,21
3748,6
3749,2
3750,1
3751,15
3752,52
3753,1
3754,6
3755,7
3756,6
3757,25
3758,22
3759,3
3760,11
3761,6
3762,11
3763,1
3764,4
3765,5
3766,4
3767,3
3768,4
3769,7
3770,7
3771,17
3772,25
3773,37
3774,41
3775,20
3776,24
3777,26
3778,10
3780,2
3781,2
3782,2
3783,3
3784,1
3785,3
3786,2
3787,18
3788,15
3789,8
3790,4
3791,3
3792,3
3793,7
3794,6
3795,6
3796,5
3797,3
3798,2
3799,5
3800,7
3801,22
3802,20
3803,17
3804,26
3805,25
3806,4
3807,17
3808,27
3809,10
3810,19
3811,17
3812,8
3813,5
3814,34
3815,10
3816,4
3817,5
3818,2
3819,6
3820,2
3821,11
3823,4
3824,5
3825,6
3827,8
3828,5
3829,19
3830,9
3831,2
3832,1
3833,9
3834,7
3835,10
3836,3
3837,4
3838,12
3839,12
3840,6
3841,11
3842,12
3843,5
3844,9
3845,16
3846,8
3847,7
3848,7
3849,12
3850,3
3851,5
3853,2
3854,1
3855,3
3856,9
3857,8
3858,8
3859,14
3860,33
3861,19
3862,2
3863,2
3864,4
3865,12
3866,15
3867,20
3868,17
3869,3
3870,4
3871,5
3872,7
3873,35
3874,14
3875,4
3876,2
3879,9
3880,3
3881,10
3882,2
3883,6
3884,1
3885,7
3886,16
3887,34
3888,22
3889,5
3890,5
3891,3
3892,5
3893,3
3894,14
3895,42
3896,6
3897,18
3898,5
3899,11
3900,16
3901,17
3902,2
3903,17
3904,9
3905,10
3906,2
3907,12
3908,16
3909,2
3910,10
3911,25
3912,3
3913,6
3914,7
3915,18
3916,20
3917,47
3918,27
3919,35
3920,16
3921,19
3922,30
3923,25
3924,37
3925,20
3926,29
3927,126
3928,139
3929,27
3930,7
3931,3
3932,7
3933,13
3934,14
3935,19
3936,18
3937,7
3938,11
3939,54
3940,33
3941,29
3942,32
3943,63
3944,9
3945,9
3946,2
3947,20
3948,9
3949,17
3950,48
3951,76
3952,58
3953,35
3954,10
3955,24
3956,15
3957,25
3958,29
3959,12
3960,12
3961,12
3962,14
3963,4
3964,9
3965,7
3966,19
3967,52
3968,3
3969,12
3970,6
3971,2
3972,12
3973,16
3976,4
3977,20
3978,30
3979,27
3980,19
3981,18
3982,5
3983,15
3984,7
3985,2
3986,11
3987,13
3988,11
3989,1
3990,13
3991,3
3992,17
3993,9
3994,2
3995,2
3996,9
3997,35
3998,15
3999,6
4000,14
4001,8
4005,9
4006,18
4007,15
4008,13
4009,14
4010,47
4011,23
4012,5
4013,3
4014,2
4015,12
4016,6
4017,3
4018,9
4019,4
4020,19
4021,5
4022,26
4024,8
4025,12
4026,7
4027,5
4028,6
4029,7
4030,8
4031,10
4032,13
4033,11
4034,17
4035,14
4036,7
4037,32
4038,22
4039,11
4040,19
4041,21
4042,11
4043,6
4044,7
4045,4
4046,6
4047,6
4049,5
4050,29
4051,36
4052,88
4053,62
4054,143
4055,12
4056,2
4057,13
4058,21
4059,1
4060,2
4062,5
4063,1
4064,7
4065,21
4066,30
4067,4
4068,2
4069,15
4070,8
4071,5
4072,6
4074,6
4075,8
4076,8
4077,1
4078,9
4079,14
4080,18
4081,9
4082,7
4084,13
4085,8
4086,4
4087,3
4088,11
4089,4
4090,14
4091,4
4092,13
4093,21
4094,32
4095,5
4096,16
4097,7
4098,4
4099,6
4100,3
4101,4
4102,5
4103,15
4104,8
4105,12
4106,6
4107,8
4108,7
4109,18
4110,16
4111,5
4112,6
4113,1
4114,15
4115,4
4116,2
4117,2
4118,2
4119,4
4120,5
4121,10
4122,2
4123,11
4124,14
4125,14
4126,24
4127,5
4128,12
4129,16
4130,4
4131,4
4132,2
4133,17
4134,16
4135,4
4136,6
4137,21
4138,11
4139,1
4140,5
4141,26
4142,3
4144,5
4145,3
4146,8
4147,7
4148,1
4149,1
4150,15
4151,2
4152,3
4153,3
4154,3
4155,13
4156,33
4157,57
4158,15
4159,18
4161,7
4162,6
4163,6
4164,4
4165,12
4166,10
4167,7
4168,12
4169,1
4170,11
4171,9
4172,33
4173,38
4174,23
4175,40
4176,28
4177,65
4178,71
4179,82
4180,74
4181,76
4182,111
4183,90
4184,36
4185,42
4186,23
4187,85
4188,70
4189,88
4190,69
4191,49
4192,22
4193,36
4194,83
4195,95
4196,46
4197,77
4198,63
4199,43
4200,53
4201,109
4202,54
4203,64
4204,101
4205,64
4206,22
4207,27
4208,35
4209,101
4210,113
4211,133
4212,192
4213,75
4214,17
4215,3
4216,10
4217,17
4218,4
4219,3
4220,4
4221,3
4222,6
4223,16
4224,22
4225,19
4226,1
4227,12
4228,9
4229,2
4230,8
4231,6
4232,12
4233,18
4234,18
4235,6
4236,14
4237,20
4238,31
4239,12
4240,12
4241,13
4242,11
4243,15
4244,8
4245,10
4246,4
4247,7
4248,9
4249,22
4250,27
4251,16
4252,7
4254,13
4255,2
4256,31
4257,25
4258,6
4259,18
4260,6
4261,4
4262,4
4263,3
4264,28
4265,26
4266,21
4267,12
4268,22
4269,19
4270,5
4271,11
4272,9
4273,13
4274,16
4275,12
4276,12
4277,18
4278,14
4279,20
4280,16
4281,21
4282,12
4283,19
4284,32
4285,24
4286,13
4288,11
4289,14
4290,9
4291,10
4292,12
4293,4
4294,4
4296,35
4297,2
4298,2
4299,5
4300,5
4301,13
4302,12
4303,14
4304,17
4305,6
4306,1
4308,13
4310,10
4311,1
4312,12
4313,29
4314,14
4315,6
4316,3
4317,1
4318,8
4319,1
4320,2
4321,5
4322,3
4323,3
4324,2
4325,4
4327,5
4328,12
4329,12
4330,6
4331,5
4332,3
4333,8
4334,9
