0,107039
1,536
2,68
3,96
4,79
5,90
6,37
7,47
8,54
9,74
10,96
11,78
12,190
13,28
14,12
15,19
16,17
17,28
18,30
19,39
20,28
21,15
22,13
23,11
24,3
25,28
26,23
27,16
28,52
29,28
30,12
31,7
32,10
33,14
34,16
35,7
36,26
37,16
38,25
39,8
40,26
41,15
42,25
43,23
44,13
45,29
46,24
47,15
48,17
49,25
50,20
51,13
52,13
53,15
54,25
55,6
56,19
57,52
58,30
59,34
60,22
61,30
62,75
63,63
64,81
65,272
66,75
67,54
68,40
69,67
70,28
71,54
72,78
73,73
74,137
75,44
76,39
77,75
78,69
79,101
80,49
81,65
82,68
83,77
84,137
85,162
86,127
87,93
88,386
89,90
90,100
91,53
92,41
93,91
94,61
95,53
96,67
97,77
98,275
99,98
100,153
101,157
102,159
103,203
104,87
105,185
106,87
107,95
108,76
109,89
110,73
111,98
112,77
113,43
114,80
115,81
116,96
117,130
118,70
119,51
120,49
121,127
122,128
123,48
124,49
125,33
126,302
127,308
128,70
129,109
130,41
131,74
132,67
133,35
134,38
135,61
136,99
137,43
138,30
139,24
140,28
141,29
142,54
143,16
144,34
145,28
146,19
147,59
148,40
149,126
150,44
151,60
152,88
153,93
154,143
155,165
156,67
157,63
158,32
159,75
160,120
161,132
162,156
163,79
164,94
165,92
166,229
167,468
168,155
169,82
170,58
171,61
172,47
173,91
174,46
175,46
176,49
177,42
178,50
179,48
180,86
181,57
182,56
183,48
184,48
185,91
186,88
187,175
188,118
189,156
190,136
191,162
192,244
193,217
194,181
195,146
196,95
197,305
198,142
199,114
200,157
201,151
202,112
203,141
204,95
205,259
206,305
207,228
208,267
209,272
210,165
211,187
212,213
213,163
214,198
215,238
216,468
217,611
218,583
219,344
220,306
221,224
222,209
223,154
224,223
225,473
226,326
227,168
228,175
229,190
230,238
231,371
232,242
233,189
234,128
235,351
236,159
237,124
238,215
239,151
240,162
241,150
242,162
243,66
244,110
245,157
246,124
247,112
248,139
249,185
250,452
251,124
252,129
253,152
254,155
255,138
256,89
257,86
258,109
259,107
260,148
261,191
262,182
263,250
264,225
265,277
266,169
267,267
268,393
269,237
270,305
271,527
272,428
273,318
274,185
275,279
276,283
277,808
278,1616
279,435
280,459
281,407
282,386
283,319
284,224
285,485
286,330
287,347
288,330
289,904
290,469
291,437
292,346
293,407
294,360
295,276
296,242
297,249
298,369
299,211
300,196
301,697
302,499
303,379
304,298
305,271
306,209
307,258
308,258
309,390
310,213
311,252
312,396
313,571
314,646
315,240
316,275
317,348
318,312
319,242
320,189
321,390
322,344
323,518
324,288
325,460
326,413
327,583
328,533
329,396
330,358
331,400
332,314
333,409
334,278
335,305
336,306
337,537
338,497
339,547
340,447
341,310
342,391
343,201
344,311
345,390
346,425
347,362
348,330
349,563
350,417
351,334
352,452
353,154
354,174
355,254
356,320
357,284
358,163
359,198
360,333
361,380
362,245
363,254
364,236
365,314
366,338
367,555
368,866
369,471
370,425
371,510
372,433
373,274
374,268
375,391
376,532
377,436
378,417
379,461
380,513
381,487
382,1120
383,507
384,432
385,469
386,466
387,526
388,531
389,498
390,682
391,839
392,906
393,649
394,716
395,702
396,620
397,804
398,866
399,1493
400,714
401,724
402,786
403,604
404,697
405,704
406,829
407,709
408,951
409,504
410,658
411,783
412,615
413,1435
414,1058
415,1038
416,932
417,1054
418,1023
419,807
420,940
421,957
422,954
423,1030
424,854
425,1187
426,999
427,1011
428,1736
429,874
430,760
431,969
432,901
433,980
434,1557
435,1213
436,1259
437,1631
438,1847
439,1490
440,2206
441,1913
442,1897
443,1668
444,955
445,1033
446,967
447,891
448,954
449,1028
450,953
451,2112
452,1185
453,1016
454,1203
455,1144
456,1768
457,1215
458,1602
459,2065
460,2150
461,1862
462,2553
463,2636
464,2904
465,1801
466,2289
467,2048
468,1875
469,2158
470,2698
471,2331
472,3223
473,3173
474,3000
475,2265
476,2498
477,2063
478,2407
479,2561
480,1959
481,2028
482,2021
483,2628
484,1885
485,1928
486,1923
487,2073
488,2461
489,3239
490,3069
491,3671
492,4021
493,3490
494,3625
495,3567
496,3120
497,3649
498,3291
499,3010
500,5481
501,3564
502,4023
503,3357
504,3874
505,4330
506,4302
507,4274
508,3923
509,4697
510,4153
511,4804
512,5111
513,6237
514,5535
515,5351
516,6564
517,5591
518,5378
519,7170
520,6120
521,7204
522,6659
523,6930
524,6329
525,6029
526,7173
527,7251
528,9435
529,7378
530,7967
531,6795
532,6599
533,6932
534,8036
535,7270
536,7491
537,8028
538,8254
539,9374
540,9357
541,10684
542,10827
543,10112
544,10895
545,10661
546,12399
547,12482
548,12475
549,13271
550,12711
551,14275
552,17855
553,15134
554,15581
555,15035
556,15447
557,16606
558,17627
559,15987
560,18351
561,23776
562,20081
563,22418
564,21524
565,21733
566,29026
567,27912
568,29318
569,37578
570,31520
571,32980
572,33259
573,36893
574,37630
575,41343
576,41317
577,43149
578,46346
579,56526
580,57474
581,60861
582,67408
583,71798
584,93861
585,100037
586,102140
587,120003
588,138693
589,150511
590,162092
591,191798
592,232272
593,277419
594,379166
595,462058
596,586204
597,817615
598,1279852
599,2858590
600,28286702
601,38033
602,26333
603,26643
604,25906
605,27687
606,26878
607,28076
608,27388
609,26864
610,28393
611,26507
612,27149
613,28014
614,26763
615,27786
616,26133
617,24282
618,21151
619,20874
620,19605
621,19531
622,19608
623,18471
624,20855
625,19097
626,18070
627,19176
628,18325
629,18196
630,19437
631,19170
632,16715
633,21281
634,23340
635,22343
636,18851
637,19009
638,17452
639,19201
640,18265
641,16570
642,16448
643,14860
644,14580
645,14066
646,16331
647,19222
648,18488
649,18358
650,18580
651,20716
652,19588
653,15489
654,15240
655,15561
656,18904
657,17730
658,17344
659,18398
660,15401
661,18639
662,15573
663,15695
664,14198
665,16132
666,14956
667,16325
668,17461
669,16947
670,16940
671,19062
672,18043
673,16935
674,15235
675,16473
676,16767
677,17085
678,16587
679,16031
680,15862
681,13228
682,13339
683,12997
684,13474
685,12732
686,11849
687,13077
688,14177
689,16643
690,14877
691,15470
692,15699
693,15773
694,18724
695,16915
696,15727
697,14731
698,11928
699,13366
700,13616
701,14277
702,14664
703,12342
704,12703
705,12854
706,13027
707,11899
708,11494
709,11973
710,10258
711,13246
712,14262
713,14125
714,14877
715,11601
716,12011
717,10274
718,12127
719,11479
720,10516
721,10135
722,9667
723,9165
724,11068
725,9382
726,11687
727,9639
728,9573
729,8674
730,9406
731,9101
732,9901
733,9375
734,10361
735,9677
736,9681
737,9483
738,11258
739,12316
740,12314
741,11143
742,8638
743,9019
744,9465
745,10069
746,10714
747,10401
748,9830
749,9660
750,10086
751,10398
752,8555
753,8331
754,8178
755,9068
756,9874
757,8880
758,9143
759,10245
760,9170
761,8378
762,10476
763,10543
764,8984
765,9312
766,9712
767,12031
768,8843
769,8964
770,8785
771,8976
772,8611
773,9176
774,8792
775,8453
776,7919
777,7506
778,8059
779,7091
780,8063
781,7733
782,8486
783,9127
784,8929
785,9803
786,9886
787,9075
788,10183
789,8262
790,7778
791,7748
792,8419
793,8971
794,8463
795,7584
796,7524
797,8980
798,10186
799,13945
800,15300
801,14070
802,12331
803,10864
804,10359
805,9416
806,7701
807,7376
808,6076
809,6666
810,7826
811,9189
812,9593
813,8434
814,8316
815,10078
816,8089
817,8607
818,8804
819,8911
820,11187
821,10994
822,11877
823,12493
824,14000
825,15494
826,12879
827,12975
828,11261
829,11288
830,13003
831,12388
832,11880
833,11959
834,12502
835,13285
836,14383
837,14563
838,13506
839,12253
840,10769
841,10857
842,9451
843,8648
844,7610
845,9418
846,8674
847,7915
848,9340
849,9893
850,7452
851,8734
852,7928
853,9513
854,10065
855,10813
856,11097
857,10766
858,11777
859,13390
860,11791
861,11390
862,10872
863,10888
864,12329
865,12144
866,15800
867,13544
868,14582
869,14420
870,14004
871,11637
872,12495
873,15041
874,14248
875,11503
876,12277
877,11646
878,13207
879,14322
880,12882
881,13559
882,11285
883,12865
884,12158
885,16422
886,15984
887,14096
888,13361
889,12301
890,15025
891,12411
892,13413
893,10230
894,9594
895,9593
896,9072
897,9108
898,9590
899,11323
900,12634
901,13785
902,14072
903,16193
904,17327
905,21526
906,23761
907,24804
908,26183
909,26479
910,22955
911,21696
912,22564
913,22767
914,18591
915,17746
916,17989
917,16708
918,18276
919,16150
920,14503
921,13601
922,11196
923,9466
924,9384
925,10410
926,10878
927,9779
928,8687
929,10392
930,10157
931,10127
932,9655
933,10060
934,11010
935,10180
936,9951
937,8207
938,7654
939,7631
940,7423
941,8589
942,8463
943,7780
944,7221
945,6193
946,5879
947,6534
948,6579
949,7359
950,7755
951,8896
952,8666
953,7388
954,6759
955,6807
956,6999
957,7708
958,8225
959,8008
960,7323
961,8239
962,7887
963,8101
964,8258
965,8193
966,8011
967,7268
968,7693
969,8330
970,7777
971,8596
972,7423
973,8017
974,7777
975,7385
976,7523
977,6930
978,6942
979,8231
980,7195
981,6831
982,7046
983,7888
984,6394
985,6781
986,7272
987,7408
988,7331
989,7537
990,7204
991,8266
992,7425
993,6348
994,6644
995,6797
996,5907
997,6639
998,7415
999,7410
1000,7811
1001,7366
1002,7483
1003,7190
1004,6909
1005,7716
1006,6721
1007,6142
1008,6702
1009,7052
1010,7083
1011,6658
1012,5563
1013,5434
1014,5957
1015,6637
1016,6144
1017,5371
1018,5753
1019,5839
1020,5854
1021,5900
1022,6033
1023,5991
1024,5732
1025,6200
1026,5384
1027,5746
1028,5534
1029,5606
1030,5732
1031,5611
1032,5348
1033,5062
1034,4902
1035,4766
1036,5580
1037,6310
1038,5478
1039,5632
1040,5977
1041,6093
1042,5611
1043,6454
1044,6731
1045,7383
1046,8342
1047,8206
1048,8099
1049,7367
1050,7040
1051,6809
1052,6348
1053,6020
1054,6133
1055,6605
1056,7500
1057,5868
1058,5581
1059,5825
1060,5987
1061,6016
1062,5771
1063,5697
1064,5876
1065,6594
1066,6298
1067,7226
1068,8054
1069,7631
1070,6205
1071,6086
1072,6098
1073,6394
1074,6510
1075,5995
1076,5976
1077,5368
1078,5151
1079,5301
1080,5659
1081,5546
1082,5373
1083,6245
1084,6645
1085,5621
1086,6590
1087,6298
1088,5717
1089,6046
1090,6090
1091,7969
1092,7740
1093,6321
1094,5635
1095,5568
1096,5142
1097,4785
1098,4537
1099,4173
1100,4186
1101,4995
1102,5314
1103,5622
1104,5488
1105,7591
1106,7870
1107,6283
1108,6647
1109,7255
1110,6489
1111,5514
1112,5791
1113,5526
1114,6690
1115,5291
1116,5985
1117,5153
1118,5252
1119,5467
1120,5976
1121,6171
1122,5668
1123,5780
1124,5389
1125,5543
1126,5054
1127,4584
1128,4797
1129,4461
1130,4565
1131,6218
1132,6444
1133,6113
1134,6495
1135,6380
1136,5635
1137,5836
1138,6063
1139,5611
1140,5335
1141,4675
1142,4537
1143,5038
1144,4236
1145,4453
1146,5211
1147,5150
1148,6029
1149,6504
1150,5710
1151,5755
1152,4843
1153,5716
1154,5104
1155,5108
1156,4761
1157,5843
1158,5421
1159,4874
1160,5328
1161,4954
1162,5401
1163,5155
1164,5973
1165,5166
1166,4889
1167,5534
1168,5234
1169,4456
1170,4428
1171,4367
1172,4124
1173,4366
1174,4862
1175,5088
1176,5064
1177,4186
1178,3771
1179,4087
1180,4210
1181,4531
1182,4324
1183,4335
1184,3745
1185,3443
1186,3848
1187,3854
1188,4424
1189,3746
1190,3931
1191,4229
1192,3482
1193,3527
1194,4242
1195,3278
1196,3472
1197,2990
1198,2974
1199,3966
1200,4249
1201,4089
1202,3607
1203,4104
1204,4933
1205,4083
1206,3943
1207,3822
1208,3894
1209,4385
1210,5586
1211,5153
1212,4493
1213,4410
1214,4443
1215,5217
1216,5257
1217,5608
1218,6676
1219,6735
1220,6592
1221,6647
1222,11087
1223,6910
1224,7483
1225,7300
1226,7034
1227,6209
1228,5765
1229,6280
1230,5952
1231,5836
1232,6283
1233,6381
1234,7580
1235,7755
1236,7238
1237,8486
1238,8429
1239,10184
1240,9914
1241,8957
1242,7819
1243,7040
1244,6409
1245,5708
1246,6012
1247,6441
1248,5060
1249,5543
1250,6169
1251,7389
1252,7845
1253,8346
1254,8050
1255,8879
1256,9290
1257,9998
1258,9826
1259,9454
1260,9236
1261,8420
1262,7661
1263,7083
1264,6726
1265,9183
1266,6772
1267,7875
1268,7672
1269,7860
1270,7920
1271,8141
1272,8280
1273,6514
1274,5356
1275,5467
1276,4534
1277,5700
1278,6067
1279,6308
1280,5424
1281,4450
1282,4552
1283,4294
1284,4881
1285,5127
1286,4551
1287,4112
1288,4751
1289,4935
1290,5490
1291,5457
1292,4781
1293,4115
1294,4047
1295,4238
1296,4133
1297,4416
1298,5372
1299,5490
1300,5368
1301,6004
1302,5290
1303,4987
1304,4693
1305,4975
1306,5746
1307,4805
1308,4589
1309,5077
1310,4870
1311,6494
1312,5056
1313,3903
1314,3274
1315,4337
1316,5687
1317,6115
1318,5441
1319,5676
1320,4787
1321,4748
1322,4452
1323,4910
1324,5253
1325,6064
1326,5153
1327,4743
1328,5395
1329,4867
1330,5207
1331,4273
1332,4742
1333,4393
1334,3429
1335,3435
1336,3341
1337,3329
1338,4432
1339,4434
1340,3664
1341,2909
1342,3175
1343,3191
1344,4045
1345,5152
1346,5154
1347,5452
1348,4753
1349,4341
1350,3915
1351,3161
1352,3534
1353,3829
1354,4105
1355,2899
1356,3552
1357,4507
1358,4158
1359,3981
1360,3543
1361,4983
1362,4255
1363,3279
1364,3557
1365,3880
1366,5374
1367,4007
1368,2985
1369,3001
1370,4000
1371,4087
1372,3324
1373,3074
1374,3240
1375,3976
1376,3170
1377,4065
1378,5040
1379,4719
1380,5385
1381,4442
1382,5371
1383,4176
1384,4320
1385,4804
1386,4751
1387,3310
1388,2589
1389,2691
1390,4205
1391,3723
1392,3587
1393,4681
1394,4636
1395,4671
1396,4727
1397,4160
1398,3805
1399,3038
1400,3219
1401,3953
1402,3640
1403,5195
1404,4282
1405,3938
1406,3997
1407,4374
1408,3621
1409,4213
1410,5268
1411,6178
1412,5364
1413,4872
1414,5364
1415,6343
1416,5155
1417,5377
1418,5567
1419,5160
1420,4837
1421,5510
1422,5507
1423,5269
1424,5405
1425,5084
1426,4598
1427,3674
1428,3284
1429,3415
1430,3184
1431,3045
1432,4495
1433,4759
1434,5276
1435,4252
1436,4132
1437,4913
1438,3852
1439,3449
1440,3541
1441,3902
1442,4242
1443,3307
1444,3829
1445,3509
1446,3167
1447,4176
1448,3387
1449,3149
1450,3764
1451,4066
1452,3369
1453,3680
1454,3633
1455,3147
1456,4461
1457,5205
1458,4440
1459,4188
1460,3184
1461,3006
1462,4063
1463,3619
1464,4460
1465,4735
1466,3774
1467,3893
1468,3716
1469,3573
1470,4373
1471,3778
1472,3216
1473,3539
1474,2534
1475,3282
1476,2569
1477,3941
1478,3739
1479,4690
1480,4754
1481,3989
1482,5124
1483,5147
1484,4919
1485,4319
1486,3682
1487,4227
1488,4746
1489,4832
1490,4651
1491,4470
1492,4418
1493,3095
1494,2987
1495,3142
1496,2514
1497,2652
1498,2618
1499,2430
1500,2453
1501,2160
1502,2930
1503,2491
1504,2578
1505,2162
1506,3154
1507,2001
1508,2783
1509,2459
1510,2899
1511,2519
1512,3434
1513,3861
1514,4421
1515,3345
1516,3350
1517,2681
1518,3475
1519,2695
1520,3184
1521,3353
1522,3813
1523,4030
1524,3013
1525,4198
1526,3410
1527,3639
1528,4118
1529,4127
1530,3563
1531,4338
1532,2864
1533,3630
1534,2863
1535,3066
1536,2749
1537,3135
1538,2685
1539,2890
1540,3002
1541,2708
1542,3014
1543,2450
1544,3159
1545,2590
1546,2757
1547,2076
1548,3034
1549,2790
1550,3269
1551,2459
1552,3336
1553,3063
1554,3233
1555,2858
1556,3173
1557,2814
1558,2952
1559,2859
1560,2886
1561,3091
1562,2799
1563,3063
1564,2556
1565,2317
1566,2440
1567,2867
1568,3200
1569,2541
1570,2472
1571,2570
1572,2061
1573,2130
1574,2567
1575,2035
1576,2450
1577,2419
1578,2209
1579,3047
1580,3116
1581,2920
1582,3629
1583,3099
1584,3201
1585,2023
1586,2447
1587,2120
1588,1679
1589,2672
1590,2272
1591,2186
1592,2701
1593,2750
1594,3449
1595,3638
1596,4002
1597,2759
1598,1710
1599,1951
1600,1995
1601,2058
1602,2657
1603,3437
1604,2456
1605,1807
1606,1939
1607,1901
1608,3352
1609,2428
1610,1630
1611,1458
1612,1422
1613,3235
1614,1730
1615,2127
1616,1500
1617,1631
1618,2489
1619,2793
1620,2594
1621,2687
1622,2844
1623,2221
1624,3544
1625,2845
1626,2942
1627,2128
1628,2334
1629,2242
1630,2411
1631,2837
1632,3071
1633,2792
1634,2648
1635,2523
1636,3201
1637,2279
1638,2132
1639,2604
1640,1791
1641,2018
1642,1937
1643,1688
1644,2120
1645,2134
1646,2272
1647,3341
1648,2943
1649,1537
1650,1685
1651,3855
1652,2930
1653,2369
1654,2070
1655,2613
1656,2847
1657,2237
1658,2603
1659,2306
1660,1947
1661,2047
1662,2040
1663,2205
1664,1828
1665,1916
1666,2294
1667,2349
1668,2445
1669,2214
1670,3058
1671,1509
1672,2284
1673,2962
1674,2502
1675,1848
1676,1632
1677,1625
1678,2892
1679,1864
1680,1669
1681,1505
1682,1732
1683,1753
1684,2601
1685,1988
1686,2097
1687,2895
1688,2707
1689,3374
1690,4878
1691,3780
1692,3266
1693,2582
1694,2128
1695,2639
1696,2436
1697,2451
1698,2182
1699,3057
1700,2621
1701,2295
1702,2438
1703,2803
1704,2344
1705,2950
1706,2734
1707,3985
1708,3839
1709,4805
1710,4055
1711,3493
1712,4806
1713,5329
1714,5059
1715,3750
1716,2866
1717,2371
1718,2382
1719,2638
1720,2039
1721,2575
1722,2785
1723,2846
1724,2605
1725,2550
1726,2943
1727,3183
1728,1884
1729,3239
1730,3463
1731,4100
1732,4553
1733,4442
1734,3127
1735,2663
1736,2297
1737,1459
1738,1683
1739,2013
1740,1934
1741,2182
1742,1413
1743,2222
1744,2516
1745,1746
1746,2067
1747,2392
1748,2189
1749,3612
1750,3296
1751,3476
1752,3220
1753,3273
1754,2709
1755,1813
1756,2379
1757,2456
1758,2317
1759,2174
1760,2247
1761,2372
1762,2520
1763,2190
1764,1622
1765,1728
1766,1771
1767,2158
1768,1823
1769,1911
1770,2451
1771,2795
1772,2596
1773,2555
1774,1735
1775,2990
1776,2096
1777,4411
1778,3109
1779,3253
1780,2595
1781,2798
1782,3508
1783,3423
1784,3094
1785,3648
1786,2805
1787,3530
1788,3693
1789,2455
1790,2539
1791,2700
1792,2528
1793,2227
1794,2439
1795,2789
1796,1752
1797,1465
1798,1919
1799,2394
1800,2430
1801,2873
1802,2676
1803,2504
1804,3772
1805,3913
1806,3599
1807,3454
1808,3043
1809,3461
1810,3620
1811,3368
1812,2139
1813,2095
1814,2758
1815,2338
1816,1773
1817,2315
1818,2384
1819,2894
1820,2050
1821,2400
1822,1335
1823,1261
1824,970
1825,1369
1826,1719
1827,2064
1828,2237
1829,2812
1830,3526
1831,2741
1832,3250
1833,3702
1834,3093
1835,1775
1836,2324
1837,2626
1838,2820
1839,1849
1840,1933
1841,2061
1842,1900
1843,1178
1844,1022
1845,1098
1846,1017
1847,1715
1848,1802
1849,1555
1850,1681
1851,1786
1852,2363
1853,1468
1854,1983
1855,1513
1856,1464
1857,1864
1858,2122
1859,1663
1860,2408
1861,3631
1862,4110
1863,2542
1864,1901
1865,1710
1866,2212
1867,2139
1868,1943
1869,2322
1870,2631
1871,2170
1872,2143
1873,1957
1874,2451
1875,2583
1876,2412
1877,2860
1878,2803
1879,2617
1880,2601
1881,3160
1882,3496
1883,2902
1884,2451
1885,1981
1886,2028
1887,1563
1888,2076
1889,2627
1890,3090
1891,3856
1892,3395
1893,4030
1894,3303
1895,3061
1896,3211
1897,3054
1898,3863
1899,4731
1900,4088
1901,4123
1902,4119
1903,5469
1904,5440
1905,4539
1906,4998
1907,4974
1908,5307
1909,5833
1910,7284
1911,7076
1912,6883
1913,5291
1914,3739
1915,4234
1916,4648
1917,2978
1918,1716
1919,1232
1920,441
1921,586
1922,851
1923,657
1924,627
1925,710
1926,565
1927,845
1928,949
1929,573
1930,552
1931,749
1932,607
1933,638
1934,682
1935,542
1936,792
1937,879
1938,903
1939,633
1940,770
1941,646
1942,895
1943,928
1944,753
1945,669
1946,473
1947,792
1948,767
1949,730
1950,646
1951,740
1952,753
1953,712
1954,938
1955,898
1956,840
1957,726
1958,527
1959,580
1960,502
1961,549
1962,636
1963,694
1964,658
1965,584
1966,656
1967,500
1968,607
1969,668
1970,871
1971,569
1972,611
1973,767
1974,673
1975,592
1976,571
1977,454
1978,516
1979,645
1980,471
1981,696
1982,710
1983,551
1984,614
1985,837
1986,774
1987,536
1988,487
1989,434
1990,411
1991,559
1992,813
1993,1007
1994,970
1995,411
1996,463
1997,640
1998,716
1999,449
2000,425
2001,553
2002,487
2003,522
2004,608
2005,678
2006,435
2007,437
2008,750
2009,1010
2010,1110
2011,827
2012,929
2013,1023
2014,980
2015,705
2016,615
2017,501
2018,659
2019,547
2020,856
2021,729
2022,863
2023,1025
2024,675
2025,567
2026,549
2027,649
2028,544
2029,825
2030,914
2031,596
2032,607
2033,876
2034,969
2035,767
2036,790
2037,750
2038,371
2039,307
2040,322
2041,378
2042,362
2043,369
2044,392
2045,446
2046,354
2047,323
2048,363
2049,350
2050,552
2051,557
2052,533
2053,466
2054,480
2055,526
2056,480
2057,545
2058,559
2059,582
2060,648
2061,620
2062,812
2063,656
2064,490
2065,580
2066,897
2067,722
2068,709
2069,726
2070,623
2071,524
2072,583
2073,518
2074,562
2075,679
2076,522
2077,1010
2078,1034
2079,669
2080,1306
2081,384
2082,440
2083,439
2084,409
2085,383
2086,414
2087,485
2088,517
2089,529
2090,524
2091,481
2092,541
2093,657
2094,514
2095,413
2096,346
2097,410
2098,425
2099,377
2100,399
2101,452
2102,411
2103,522
2104,630
2105,575
2106,565
2107,520
2108,440
2109,471
2110,458
2111,500
2112,509
2113,392
2114,440
2115,382
2116,486
2117,440
2118,434
2119,461
2120,513
2121,488
2122,476
2123,463
2124,515
2125,546
2126,624
2127,630
2128,546
2129,398
2130,388
2131,377
2132,362
2133,434
2134,481
2135,388
2136,346
2137,410
2138,377
2139,424
2140,626
2141,582
2142,582
2143,705
2144,692
2145,478
2146,571
2147,841
2148,726
2149,673
2150,709
2151,787
2152,855
2153,931
2154,1000
2155,958
2156,1119
2157,1161
2158,1312
2159,825
2160,874
2161,992
2162,845
2163,715
2164,667
2165,789
2166,700
2167,1153
2168,1025
2169,649
2170,655
2171,609
2172,455
2173,470
2174,392
2175,414
2176,412
2177,457
2178,518
2179,782
2180,501
2181,589
2182,653
2183,760
2184,853
2185,856
2186,776
2187,674
2188,668
2189,564
2190,459
2191,515
2192,667
2193,516
2194,742
2195,829
2196,787
2197,685
2198,639
2199,592
2200,767
2201,890
2202,899
2203,1043
2204,890
2205,825
2206,977
2207,754
2208,998
2209,1342
2210,1181
2211,1665
2212,1096
2213,911
2214,1014
2215,1180
2216,2098
2217,1505
2218,1537
2219,1159
2220,1274
2221,1048
2222,846
2223,750
2224,917
2225,813
2226,865
2227,945
2228,893
2229,854
2230,776
2231,761
2232,793
2233,639
2234,697
2235,916
2236,905
2237,656
2238,484
2239,465
2240,519
2241,463
2242,518
2243,332
2244,390
2245,677
2246,699
2247,925
2248,835
2249,593
2250,528
2251,451
2252,536
2253,559
2254,529
2255,489
2256,469
2257,351
2258,475
2259,398
2260,654
2261,558
2262,778
2263,590
2264,512
2265,601
2266,546
2267,732
2268,854
2269,586
2270,641
2271,622
2272,1032
2273,924
2274,867
2275,842
2276,737
2277,801
2278,1189
2279,754
2280,681
2281,642
2282,787
2283,844
2284,817
2285,972
2286,812
2287,838
2288,572
2289,595
2290,610
2291,558
2292,700
2293,886
2294,814
2295,992
2296,1166
2297,895
2298,880
2299,854
2300,898
2301,1090
2302,1044
2303,923
2304,737
2305,834
2306,675
2307,728
2308,859
2309,1374
2310,1096
2311,1070
2312,1134
2313,1258
2314,932
2315,983
2316,1066
2317,1126
2318,1210
2319,834
2320,1444
2321,1581
2322,1600
2323,1634
2324,1376
2325,1434
2326,1454
2327,1454
2328,1727
2329,922
2330,1138
2331,1396
2332,1144
2333,1299
2334,1317
2335,1317
2336,1385
2337,1419
2338,1252
2339,1403
2340,1295
2341,1071
2342,1159
2343,1208
2344,1140
2345,1158
2346,906
2347,806
2348,808
2349,963
2350,821
2351,813
2352,535
2353,789
2354,895
2355,621
2356,602
2357,549
2358,611
2359,722
2360,587
2361,624
2362,606
2363,671
2364,734
2365,740
2366,853
2367,718
2368,836
2369,723
2370,655
2371,824
2372,787
2373,645
2374,650
2375,572
2376,857
2377,650
2378,690
2379,807
2380,633
2381,763
2382,817
2383,861
2384,624
2385,890
2386,673
2387,634
2388,628
2389,494
2390,588
2391,587
2392,577
2393,606
2394,1099
2395,623
2396,499
2397,635
2398,693
2399,717
2400,819
2401,503
2402,698
2403,623
2404,609
2405,657
2406,609
2407,619
2408,416
2409,699
2410,847
2411,683
2412,666
2413,790
2414,834
2415,714
2416,618
2417,671
2418,896
2419,1012
2420,1228
2421,987
2422,891
2423,862
2424,983
2425,951
2426,827
2427,657
2428,790
2429,886
2430,808
2431,1030
2432,978
2433,991
2434,1126
2435,860
2436,665
2437,590
2438,479
2439,634
2440,732
2441,831
2442,720
2443,711
2444,729
2445,425
2446,478
2447,665
2448,542
2449,697
2450,878
2451,1156
2452,925
2453,1613
2454,732
2455,497
2456,514
2457,614
2458,683
2459,846
2460,816
2461,615
2462,629
2463,699
2464,571
2465,632
2466,603
2467,778
2468,937
2469,664
2470,647
2471,382
2472,349
2473,345
2474,400
2475,457
2476,673
2477,806
2478,668
2479,671
2480,545
2481,609
2482,845
2483,713
2484,787
2485,653
2486,612
2487,511
2488,609
2489,728
2490,605
2491,769
2492,683
2493,651
2494,711
2495,1041
2496,1139
2497,1113
2498,1440
2499,1674
2500,1691
2501,1281
2502,1611
2503,1564
2504,1798
2505,1614
2506,1777
2507,1653
2508,1459
2509,1522
2510,2034
2511,1853
2512,1807
2513,1881
2514,1550
2515,1656
2516,1728
2517,2008
2518,1792
2519,1638
2520,1130
2521,1211
2522,901
2523,945
2524,829
2525,1225
2526,1540
2527,972
2528,589
2529,654
2530,632
2531,680
2532,818
2533,788
2534,923
2535,975
2536,1960
2537,789
2538,708
2539,719
2540,949
2541,886
2542,686
2543,609
2544,731
2545,748
2546,637
2547,632
2548,820
2549,797
2550,872
2551,748
2552,642
2553,426
2554,429
2555,480
2556,499
2557,459
2558,475
2559,442
2560,422
2561,499
2562,467
2563,464
2564,493
2565,389
2566,466
2567,390
2568,396
2569,324
2570,395
2571,453
2572,452
2573,372
2574,384
2575,385
2576,378
2577,366
2578,468
2579,463
2580,368
2581,287
2582,354
2583,315
2584,295
2585,340
2586,463
2587,422
2588,378
2589,533
2590,874
2591,744
2592,803
2593,558
2594,508
2595,569
2596,547
2597,707
2598,603
2599,467
2600,444
2601,420
2602,524
2603,466
2604,383
2605,533
2606,572
2607,530
2608,602
2609,753
2610,712
2611,729
2612,747
2613,706
2614,647
2615,834
2616,641
2617,567
2618,440
2619,446
2620,411
2621,369
2622,426
2623,391
2624,313
2625,353
2626,353
2627,369
2628,381
2629,467
2630,390
2631,450
2632,368
2633,535
2634,501
2635,498
2636,576
2637,637
2638,727
2639,527
2640,407
2641,464
2642,430
2643,357
2644,348
2645,300
2646,321
2647,378
2648,361
2649,393
2650,459
2651,325
2652,397
2653,292
2654,413
2655,404
2656,381
2657,406
2658,454
2659,374
2660,335
2661,373
2662,331
2663,376
2664,349
2665,392
2666,308
2667,271
2668,394
2669,498
2670,483
2671,411
2672,373
2673,554
2674,423
2675,299
2676,387
2677,420
2678,408
2679,456
2680,578
2681,511
2682,319
2683,309
2684,296
2685,248
2686,252
2687,412
2688,455
2689,560
2690,552
2691,634
2692,499
2693,433
2694,380
2695,376
2696,441
2697,338
2698,436
2699,422
2700,558
2701,476
2702,577
2703,551
2704,593
2705,457
2706,356
2707,471
2708,407
2709,361
2710,462
2711,423
2712,474
2713,445
2714,440
2715,442
2716,438
2717,580
2718,878
2719,1646
2720,610
2721,649
2722,634
2723,672
2724,718
2725,1109
2726,824
2727,656
2728,595
2729,778
2730,715
2731,617
2732,662
2733,655
2734,776
2735,884
2736,633
2737,479
2738,524
2739,410
2740,432
2741,387
2742,512
2743,437
2744,302
2745,295
2746,361
2747,273
2748,289
2749,226
2750,306
2751,301
2752,246
2753,380
2754,363
2755,297
2756,441
2757,340
2758,437
2759,490
2760,378
2761,314
2762,291
2763,229
2764,154
2765,169
2766,181
2767,183
2768,122
2769,171
2770,209
2771,238
2772,198
2773,220
2774,129
2775,133
2776,171
2777,129
2778,143
2779,160
2780,235
2781,110
2782,56
2783,65
2784,72
2785,81
2786,50
2787,75
2788,175
2789,187
2790,201
2791,200
2792,201
2793,214
2794,215
2795,135
2796,81
2797,70
2798,56
2799,46
2800,66
2801,58
2802,49
2803,63
2804,57
2805,52
2806,84
2807,126
2808,182
2809,153
2810,62
2811,72
2812,91
2813,69
2814,104
2815,67
2816,110
2817,75
2818,51
2819,123
2820,54
2821,65
2822,56
2823,59
2824,40
2825,38
2826,46
2827,62
2828,56
2829,33
2830,43
2831,92
2832,119
2833,97
2834,147
2835,135
2836,67
2837,68
2838,93
2839,75
2840,51
2841,41
2842,54
2843,92
2844,137
2845,188
2846,118
2847,92
2848,76
2849,70
2850,89
2851,67
2852,93
2853,255
2854,435
2855,307
2856,486
2857,703
2858,456
2859,684
2860,494
2861,347
2862,167
2863,142
2864,79
2865,77
2866,77
2867,121
2868,93
2869,62
2870,77
2871,72
2872,73
2873,169
2874,182
2875,125
2876,117
2877,81
2878,88
2879,155
2880,106
2881,96
2882,191
2883,161
2884,83
2885,85
2886,121
2887,121
2888,86
2889,97
2890,104
2891,89
2892,133
2893,182
2894,110
2895,140
2896,130
2897,89
2898,84
2899,158
2900,196
2901,90
2902,103
2903,165
2904,86
2905,81
2906,102
2907,54
2908,77
2909,107
2910,152
2911,119
2912,113
2913,166
2914,69
2915,47
2916,57
2917,72
2918,91
2919,80
2920,172
2921,118
2922,190
2923,268
2924,126
2925,68
2926,51
2927,28
2928,41
2929,30
2930,39
2931,28
2932,12
2933,36
2934,62
2935,96
2936,105
2937,110
2938,140
2939,112
2940,131
2941,108
2942,485
2943,559
2944,508
2945,426
2946,382
2947,598
2948,745
2949,626
2950,492
2951,617
2952,592
2953,315
2954,338
2955,242
2956,402
2957,312
2958,335
2959,296
2960,321
2961,263
2962,276
2963,295
2964,231
2965,302
2966,321
2967,216
2968,305
2969,263
2970,420
2971,314
2972,441
2973,408
2974,311
2975,396
2976,283
2977,340
2978,378
2979,343
2980,254
2981,233
2982,207
2983,124
2984,130
2985,147
2986,219
2987,164
2988,107
2989,80
2990,91
2991,103
2992,76
2993,89
2994,57
2995,197
2996,156
2997,102
2998,89
2999,56
3000,88
3001,67
3002,76
3003,83
3004,93
3005,148
3006,87
3007,40
3008,41
3009,45
3010,64
3011,45
3012,58
3013,75
3014,83
3015,109
3016,88
3017,78
3018,82
3019,69
3020,63
3021,133
3022,75
3023,52
3024,64
3025,68
3026,111
3027,149
3028,142
3029,115
3030,79
3031,101
3032,100
3033,90
3034,128
3035,103
3036,78
3037,73
3038,83
3039,83
3040,104
3041,105
3042,92
3043,134
3044,172
3045,137
3046,107
3047,125
3048,128
3049,72
3050,70
3051,180
3052,120
3053,88
3054,115
3055,147
3056,216
3057,130
3058,165
3059,158
3060,173
3061,174
3062,153
3063,104
3064,173
3065,115
3066,137
3067,110
3068,209
3069,271
3070,199
3071,295
3072,339
3073,276
3074,212
3075,267
3076,146
3077,75
3078,94
3079,72
3080,74
3081,62
3082,109
3083,61
3084,78
3085,116
3086,102
3087,77
3088,84
3089,74
3090,42
3091,102
3092,139
3093,64
3094,69
3095,85
3096,133
3097,128
3098,73
3099,73
3100,80
3101,113
3102,95
3103,56
3104,69
3105,46
3106,47
3107,41
3108,73
3109,79
3110,48
3111,51
3112,64
3113,118
3114,132
3115,79
3116,52
3117,54
3118,96
3119,127
3120,105
3121,50
3122,84
3123,47
3124,35
3125,60
3126,40
3127,33
3128,28
3129,41
3130,50
3131,29
3132,31
3133,31
3134,149
3135,205
3136,109
3137,153
3138,147
3139,61
3140,81
3141,49
3142,106
3143,91
3144,148
3145,208
3146,188
3147,91
3148,78
3149,114
3150,73
3151,68
3152,150
3153,370
3154,362
3155,514
3156,451
3157,401
3158,317
3159,383
3160,421
3161,365
3162,254
3163,320
3164,238
3165,156
3166,234
3167,177
3168,234
3169,515
3170,298
3171,302
3172,310
3173,297
3174,167
3175,156
3176,139
3177,151
3178,270
3179,136
3180,188
3181,236
3182,223
3183,254
3184,202
3185,174
3186,201
3187,234
3188,179
3189,276
3190,186
3191,183
3192,200
3193,209
3194,167
3195,211
3196,196
3197,261
3198,247
3199,261
3200,249
3201,299
3202,319
3203,343
3204,281
3205,230
3206,295
3207,187
3208,199
3209,173
3210,177
3211,122
3212,207
3213,192
3214,176
3215,201
3216,166
3217,246
3218,209
3219,225
3220,290
3221,202
3222,122
3223,196
3224,184
3225,157
3226,263
3227,264
3228,299
3229,231
3230,221
3231,244
3232,263
3233,341
3234,458
3235,600
3236,419
3237,453
3238,366
3239,330
3240,376
3241,387
3242,352
3243,329
3244,448
3245,330
3246,384
3247,418
3248,387
3249,490
3250,240
3251,188
3252,188
3253,244
3254,229
3255,280
3256,196
3257,229
3258,305
3259,248
3260,218
3261,233
3262,283
3263,231
3264,244
3265,218
3266,250
3267,178
3268,263
3269,232
3270,245
3271,153
3272,119
3273,130
3274,285
3275,237
3276,171
3277,231
3278,157
3279,312
3280,272
3281,227
3282,297
3283,254
3284,233
3285,185
3286,169
3287,181
3288,203
3289,162
3290,207
3291,190
3292,246
3293,160
3294,250
3295,149
3296,164
3297,174
3298,204
3299,278
3300,242
3301,180
3302,191
3303,170
3304,159
3305,198
3306,215
3307,219
3308,216
3309,154
3310,138
3311,173
3312,236
3313,289
3314,201
3315,259
3316,320
3317,338
3318,231
3319,257
3320,223
3321,254
3322,372
3323,363
3324,360
3325,321
3326,246
3327,302
3328,268
3329,285
3330,307
3331,311
3332,342
3333,226
3334,368
3335,355
3336,297
3337,299
3338,283
3339,374
3340,402
3341,357
3342,357
3343,468
3344,411
3345,505
3346,521
3347,385
3348,409
3349,409
3350,460
3351,584
3352,441
3353,593
3354,603
3355,464
3356,478
3357,379
3358,340
3359,303
3360,379
3361,475
3362,306
3363,302
3364,337
3365,269
3366,226
3367,282
3368,255
3369,169
3370,150
3371,118
3372,100
3373,143
3374,170
3375,202
3376,185
3377,287
3378,282
3379,196
3380,195
3381,172
3382,129
3383,171
3384,113
3385,95
3386,148
3387,184
3388,154
3389,185
3390,119
3391,139
3392,139
3393,144
3394,232
3395,214
3396,163
3397,189
3398,134
3399,206
3400,221
3401,230
3402,182
3403,171
3404,249
3405,184
3406,232
3407,140
3408,187
3409,151
3410,266
3411,172
3412,221
3413,179
3414,158
3415,145
3416,165
3417,121
3418,113
3419,134
3420,115
3421,202
3422,128
3423,179
3424,149
3425,100
3426,161
3427,181
3428,173
3429,192
3430,231
3431,332
3432,242
3433,238
3434,389
3435,318
3436,576
3437,370
3438,214
3439,251
3440,357
3441,158
3442,134
3443,201
3444,225
3445,148
3446,182
3447,151
3448,158
3449,170
3450,235
3451,176
3452,138
3453,130
3454,101
3455,98
3456,115
3457,116
3458,106
3459,130
3460,205
3461,271
3462,224
3463,175
3464,147
3465,155
3466,125
3467,160
3468,172
3469,178
3470,168
3471,158
3472,210
3473,236
3474,244
3475,156
3476,213
3477,207
3478,177
3479,218
3480,152
3481,196
3482,162
3483,108
3484,175
3485,133
3486,114
3487,119
3488,191
3489,164
3490,183
3491,186
3492,241
3493,272
3494,198
3495,314
3496,383
3497,241
3498,228
3499,142
3500,249
3501,162
3502,154
3503,174
3504,139
3505,126
3506,218
3507,141
3508,191
3509,149
3510,151
3511,119
3512,151
3513,164
3514,164
3515,158
3516,174
3517,230
3518,216
3519,236
3520,202
3521,183
3522,219
3523,214
3524,311
3525,276
3526,294
3527,335
3528,486
3529,443
3530,390
3531,617
3532,632
3533,471
3534,336
3535,312
3536,425
3537,399
3538,374
3539,183
3540,184
3541,263
3542,307
3543,245
3544,237
3545,265
3546,279
3547,199
3548,239
3549,250
3550,327
3551,314
3552,258
3553,280
3554,258
3555,251
3556,206
3557,323
3558,231
3559,211
3560,255
3561,210
3562,205
3563,170
3564,158
3565,253
3566,169
3567,150
3568,260
3569,224
3570,193
3571,238
3572,169
3573,223
3574,278
3575,235
3576,119
3577,106
3578,351
3579,142
3580,103
3581,162
3582,158
3583,231
3584,231
3585,133
3586,165
3587,278
3588,226
3589,359
3590,244
3591,249
3592,231
3593,194
3594,398
3595,244
3596,147
3597,239
3598,242
3599,223
3600,166
3601,168
3602,248
3603,254
3604,202
3605,267
3606,230
3607,192
3608,141
3609,125
3610,144
3611,160
3612,166
3613,175
3614,200
3615,142
3616,173
3617,171
3618,163
3619,171
3620,160
3621,166
3622,170
3623,123
3624,146
3625,138
3626,170
3627,207
3628,180
3629,202
3630,190
3631,181
3632,194
3633,234
3634,204
3635,160
3636,139
3637,191
3638,153
3639,173
3640,86
3641,81
3642,145
3643,142
3644,113
3645,152
3646,124
3647,89
3648,63
3649,58
3650,153
3651,87
3652,103
3653,78
3654,98
3655,80
3656,74
3657,71
3658,69
3659,69
3660,69
3661,169
3662,151
3663,172
3664,76
3665,112
3666,128
3667,112
3668,133
3669,133
3670,122
3671,130
3672,91
3673,254
3674,158
3675,201
3676,174
3677,110
3678,110
3679,232
3680,131
3681,177
3682,207
3683,151
3684,268
3685,283
3686,289
3687,272
3688,333
3689,459
3690,326
3691,326
3692,365
3693,271
3694,310
3695,376
3696,396
3697,369
3698,314
3699,551
3700,569
3701,569
3702,361
3703,402
3704,391
3705,318
3706,198
3707,249
3708,283
3709,461
3710,252
3711,419
3712,288
3713,295
3714,372
3715,253
3716,237
3717,254
3718,290
3719,333
3720,315
3721,249
3722,294
3723,228
3724,312
3725,320
3726,237
3727,282
3728,275
3729,204
3730,189
3731,176
3732,220
3733,135
3734,161
3735,99
3736,66
3737,56
3738,83
3739,63
3740,82
3741,72
3742,67
3743,175
3744,108
3745,69
3746,124
3747,108
3748,137
3749,200
3750,71
3751,51
3752,157
3753,124
3754,110
3755,100
3756,108
3757,139
3758,93
3759,150
3760,130
3761,145
3762,131
3763,154
3764,113
3765,85
3766,104
3767,75
3768,90
3769,52
3770,77
3771,114
3772,99
3773,114
3774,104
3775,120
3776,115
3777,109
3778,100
3779,126
3780,139
3781,158
3782,253
3783,228
3784,220
3785,240
3786,233
3787,184
3788,215
3789,122
3790,102
3791,115
3792,118
3793,152
3794,176
3795,100
3796,47
3797,100
3798,107
3799,39
3800,42
3801,81
3802,105
3803,111
3804,35
3805,42
3806,78
3807,58
3808,56
3809,82
3810,210
3811,157
3812,149
3813,153
3814,102
3815,107
3816,58
3817,70
3818,61
3819,77
3820,70
3821,118
3822,48
3823,47
3824,48
3825,51
3826,65
3827,94
3828,68
3829,70
3830,56
3831,49
3832,67
3833,87
3834,68
3835,68
3836,122
3837,93
3838,59
3839,30
3840,46
3841,36
3842,58
3843,81
3844,79
3845,37
3846,38
3847,41
3848,43
3849,57
3850,54
3851,89
3852,97
3853,153
3854,245
3855,358
3856,175
3857,95
3858,44
3859,32
3860,26
3861,94
3862,117
3863,131
3864,136
3865,82
3866,112
3867,98
3868,71
3869,71
3870,53
3871,24
3872,18
3873,27
3874,24
3875,34
3876,19
3877,17
3878,37
3879,41
3880,25
3881,38
3882,36
3883,32
3884,26
3885,29
3886,33
3887,38
3888,26
3889,37
3890,52
3891,34
3892,44
3893,29
3894,65
3895,28
3896,23
3897,30
3898,21
3899,27
3900,25
3901,17
3902,63
3903,42
3904,26
3905,33
3906,34
3907,35
3908,51
3909,17
3910,25
3911,35
3912,28
3913,31
3914,37
3915,57
3916,65
3917,66
3918,60
3919,57
3920,47
3921,72
3922,66
3923,48
3924,71
3925,72
3926,83
3927,89
3928,107
3929,237
3930,76
3931,65
3932,30
3933,51
3934,37
3935,42
3936,21
3937,21
3938,45
3939,37
3940,32
3941,40
3942,32
3943,34
3944,38
3945,83
3946,53
3947,44
3948,49
3949,42
3950,17
3951,15
3952,33
3953,19
3954,18
3955,45
3956,94
3957,76
3958,82
3959,67
3960,78
3961,23
3962,17
3963,13
3964,15
3965,17
3966,25
3967,39
3968,38
3969,38
3970,18
3971,26
3972,44
3973,19
3974,11
3975,17
3976,31
3977,20
3978,20
3979,14
3980,38
3981,39
3982,55
3983,51
3984,92
3985,170
3986,167
3987,190
3988,172
3989,112
3990,27
3991,27
3992,42
3993,45
3994,69
3995,112
3996,84
3997,58
3998,89
3999,48
4000,39
4001,46
4002,49
4003,51
4004,47
4005,66
4006,45
4007,48
4008,51
4009,47
4010,103
4011,81
4012,160
4013,64
4014,63
4015,52
4016,57
4017,50
4018,34
4019,61
4020,77
4021,40
4022,74
4023,65
4024,25
4025,9
4026,12
4027,22
4028,11
4029,11
4030,14
4031,18
4032,26
4033,16
4034,16
4035,20
4036,15
4037,20
4038,19
4039,14
4040,10
4041,18
4042,28
4043,28
4044,27
4045,15
4046,15
4047,18
4048,28
4049,20
4050,12
4051,35
4052,10
4053,29
4054,18
4055,48
4056,37
4057,49
4058,27
4059,74
4060,71
4061,99
4062,82
4063,66
4064,79
4065,81
4066,55
4067,28
4068,25
4069,30
4070,26
4071,23
4072,44
4073,29
4074,37
4075,34
4076,56
4077,46
4078,34
4079,42
4080,30
4081,28
4082,21
4083,58
4084,56
4085,52
4086,31
4087,35
4088,40
4089,24
4090,49
4091,22
4092,22
4093,47
4094,29
4095,13
4096,24
4097,32
4098,15
4099,16
4100,22
4101,26
4102,31
4103,72
4104,52
4105,29
4106,34
4107,26
4108,33
4109,19
4110,13
4111,29
4112,22
4113,26
4114,5
4115,5
4116,2
4117,3
4118,3
4119,9
4120,3
4121,2
4122,7
4123,7
4124,9
4125,10
4126,3
4127,6
4128,37
4129,7
4130,6
4131,4
4132,11
4133,4
4134,3
4135,8
4136,1
4137,3
4138,2
4139,2
4140,5
4141,14
4142,18
4143,16
4144,3
4145,3
4146,5
4147,8
4148,8
4149,5
4150,7
4151,8
4152,9
4153,7
4154,3
4155,9
4156,16
4157,21
4158,5
4159,8
4160,14
4161,7
4162,5
4163,3
4164,16
4165,12
4166,5
4167,8
4168,8
4169,10
4170,16
4171,16
4172,17
4173,4
4174,1
4175,8
4176,6
4177,7
4178,9
4179,67
4180,104
4181,17
4182,13
4183,11
4184,8
4185,8
4186,8
4187,15
4188,12
4189,4
4190,7
4191,7
4192,5
4193,6
4194,20
4195,59
4196,13
4197,27
4198,37
4199,28
4200,37
4201,36
4202,30
4203,115
4204,44
4205,49
4206,42
4207,35
4208,21
4209,19
4210,7
4211,5
4212,12
4213,3
4214,7
4215,7
4216,7
4217,14
4218,20
4219,14
4220,4
4221,14
4222,14
4223,51
4224,63
4225,35
4226,46
4227,45
4228,21
4229,23
4230,14
4231,4
4232,9
4233,16
4234,37
4235,7
4236,8
4237,10
4238,16
4239,15
4240,15
4241,15
4242,4
4243,7
4244,5
4245,13
4246,37
4247,6
4248,9
4249,9
4250,14
4251,9
4252,7
4253,6
4254,6
4255,5
4256,28
4257,5
4258,21
4259,20
4260,8
4261,20
4262,19
4263,28
4264,6
4265,5
4266,2
4267,5
4268,6
4269,7
4270,7
4271,5
4272,7
4273,19
4274,19
4275,5
4276,7
4277,12
4278,5
4279,6
4280,5
4281,7
4282,4
4283,5
4284,5
4285,9
4286,4
4287,3
4288,10
4289,48
4290,61
4291,28
4292,40
4293,22
4294,18
4295,8
4296,1
4297,1
4298,6
4299,4
4300,6
4301,6
4302,7
4303,8
4304,23
4305,22
4306,9
4307,10
4308,1
4309,4
4310,2
4311,3
4312,5
4313,8
4314,7
4315,3
4316,8
4317,9
4318,23
4319,23
4320,11
4321,5
4322,5
4323,5
4324,7
4325,6
4326,27
4327,27
4328,54
4329,11
4330,14
4331,29
4332,49
4333,31
4334,11
4335,3
4336,6
4337,4
4338,2
4339,6
4340,6
4341,5
4342,8
4343,10
4344,1
4345,8
4346,14
4347,16
4348,6
4349,48
4350,23
4351,5
4353,9
4354,14
4355,31
4356,8
4357,4
4358,7
4359,4
4360,3
4361,7
4362,8
4363,12
4364,19
4365,5
4366,9
4367,2
4368,4
4369,8
4371,3
4372,10
4373,92
4374,89
4375,55
4376,22
4377,9
4378,8
4379,9
4380,6
4381,3
4382,11
4383,3
4384,12
4385,6
4386,25
4387,10
4388,6
4389,8
4390,17
4391,3
4392,22
4393,40
4394,33
4395,49
4396,30
4397,23
4398,12
4399,17
4400,6
4401,2
4402,2
4403,6
4404,9
4405,9
4406,4
4407,6
4408,27
4409,49
4410,6
4411,8
4412,10
4413,8
4414,11
4415,18
4416,28
4417,44
4418,27
4419,69
4420,58
4421,20
4422,5
4423,17
4424,13
4425,12
4426,16
4427,20
4428,29
4429,17
4430,17
4431,7
4432,2
4433,4
4434,8
4435,25
4436,4
4437,4
4438,8
4439,8
4440,1
4441,7
4442,2
4443,8
4444,9
4445,3
4446,4
4447,47
4448,20
4449,15
4450,20
4451,34
4452,27
4453,7
4454,8
4455,3
4456,18
4457,32
4458,15
4459,16
4460,7
4461,8
4462,4
4463,18
4464,15
4465,18
4466,23
4467,16
4468,18
4469,18
4470,7
4471,26
4472,46
4473,3
4474,23
4475,16
4476,11
4477,1
4479,4
4480,3
4481,8
4482,4
4483,18
4484,49
4485,96
4486,166
4487,46
4488,22
4489,9
4490,12
4491,16
4492,21
4493,19
4494,24
4495,19
4496,13
4497,47
4498,21
4499,13
4500,12
4501,11
4502,4
4503,1
4504,9
4505,12
4506,19
4507,8
4508,6
4509,19
4510,22
4511,35
4512,11
4513,7
4514,19
4515,8
4516,19
4517,2
4518,12
4519,2
4520,8
4521,5
4522,11
4523,5
4524,6
4525,30
4526,26
4527,8
4528,3
4529,7
4530,7
4531,2
4533,2
4534,3
4535,7
4536,3
4537,16
4538,3
4539,15
4540,28
4541,11
4542,4
4543,16
4544,11
4545,9
4546,7
4547,13
4548,3
4549,2
4550,13
4551,15
4552,11
4553,24
4554,26
4555,17
4556,38
4557,70
4558,5
4559,4
4560,1
4561,4
4562,9
4563,9
4564,5
4565,6
4566,2
4567,1
4568,7
4569,9
4570,14
4571,8
4572,20
4573,4
4574,11
4575,6
4576,15
4577,8
4578,1
4579,15
4580,15
4581,20
4582,6
4583,6
4584,4
4585,18
4586,40
4587,44
4588,20
4589,4
4590,1
4591,23
4592,16
4593,8
4594,10
4595,8
4596,14
4597,2
4598,1
4599,15
4600,6
4601,19
4602,13
4603,7
4604,11
4605,3
4606,15
4608,2
4609,15
4610,6
4611,12
4612,6
4613,4
4614,20
4615,41
4616,41
4617,43
4618,13
4619,22
4620,8
4621,8
4622,6
4623,18
4624,16
4625,38
4626,63
4627,1
4628,188
4629,287
4630,197
4631,104
4632,104
4633,146
4634,82
4635,80
4636,101
4637,184
4638,259
4639,207
4640,94
4641,42
4642,16
4643,6
4644,3
4645,1
4646,4
4647,8
4648,56
4649,22
4651,9
4652,2
4653,5
4654,8
4655,5
4656,11
4657,2
4658,6
4659,7
4660,54
4661,19
4662,27
4663,4
4664,5
4666,6
4667,3
4668,7
4669,9
4670,5
4671,3
4673,1
4674,5
4675,7
4676,24
4677,70
4678,26
4679,2
4680,10
4681,11
4682,9
4683,6
4684,3
4685,7
4686,4
4687,3
4688,2
4689,7
4690,7
4691,21
4692,8
4693,4
4694,2
4695,7
4696,13
4697,4
4698,17
4699,4
4700,8
4701,8
4702,14
4703,25
4704,6
4705,3
4706,28
4707,12
4708,3
4709,7
4710,13
4711,10
4712,9
4713,7
4714,10
4715,2
4716,1
4717,2
4719,11
4720,4
4721,46
4722,12
4723,17
4724,13
4725,5
4726,11
4727,7
4728,10
4729,9
4730,6
4731,18
4732,6
4733,16
4734,24
4735,1
4736,27
4737,12
4738,11
4739,10
4740,1
4741,9
4743,5
4744,13
4745,18
4746,18
4747,30
4748,48
4749,29
4750,28
4751,33
4752,16
4753,15
4754,13
4755,7
4756,9
4757,14
4758,21
4759,15
4760,10
4761,20
4762,33
4763,25
4764,7
4765,2
4766,3
4767,2
4768,2
4769,39
4770,23
4771,6
4772,19
4773,65
4774,32
4775,17
4776,11
4777,8
4778,10
4779,17
4780,6
4781,3
4782,9
4783,10
4784,8
4785,10
4786,23
4787,6
4788,13
4789,5
4790,4
4791,14
4792,3
4793,13
4794,41
4795,5
4796,10
4797,11
4799,4
4800,23
4801,16
4802,5
4803,8
4804,2
4806,6
4807,21
4808,4
4809,5
4810,1
4811,1
4812,15
4813,19
4814,40
4815,3
4816,6
4817,4
4818,16
4819,7
4820,5
4821,6
4822,2
4823,11
4824,16
4825,9
4826,12
4827,13
4828,15
4829,24
4830,20
4831,39
4832,21
4833,51
4834,30
4835,55
4836,36
4837,59
4838,47
