0,4056688
1,400
2,657
3,633
4,600
5,334
6,261
7,304
8,648
9,658
10,518
11,236
12,270
13,210
14,357
15,438
16,385
17,268
18,254
19,279
20,350
21,152
22,364
23,164
24,230
25,255
26,197
27,199
28,397
29,243
30,288
31,279
32,667
33,281
34,296
35,251
36,234
37,205
38,385
39,280
40,160
41,582
42,474
43,590
44,570
45,767
46,502
47,400
48,473
49,304
50,751
51,442
52,509
53,539
54,547
55,533
56,285
57,526
58,416
59,291
60,259
61,642
62,669
63,392
64,440
65,437
66,171
67,320
68,244
69,1088
70,291
71,336
72,284
73,404
74,406
75,423
76,874
77,304
78,435
79,377
80,303
81,256
82,294
83,235
84,387
85,441
86,506
87,925
88,331
89,323
90,179
91,174
92,197
93,310
94,386
95,310
96,346
97,146
98,213
99,244
100,179
101,183
102,102
103,292
104,188
105,143
106,166
107,183
108,128
109,242
110,136
111,150
112,109
113,101
114,231
115,322
116,180
117,129
118,203
119,155
120,208
121,172
122,162
123,208
124,304
125,220
126,702
127,202
128,129
129,164
130,150
131,127
132,157
133,374
134,215
135,191
136,185
137,249
138,685
139,196
140,182
141,111
142,95
143,149
144,73
145,164
146,106
147,170
148,96
149,248
150,141
151,117
152,172
153,175
154,143
155,124
156,171
157,218
158,264
159,274
160,296
161,243
162,281
163,287
164,208
165,203
166,179
167,202
168,189
169,230
170,257
171,165
172,206
173,213
174,265
175,226
176,167
177,219
178,131
179,148
180,171
181,242
182,168
183,249
184,150
185,151
186,208
187,193
188,144
189,139
190,210
191,150
192,220
193,407
194,315
195,266
196,294
197,390
198,368
199,295
200,651
201,414
202,400
203,324
204,550
205,488
206,207
207,323
208,497
209,399
210,241
211,393
212,451
213,481
214,287
215,356
216,596
217,343
218,438
219,1099
220,531
221,1297
222,546
223,468
224,517
225,721
226,216
227,162
228,111
229,87
230,184
231,214
232,448
233,359
234,1735
235,764
236,379
237,348
238,504
239,451
240,1579
241,573
242,310
243,259
244,331
245,2037
246,165
247,237
248,245
249,251
250,128
251,139
252,116
253,157
254,204
255,138
256,133
257,255
258,113
259,116
260,118
261,154
262,152
263,198
264,134
265,257
266,91
267,143
268,127
269,83
270,117
271,413
272,130
273,172
274,115
275,163
276,146
277,179
278,183
279,182
280,154
281,252
282,257
283,138
284,160
285,397
286,228
287,263
288,155
289,212
290,240
291,390
292,211
293,157
294,317
295,277
296,233
297,206
298,201
299,212
300,230
301,179
302,285
303,292
304,269
305,331
306,299
307,308
308,170
309,275
310,246
311,353
312,336
313,335
314,221
315,220
316,387
317,271
318,234
319,334
320,351
321,288
322,310
323,363
324,415
325,230
326,258
327,377
328,288
329,760
330,214
331,305
332,540
333,713
334,328
335,312
336,467
337,388
338,265
339,299
340,232
341,368
342,422
343,471
344,528
345,569
346,568
347,605
348,1137
349,276
350,1260
351,400
352,551
353,318
354,339
355,215
356,191
357,245
358,227
359,197
360,262
361,220
362,231
363,195
364,366
365,175
366,232
367,196
368,241
369,307
370,313
371,600
372,242
373,276
374,274
375,253
376,301
377,279
378,266
379,272
380,248
381,271
382,267
383,359
384,423
385,280
386,363
387,384
388,345
389,328
390,292
391,272
392,252
393,437
394,465
395,503
396,164
397,164
398,174
399,260
400,358
401,271
402,385
403,258
404,217
405,250
406,223
407,202
408,1021
409,193
410,236
411,177
412,159
413,227
414,204
415,247
416,258
417,203
418,132
419,118
420,132
421,139
422,316
423,222
424,362
425,214
426,197
427,205
428,264
429,294
430,238
431,729
432,241
433,257
434,139
435,210
436,297
437,196
438,305
439,451
440,311
441,242
442,278
443,245
444,370
445,423
446,517
447,504
448,717
449,250
450,165
451,257
452,365
453,347
454,342
455,258
456,433
457,303
458,249
459,197
460,492
461,279
462,159
463,401
464,254
465,175
466,263
467,263
468,183
469,242
470,200
471,137
472,124
473,182
474,154
475,232
476,472
477,319
478,179
479,167
480,207
481,266
482,216
483,273
484,240
485,224
486,158
487,225
488,275
489,156
490,185
491,233
492,240
493,242
494,179
495,210
496,329
497,326
498,203
499,206
500,192
501,271
502,346
503,549
504,251
505,189
506,182
507,215
508,320
509,153
510,196
511,159
512,245
513,290
514,219
515,298
516,394
517,374
518,312
519,460
520,316
521,863
522,290
523,252
524,368
525,439
526,316
527,311
528,458
529,737
530,427
531,508
532,421
533,809
534,419
535,341
536,255
537,406
538,379
539,458
540,340
541,349
542,353
543,274
544,357
545,346
546,242
547,301
548,182
549,238
550,834
551,1181
552,1164
553,536
554,426
555,517
556,670
557,519
558,1539
559,290
560,278
561,359
562,262
563,1393
564,210
565,281
566,292
567,768
568,241
569,108
570,151
571,160
572,219
573,212
574,201
575,228
576,214
577,241
578,138
579,107
580,166
581,214
582,156
583,170
584,173
585,144
586,152
587,209
588,428
589,177
590,176
591,170
592,211
593,292
594,254
595,204
596,202
597,191
598,216
599,224
600,208
601,221
602,361
603,357
604,365
605,416
606,494
607,493
608,471
609,394
610,378
611,491
612,235
613,299
614,311
615,529
616,739
617,568
618,541
619,538
620,394
621,484
622,322
623,400
624,351
625,588
626,395
627,663
628,516
629,613
630,676
631,473
632,402
633,428
634,352
635,404
636,574
637,318
638,411
639,319
640,303
641,416
642,556
643,586
644,589
645,709
646,564
647,620
648,368
649,497
650,367
651,564
652,372
653,428
654,463
655,424
656,498
657,521
658,401
659,423
660,371
661,410
662,376
663,531
664,523
665,446
666,554
667,477
668,753
669,347
670,448
671,335
672,396
673,654
674,731
675,560
676,847
677,724
678,720
679,567
680,571
681,600
682,590
683,505
684,449
685,572
686,484
687,493
688,771
689,623
690,731
691,589
692,740
693,660
694,718
695,1005
696,1042
697,935
698,880
699,753
700,853
701,640
702,587
703,713
704,629
705,589
706,615
707,550
708,590
709,722
710,622
711,673
712,678
713,741
714,546
715,483
716,284
717,369
718,250
719,252
720,324
721,269
722,424
723,257
724,271
725,286
726,294
727,251
728,259
729,320
730,321
731,295
732,295
733,223
734,260
735,309
736,231
737,422
738,306
739,197
740,298
741,314
742,328
743,333
744,404
745,478
746,265
747,328
748,266
749,390
750,297
751,289
752,238
753,301
754,282
755,380
756,308
757,329
758,286
759,357
760,490
761,308
762,455
763,317
764,221
765,426
766,405
767,318
768,259
769,220
770,198
771,198
772,234
773,404
774,314
775,239
776,241
777,292
778,1219
779,260
780,270
781,273
782,268
783,331
784,268
785,281
786,356
787,470
788,262
789,293
790,242
791,231
792,289
793,262
794,221
795,220
796,287
797,467
798,302
799,299
800,326
801,319
802,329
803,447
804,378
805,484
806,579
807,584
808,543
809,741
810,646
811,476
812,445
813,509
814,461
815,511
816,470
817,627
818,797
819,649
820,544
821,513
822,746
823,709
824,472
825,635
826,816
827,842
828,506
829,588
830,474
831,415
832,1128
833,392
834,627
835,854
836,541
837,649
838,712
839,411
840,463
841,517
842,608
843,706
844,446
845,574
846,525
847,495
848,567
849,595
850,586
851,619
852,444
853,539
854,567
855,537
856,431
857,581
858,498
859,420
860,396
861,543
862,445
863,555
864,687
865,754
866,586
867,862
868,1137
869,827
870,739
871,835
872,932
873,614
874,485
875,653
876,727
877,637
878,1586
879,734
880,678
881,531
882,534
883,567
884,489
885,533
886,474
887,1312
888,803
889,572
890,594
891,571
892,569
893,609
894,731
895,929
896,594
897,844
898,434
899,476
900,586
901,589
902,499
903,576
904,482
905,765
906,534
907,547
908,660
909,655
910,520
911,616
912,721
913,689
914,4274
915,586
916,679
917,518
918,622
919,519
920,580
921,486
922,611
923,772
924,860
925,898
926,916
927,765
928,657
929,1033
930,797
931,2125
932,740
933,789
934,909
935,887
936,1050
937,907
938,771
939,761
940,1136
941,739
942,939
943,729
944,769
945,698
946,872
947,737
948,1088
949,1085
950,719
951,770
952,764
953,830
954,681
955,626
956,709
957,695
958,942
959,888
960,805
961,554
962,1151
963,866
964,1238
965,1022
966,1024
967,947
968,895
969,739
970,894
971,929
972,929
973,1175
974,1335
975,1328
976,1690
977,1623
978,1281
979,1200
980,1372
981,1111
982,1192
983,1620
984,1173
985,1211
986,1359
987,1344
988,1420
989,1220
990,1428
991,1766
992,1613
993,1515
994,1199
995,1268
996,1102
997,2224
998,1327
999,1494
1000,1408
1001,1348
1002,1224
1003,2129
1004,1339
1005,1557
1006,1360
1007,1191
1008,1271
1009,1224
1010,2350
1011,2020
1012,1222
1013,1316
1014,1438
1015,1183
1016,947
1017,773
1018,1161
1019,962
1020,1022
1021,1309
1022,1152
1023,1149
1024,1322
1025,1335
1026,1347
1027,1196
1028,2210
1029,1341
1030,1517
1031,1288
1032,2117
1033,1495
1034,1520
1035,2658
1036,1960
1037,1760
1038,1856
1039,1436
1040,2447
1041,2193
1042,2035
1043,1651
1044,1688
1045,1534
1046,1560
1047,1651
1048,1674
1049,1452
1050,1442
1051,3277
1052,1690
1053,1912
1054,1837
1055,2116
1056,2315
1057,1766
1058,1966
1059,2507
1060,2454
1061,2447
1062,2556
1063,2181
1064,2230
1065,2069
1066,1955
1067,2408
1068,2143
1069,2488
1070,2372
1071,2352
1072,2971
1073,3056
1074,3008
1075,3360
1076,2879
1077,2366
1078,2901
1079,2611
1080,3470
1081,2717
1082,2549
1083,3172
1084,2641
1085,2974
1086,2904
1087,3180
1088,4186
1089,3231
1090,3724
1091,3951
1092,3701
1093,3724
1094,3268
1095,3788
1096,2784
1097,3044
1098,3414
1099,3325
1100,5852
1101,3935
1102,4350
1103,4209
1104,4021
1105,4742
1106,5048
1107,5120
1108,4530
1109,5441
1110,4376
1111,5103
1112,4753
1113,4888
1114,4709
1115,4429
1116,5808
1117,5156
1118,4417
1119,5106
1120,4860
1121,5585
1122,5113
1123,5214
1124,5621
1125,6249
1126,6371
1127,6347
1128,6577
1129,6082
1130,6891
1131,6467
1132,6666
1133,9107
1134,8165
1135,6982
1136,6785
1137,7562
1138,7871
1139,8228
1140,7938
1141,9312
1142,9927
1143,9367
1144,9094
1145,9297
1146,11174
1147,12042
1148,12337
1149,12502
1150,11878
1151,13534
1152,14764
1153,14874
1154,14428
1155,13920
1156,13593
1157,15062
1158,16491
1159,14969
1160,19299
1161,17365
1162,17350
1163,18542
1164,19953
1165,20327
1166,24725
1167,24843
1168,26208
1169,31180
1170,27322
1171,27128
1172,28322
1173,31449
1174,33140
1175,34485
1176,35700
1177,39068
1178,40363
1179,44818
1180,48769
1181,51044
1182,57987
1183,63755
1184,72924
1185,82665
1186,83779
1187,96961
1188,114509
1189,122311
1190,134605
1191,164730
1192,198216
1193,233805
1194,303067
1195,383206
1196,507027
1197,725264
1198,1147159
1199,2664803
1200,25185424
1201,36404
1202,27175
1203,27620
1204,24878
1205,28124
1206,30389
1207,31227
1208,29789
1209,27882
1210,30545
1211,28001
1212,25061
1213,24979
1214,23900
1215,24248
1216,20974
1217,20020
1218,20230
1219,23837
1220,21347
1221,19537
1222,19717
1223,17923
1224,14892
1225,16638
1226,15651
1227,15586
1228,15969
1229,15573
1230,15767
1231,18779
1232,18702
1233,20263
1234,21571
1235,16955
1236,16199
1237,16675
1238,19201
1239,20038
1240,18080
1241,19031
1242,19618
1243,19912
1244,19305
1245,17357
1246,19042
1247,21035
1248,18540
1249,16807
1250,18286
1251,16611
1252,16024
1253,15186
1254,16319
1255,16672
1256,16945
1257,17378
1258,15209
1259,18620
1260,15199
1261,15760
1262,14815
1263,16627
1264,14863
1265,15369
1266,16679
1267,19338
1268,19319
1269,19770
1270,18935
1271,19404
1272,16864
1273,14423
1274,13741
1275,15707
1276,12249
1277,12997
1278,13672
1279,13351
1280,14511
1281,14829
1282,15057
1283,14295
1284,15491
1285,13542
1286,14244
1287,17073
1288,18249
1289,17091
1290,13777
1291,12074
1292,13027
1293,14856
1294,13153
1295,11749
1296,11480
1297,11863
1298,13304
1299,13346
1300,14338
1301,13173
1302,12012
1303,11966
1304,14069
1305,14257
1306,11692
1307,10928
1308,12164
1309,13136
1310,11456
1311,12593
1312,11833
1313,11506
1314,13557
1315,10448
1316,10225
1317,9682
1318,10199
1319,10167
1320,10534
1321,10571
1322,11122
1323,11768
1324,12077
1325,11358
1326,11271
1327,8957
1328,10464
1329,9364
1330,8445
1331,10796
1332,9911
1333,9092
1334,9066
1335,10303
1336,10464
1337,9434
1338,10702
1339,11972
1340,12088
1341,9494
1342,9437
1343,11993
1344,10873
1345,10226
1346,10776
1347,10395
1348,9895
1349,9438
1350,9551
1351,9598
1352,9644
1353,9926
1354,9245
1355,8726
1356,7834
1357,7383
1358,8083
1359,9090
1360,9922
1361,9221
1362,9579
1363,9300
1364,9885
1365,10070
1366,9922
1367,11366
1368,7618
1369,8836
1370,8539
1371,8566
1372,8496
1373,9398
1374,9091
1375,9004
1376,7523
1377,8762
1378,7812
1379,9494
1380,9197
1381,8553
1382,6901
1383,8267
1384,8155
1385,8539
1386,7631
1387,9132
1388,8409
1389,9971
1390,11530
1391,14783
1392,13063
1393,11375
1394,9969
1395,8481
1396,9118
1397,8189
1398,7674
1399,7769
1400,7693
1401,7917
1402,7787
1403,8461
1404,9856
1405,8665
1406,8462
1407,8614
1408,8690
1409,8238
1410,8212
1411,7518
1412,7960
1413,6886
1414,7140
1415,8926
1416,8292
1417,9004
1418,9791
1419,11150
1420,11738
1421,14954
1422,14267
1423,14373
1424,13246
1425,11488
1426,11171
1427,13437
1428,13168
1429,11648
1430,11319
1431,10871
1432,12653
1433,13441
1434,13416
1435,12277
1436,9612
1437,9992
1438,9688
1439,8899
1440,9284
1441,8688
1442,8204
1443,9486
1444,9101
1445,9289
1446,8360
1447,11065
1448,11407
1449,9549
1450,10586
1451,12028
1452,11567
1453,11337
1454,12989
1455,11833
1456,11269
1457,10847
1458,11313
1459,12712
1460,14310
1461,15258
1462,15056
1463,13135
1464,14064
1465,12353
1466,11366
1467,12243
1468,11986
1469,12671
1470,13813
1471,13596
1472,15033
1473,13197
1474,12475
1475,12054
1476,14593
1477,13451
1478,11835
1479,13971
1480,12376
1481,14088
1482,12450
1483,13758
1484,16189
1485,18073
1486,14848
1487,13540
1488,10932
1489,11797
1490,11789
1491,11713
1492,12204
1493,14613
1494,12887
1495,13269
1496,14491
1497,19581
1498,22242
1499,24274
1500,27701
1501,27990
1502,28078
1503,25935
1504,23880
1505,24720
1506,22746
1507,16992
1508,15647
1509,15714
1510,16227
1511,15624
1512,15004
1513,12128
1514,9639
1515,8878
1516,10285
1517,11557
1518,12013
1519,10870
1520,8924
1521,9207
1522,9399
1523,8836
1524,9088
1525,9473
1526,10452
1527,10354
1528,10344
1529,10807
1530,8027
1531,7482
1532,6670
1533,7214
1534,7301
1535,7758
1536,7096
1537,7240
1538,7252
1539,6841
1540,6413
1541,7118
1542,6618
1543,6248
1544,6113
1545,6562
1546,6207
1547,6558
1548,6986
1549,8021
1550,7931
1551,8587
1552,7685
1553,7486
1554,7664
1555,7207
1556,8140
1557,8523
1558,8826
1559,7891
1560,7243
1561,8032
1562,7321
1563,6705
1564,7448
1565,6949
1566,7855
1567,7701
1568,8919
1569,8303
1570,8501
1571,8472
1572,7763
1573,7667
1574,6810
1575,6913
1576,6231
1577,7219
1578,6648
1579,6606
1580,7708
1581,7175
1582,7563
1583,7631
1584,7421
1585,7996
1586,8981
1587,7221
1588,6650
1589,6688
1590,7053
1591,6535
1592,6802
1593,7897
1594,8138
1595,7909
1596,6769
1597,7287
1598,7586
1599,7418
1600,7133
1601,7523
1602,7733
1603,7726
1604,6963
1605,6704
1606,6463
1607,5741
1608,5814
1609,5626
1610,5503
1611,5355
1612,5834
1613,6247
1614,6343
1615,5638
1616,6224
1617,6347
1618,6017
1619,5843
1620,5407
1621,5157
1622,5490
1623,6133
1624,5410
1625,6058
1626,5320
1627,5482
1628,6117
1629,6008
1630,5924
1631,5664
1632,5882
1633,5552
1634,6163
1635,6251
1636,6159
1637,6466
1638,6324
1639,6328
1640,6245
1641,6581
1642,7008
1643,7233
1644,7005
1645,7543
1646,6978
1647,7207
1648,7365
1649,6980
1650,7106
1651,7039
1652,6807
1653,6844
1654,6031
1655,6076
1656,6556
1657,6843
1658,7215
1659,8116
1660,7998
1661,5635
1662,6147
1663,5510
1664,5305
1665,5516
1666,6435
1667,6693
1668,6345
1669,5589
1670,5544
1671,6426
1672,6181
1673,6041
1674,6478
1675,6663
1676,7073
1677,6623
1678,6295
1679,6024
1680,6672
1681,5927
1682,5183
1683,5584
1684,5652
1685,5272
1686,5752
1687,5279
1688,5665
1689,5562
1690,5746
1691,5671
1692,5891
1693,6013
1694,6101
1695,6541
1696,6809
1697,6799
1698,7026
1699,6773
1700,6617
1701,5190
1702,4953
1703,5506
1704,6073
1705,6288
1706,6734
1707,6426
1708,5551
1709,5886
1710,6186
1711,5614
1712,5047
1713,5207
1714,4833
1715,4594
1716,4646
1717,4711
1718,4879
1719,4951
1720,4934
1721,5995
1722,5415
1723,5519
1724,5767
1725,5383
1726,5179
1727,5156
1728,6304
1729,5271
1730,5246
1731,5000
1732,5019
1733,5295
1734,5970
1735,5571
1736,5668
1737,5526
1738,5492
1739,5920
1740,5355
1741,4620
1742,4666
1743,4972
1744,4611
1745,5267
1746,5417
1747,4763
1748,4637
1749,4743
1750,4524
1751,4596
1752,4331
1753,4725
1754,4634
1755,4611
1756,4285
1757,4960
1758,5403
1759,4855
1760,4778
1761,4715
1762,4643
1763,3586
1764,4557
1765,3971
1766,3530
1767,4001
1768,3772
1769,3900
1770,3620
1771,3212
1772,3949
1773,3990
1774,4334
1775,3927
1776,4343
1777,4424
1778,4803
1779,5686
1780,5364
1781,5113
1782,5184
1783,5908
1784,6349
1785,5399
1786,5005
1787,5806
1788,5050
1789,5936
1790,5547
1791,5930
1792,4931
1793,4588
1794,5231
1795,4936
1796,5369
1797,5415
1798,6308
1799,6316
1800,6225
1801,6415
1802,5471
1803,5526
1804,5317
1805,5158
1806,4636
1807,4771
1808,4388
1809,5151
1810,5638
1811,5971
1812,7140
1813,7613
1814,7652
1815,6933
1816,6562
1817,6359
1818,6195
1819,6018
1820,5269
1821,4818
1822,9300
1823,5942
1824,6499
1825,6639
1826,5476
1827,5620
1828,5446
1829,5996
1830,6915
1831,7019
1832,6518
1833,5898
1834,6649
1835,6739
1836,5830
1837,7492
1838,6451
1839,5973
1840,7477
1841,7632
1842,6320
1843,6468
1844,7258
1845,6525
1846,7038
1847,7547
1848,7192
1849,7057
1850,7924
1851,7367
1852,6416
1853,6991
1854,7681
1855,8718
1856,8026
1857,8757
1858,8232
1859,7479
1860,7087
1861,6281
1862,6935
1863,6514
1864,6147
1865,5678
1866,5409
1867,5985
1868,6011
1869,5698
1870,5962
1871,4787
1872,4926
1873,4967
1874,4705
1875,4776
1876,4905
1877,4746
1878,5399
1879,5201
1880,4922
1881,4685
1882,5749
1883,6735
1884,6435
1885,5556
1886,5427
1887,5920
1888,8934
1889,5953
1890,5421
1891,4944
1892,5356
1893,5906
1894,4659
1895,4211
1896,5159
1897,5349
1898,5564
1899,5542
1900,5197
1901,6709
1902,5567
1903,5024
1904,5580
1905,5913
1906,5407
1907,4774
1908,4991
1909,6270
1910,6278
1911,6354
1912,5046
1913,5756
1914,5469
1915,5710
1916,5433
1917,5276
1918,3858
1919,4225
1920,5132
1921,6391
1922,4153
1923,3872
1924,3462
1925,3283
1926,3882
1927,4400
1928,5100
1929,3815
1930,4355
1931,5673
1932,5656
1933,5818
1934,4622
1935,5364
1936,4993
1937,4529
1938,4330
1939,4228
1940,4423
1941,4096
1942,4316
1943,4933
1944,5531
1945,4012
1946,4802
1947,5946
1948,7257
1949,4687
1950,2776
1951,3605
1952,4174
1953,3936
1954,3766
1955,3478
1956,4668
1957,5504
1958,4299
1959,3680
1960,4370
1961,4073
1962,4319
1963,4519
1964,4220
1965,4606
1966,5000
1967,4549
1968,3690
1969,3721
1970,3812
1971,4836
1972,5313
1973,4367
1974,3631
1975,3765
1976,4649
1977,4811
1978,3693
1979,3846
1980,4277
1981,3520
1982,3059
1983,3706
1984,4012
1985,4568
1986,5250
1987,4236
1988,3921
1989,4144
1990,4024
1991,3102
1992,3686
1993,4774
1994,3236
1995,3281
1996,2668
1997,4342
1998,3600
1999,3987
2000,4103
2001,4626
2002,3362
2003,2692
2004,2029
2005,2668
2006,2688
2007,3355
2008,3466
2009,2573
2010,3574
2011,3015
2012,2654
2013,2493
2014,3277
2015,3728
2016,3151
2017,2705
2018,2928
2019,3872
2020,4584
2021,3521
2022,2745
2023,3576
2024,4309
2025,3558
2026,3604
2027,3347
2028,3223
2029,2783
2030,3191
2031,2106
2032,2907
2033,2226
2034,3799
2035,3062
2036,4244
2037,3208
2038,3055
2039,3089
2040,3428
2041,3928
2042,3187
2043,2878
2044,3619
2045,3992
2046,3575
2047,4628
2048,4618
2049,4094
2050,4835
2051,3513
2052,3796
2053,3889
2054,3966
2055,4179
2056,4158
2057,3527
2058,3738
2059,3780
2060,4011
2061,4483
2062,4787
2063,4846
2064,5112
2065,6518
2066,5921
2067,5207
2068,4966
2069,4674
2070,4537
2071,4252
2072,5230
2073,5271
2074,5407
2075,4617
2076,4822
2077,5148
2078,5319
2079,4628
2080,4911
2081,4355
2082,3861
2083,3989
2084,3677
2085,3692
2086,3625
2087,3327
2088,2866
2089,3079
2090,2874
2091,2974
2092,3205
2093,2717
2094,3179
2095,3206
2096,3144
2097,3469
2098,2738
2099,3404
2100,2755
2101,3602
2102,2791
2103,3323
2104,3035
2105,3290
2106,3114
2107,3207
2108,4170
2109,3261
2110,3052
2111,3130
2112,3218
2113,3122
2114,3295
2115,3301
2116,3170
2117,2698
2118,3075
2119,2049
2120,3190
2121,2507
2122,2397
2123,2638
2124,2091
2125,2912
2126,2557
2127,3110
2128,2749
2129,3490
2130,2405
2131,3305
2132,2907
2133,3263
2134,2747
2135,3334
2136,2969
2137,3422
2138,2938
2139,2859
2140,2300
2141,3146
2142,2574
2143,2732
2144,2294
2145,2446
2146,2361
2147,2240
2148,1671
2149,2106
2150,2876
2151,2728
2152,1953
2153,2472
2154,2322
2155,2156
2156,2129
2157,2815
2158,2677
2159,2968
2160,2708
2161,2205
2162,2903
2163,3189
2164,2661
2165,2729
2166,2145
2167,2841
2168,1960
2169,2278
2170,1767
2171,1539
2172,2877
2173,2371
2174,2901
2175,2846
2176,2564
2177,2659
2178,3520
2179,3554
2180,2947
2181,2151
2182,1629
2183,1832
2184,1482
2185,2596
2186,3831
2187,2939
2188,2160
2189,2158
2190,2112
2191,3108
2192,2261
2193,2327
2194,2158
2195,1929
2196,3005
2197,2263
2198,2265
2199,2411
2200,2091
2201,3016
2202,3044
2203,2939
2204,3101
2205,3065
2206,2476
2207,3052
2208,2911
2209,2581
2210,3261
2211,2039
2212,2029
2213,3010
2214,2206
2215,2777
2216,2322
2217,2579
2218,2597
2219,3818
2220,3158
2221,2398
2222,1468
2223,2298
2224,2062
2225,2572
2226,1948
2227,2299
2228,2200
2229,2093
2230,3490
2231,2661
2232,2499
2233,2685
2234,4209
2235,3503
2236,2551
2237,2477
2238,2210
2239,3230
2240,2069
2241,2766
2242,2753
2243,1746
2244,2231
2245,2184
2246,2359
2247,2258
2248,2467
2249,3299
2250,2571
2251,2869
2252,2581
2253,2005
2254,2884
2255,3318
2256,3320
2257,1881
2258,1823
2259,1916
2260,1852
2261,2032
2262,1686
2263,1612
2264,1676
2265,1918
2266,1738
2267,2593
2268,2351
2269,2952
2270,3766
2271,2659
2272,2954
2273,3844
2274,4170
2275,3859
2276,2830
2277,1646
2278,2654
2279,3184
2280,3094
2281,2905
2282,2914
2283,2987
2284,2926
2285,2792
2286,3697
2287,4382
2288,5459
2289,5094
2290,4738
2291,4760
2292,5926
2293,4470
2294,4238
2295,4259
2296,3649
2297,3322
2298,3392
2299,3575
2300,3082
2301,3593
2302,2551
2303,2967
2304,2913
2305,1947
2306,2296
2307,2441
2308,3904
2309,4905
2310,4773
2311,3964
2312,3457
2313,2895
2314,2801
2315,2945
2316,2872
2317,2379
2318,2414
2319,2051
2320,1978
2321,1797
2322,2245
2323,2264
2324,2526
2325,1960
2326,2275
2327,2811
2328,1929
2329,2126
2330,2624
2331,2445
2332,2056
2333,2817
2334,2636
2335,3556
2336,3584
2337,3388
2338,2902
2339,2950
2340,2566
2341,1902
2342,1963
2343,1779
2344,1693
2345,1945
2346,1673
2347,2250
2348,2316
2349,2473
2350,1880
2351,2460
2352,2355
2353,2659
2354,2153
2355,2546
2356,2302
2357,2002
2358,2054
2359,3347
2360,2025
2361,2841
2362,1650
2363,2304
2364,2897
2365,2406
2366,3440
2367,3854
2368,3417
2369,2764
2370,3322
2371,2650
2372,2544
2373,2052
2374,2029
2375,2777
2376,3427
2377,3276
2378,3015
2379,1843
2380,2080
2381,2365
2382,1598
2383,2300
2384,1918
2385,2733
2386,3019
2387,3545
2388,5012
2389,3715
2390,3131
2391,2816
2392,2551
2393,2702
2394,1892
2395,2136
2396,2376
2397,2208
2398,1655
2399,2291
2400,2436
2401,3085
2402,2543
2403,2704
2404,3117
2405,3109
2406,2776
2407,2365
2408,2198
2409,2986
2410,3902
2411,3866
2412,4289
2413,2808
2414,3685
2415,4657
2416,4895
2417,4864
2418,3841
2419,3888
2420,3263
2421,2854
2422,1760
2423,1883
2424,1683
2425,1700
2426,1133
2427,1556
2428,1867
2429,1728
2430,1578
2431,1135
2432,991
2433,1030
2434,1690
2435,1582
2436,1724
2437,1417
2438,1743
2439,1800
2440,1705
2441,2126
2442,1845
2443,3693
2444,3640
2445,3794
2446,1986
2447,2073
2448,1747
2449,1922
2450,2270
2451,2003
2452,2304
2453,2061
2454,2497
2455,2519
2456,2217
2457,2220
2458,2750
2459,2501
2460,2162
2461,2575
2462,2510
2463,2749
2464,2612
2465,2719
2466,1885
2467,1550
2468,1800
2469,1624
2470,971
2471,3073
2472,4391
2473,4361
2474,3509
2475,3412
2476,1932
2477,2098
2478,2344
2479,1741
2480,1442
2481,1433
2482,1203
2483,1613
2484,3161
2485,5290
2486,6772
2487,7411
2488,7388
2489,6431
2490,7487
2491,7798
2492,3990
2493,2887
2494,1251
2495,542
2496,546
2497,417
2498,573
2499,671
2500,730
2501,724
2502,734
2503,717
2504,558
2505,420
2506,577
2507,760
2508,719
2509,400
2510,446
2511,342
2512,537
2513,582
2514,397
2515,357
2516,357
2517,379
2518,522
2519,528
2520,415
2521,600
2522,883
2523,708
2524,720
2525,546
2526,537
2527,503
2528,586
2529,649
2530,542
2531,529
2532,654
2533,759
2534,750
2535,792
2536,592
2537,633
2538,556
2539,555
2540,458
2541,532
2542,777
2543,730
2544,766
2545,912
2546,1199
2547,638
2548,698
2549,774
2550,812
2551,782
2552,810
2553,886
2554,975
2555,1206
2556,1346
2557,1212
2558,770
2559,761
2560,630
2561,685
2562,574
2563,581
2564,505
2565,548
2566,868
2567,1008
2568,895
2569,893
2570,889
2571,757
2572,850
2573,767
2574,527
2575,565
2576,593
2577,777
2578,702
2579,543
2580,467
2581,518
2582,513
2583,549
2584,663
2585,460
2586,474
2587,333
2588,508
2589,550
2590,452
2591,497
2592,713
2593,572
2594,424
2595,481
2596,437
2597,447
2598,537
2599,450
2600,565
2601,917
2602,540
2603,556
2604,534
2605,391
2606,335
2607,475
2608,528
2609,474
2610,462
2611,542
2612,760
2613,570
2614,647
2615,660
2616,661
2617,749
2618,770
2619,571
2620,533
2621,662
2622,550
2623,598
2624,555
2625,582
2626,776
2627,534
2628,634
2629,626
2630,648
2631,698
2632,830
2633,755
2634,570
2635,569
2636,509
2637,417
2638,384
2639,383
2640,652
2641,567
2642,473
2643,327
2644,290
2645,415
2646,469
2647,559
2648,439
2649,408
2650,447
2651,615
2652,651
2653,593
2654,626
2655,703
2656,641
2657,474
2658,501
2659,485
2660,576
2661,450
2662,605
2663,709
2664,697
2665,663
2666,998
2667,1083
2668,1045
2669,714
2670,692
2671,643
2672,541
2673,518
2674,528
2675,519
2676,638
2677,755
2678,626
2679,532
2680,1225
2681,536
2682,462
2683,645
2684,701
2685,633
2686,541
2687,434
2688,519
2689,514
2690,427
2691,346
2692,411
2693,387
2694,493
2695,456
2696,760
2697,876
2698,1009
2699,710
2700,612
2701,566
2702,418
2703,648
2704,800
2705,765
2706,680
2707,609
2708,549
2709,634
2710,653
2711,663
2712,586
2713,588
2714,918
2715,1060
2716,1454
2717,1073
2718,942
2719,961
2720,927
2721,726
2722,540
2723,775
2724,737
2725,685
2726,576
2727,405
2728,493
2729,454
2730,510
2731,330
2732,268
2733,296
2734,444
2735,448
2736,542
2737,380
2738,434
2739,502
2740,494
2741,449
2742,587
2743,565
2744,575
2745,674
2746,539
2747,628
2748,573
2749,544
2750,564
2751,397
2752,614
2753,560
2754,403
2755,497
2756,383
2757,462
2758,436
2759,533
2760,587
2761,456
2762,378
2763,358
2764,377
2765,592
2766,719
2767,829
2768,700
2769,762
2770,498
2771,631
2772,675
2773,607
2774,627
2775,746
2776,926
2777,598
2778,532
2779,491
2780,764
2781,623
2782,663
2783,631
2784,542
2785,673
2786,646
2787,586
2788,731
2789,803
2790,854
2791,647
2792,694
2793,684
2794,712
2795,666
2796,1055
2797,894
2798,1157
2799,1020
2800,1050
2801,953
2802,765
2803,594
2804,729
2805,789
2806,942
2807,842
2808,962
2809,1165
2810,898
2811,1633
2812,1064
2813,822
2814,762
2815,846
2816,795
2817,972
2818,858
2819,923
2820,927
2821,775
2822,956
2823,1124
2824,944
2825,752
2826,894
2827,697
2828,1174
2829,939
2830,651
2831,782
2832,1595
2833,921
2834,1049
2835,1198
2836,838
2837,568
2838,588
2839,550
2840,566
2841,502
2842,418
2843,426
2844,318
2845,355
2846,399
2847,504
2848,463
2849,453
2850,582
2851,687
2852,746
2853,821
2854,456
2855,695
2856,626
2857,694
2858,555
2859,586
2860,771
2861,791
2862,604
2863,607
2864,724
2865,899
2866,751
2867,897
2868,1247
2869,1016
2870,1017
2871,1131
2872,868
2873,853
2874,828
2875,1113
2876,762
2877,682
2878,629
2879,677
2880,646
2881,635
2882,582
2883,677
2884,682
2885,903
2886,1021
2887,1252
2888,1247
2889,1299
2890,1318
2891,1169
2892,1171
2893,1067
2894,916
2895,806
2896,1018
2897,967
2898,804
2899,846
2900,835
2901,1159
2902,1236
2903,1346
2904,1414
2905,1017
2906,885
2907,958
2908,973
2909,1100
2910,1156
2911,1191
2912,1059
2913,1327
2914,1652
2915,1851
2916,1609
2917,1582
2918,1001
2919,1710
2920,959
2921,1285
2922,1336
2923,934
2924,1257
2925,1350
2926,1544
2927,1265
2928,1334
2929,1237
2930,995
2931,1018
2932,1197
2933,1256
2934,1126
2935,881
2936,1205
2937,1347
2938,1114
2939,1146
2940,1047
2941,950
2942,1061
2943,872
2944,708
2945,679
2946,694
2947,663
2948,681
2949,762
2950,939
2951,808
2952,683
2953,850
2954,857
2955,708
2956,849
2957,681
2958,777
2959,777
2960,704
2961,663
2962,745
2963,820
2964,723
2965,716
2966,649
2967,572
2968,840
2969,838
2970,692
2971,762
2972,954
2973,973
2974,868
2975,1072
2976,1001
2977,924
2978,1117
2979,911
2980,782
2981,788
2982,829
2983,1106
2984,1363
2985,765
2986,662
2987,807
2988,965
2989,985
2990,684
2991,859
2992,608
2993,699
2994,589
2995,582
2996,712
2997,666
2998,895
2999,955
3000,982
3001,808
3002,865
3003,705
3004,612
3005,747
3006,689
3007,575
3008,540
3009,610
3010,651
3011,753
3012,802
3013,706
3014,726
3015,653
3016,641
3017,668
3018,711
3019,663
3020,712
3021,859
3022,940
3023,852
3024,1130
3025,831
3026,740
3027,643
3028,538
3029,450
3030,569
3031,458
3032,501
3033,736
3034,633
3035,766
3036,571
3037,463
3038,553
3039,495
3040,407
3041,609
3042,600
3043,538
3044,1053
3045,699
3046,429
3047,422
3048,453
3049,437
3050,506
3051,601
3052,550
3053,538
3054,564
3055,389
3056,353
3057,442
3058,537
3059,563
3060,557
3061,394
3062,444
3063,416
3064,316
3065,366
3066,530
3067,542
3068,448
3069,564
3070,730
3071,723
3072,627
3073,839
3074,603
3075,700
3076,703
3077,755
3078,676
3079,672
3080,843
3081,670
3082,823
3083,533
3084,674
3085,649
3086,749
3087,877
3088,857
3089,1195
3090,1434
3091,1502
3092,1636
3093,1654
3094,1435
3095,1495
3096,1590
3097,1862
3098,1706
3099,1599
3100,1846
3101,1601
3102,1361
3103,1890
3104,2176
3105,2031
3106,1831
3107,1663
3108,1710
3109,1827
3110,1951
3111,1553
3112,1779
3113,1320
3114,1201
3115,1105
3116,950
3117,1065
3118,1238
3119,1350
3120,1209
3121,777
3122,630
3123,727
3124,632
3125,797
3126,756
3127,1175
3128,1019
3129,1631
3130,1261
3131,969
3132,907
3133,964
3134,1011
3135,787
3136,575
3137,593
3138,478
3139,491
3140,722
3141,820
3142,653
3143,509
3144,440
3145,528
3146,399
3147,405
3148,351
3149,503
3150,470
3151,431
3152,523
3153,414
3154,529
3155,444
3156,366
3157,287
3158,257
3159,474
3160,457
3161,372
3162,324
3163,321
3164,300
3165,309
3166,362
3167,396
3168,384
3169,346
3170,310
3171,437
3172,423
3173,310
3174,318
3175,357
3176,427
3177,399
3178,355
3179,349
3180,438
3181,565
3182,501
3183,779
3184,681
3185,772
3186,592
3187,521
3188,641
3189,521
3190,462
3191,529
3192,526
3193,511
3194,536
3195,544
3196,492
3197,488
3198,468
3199,616
3200,637
3201,634
3202,755
3203,994
3204,1089
3205,1232
3206,1129
3207,993
3208,675
3209,672
3210,593
3211,582
3212,479
3213,686
3214,452
3215,431
3216,451
3217,399
3218,356
3219,419
3220,322
3221,317
3222,340
3223,396
3224,329
3225,499
3226,690
3227,674
3228,473
3229,463
3230,450
3231,666
3232,687
3233,744
3234,611
3235,418
3236,471
3237,481
3238,455
3239,619
3240,669
3241,515
3242,444
3243,312
3244,386
3245,266
3246,445
3247,496
3248,616
3249,424
3250,506
3251,468
3252,610
3253,561
3254,584
3255,625
3256,502
3257,493
3258,537
3259,535
3260,505
3261,578
3262,672
3263,605
3264,641
3265,681
3266,804
3267,761
3268,890
3269,582
3270,531
3271,461
3272,460
3273,611
3274,500
3275,389
3276,612
3277,500
3278,397
3279,409
3280,488
3281,512
3282,417
3283,460
3284,440
3285,459
3286,677
3287,600
3288,534
3289,561
3290,503
3291,403
3292,331
3293,318
3294,316
3295,331
3296,357
3297,472
3298,396
3299,373
3300,499
3301,430
3302,321
3303,311
3304,241
3305,284
3306,378
3307,432
3308,341
3309,350
3310,339
3311,303
3312,726
3313,1109
3314,294
3315,362
3316,323
3317,435
3318,735
3319,526
3320,416
3321,383
3322,339
3323,356
3324,330
3325,360
3326,389
3327,261
3328,276
3329,319
3330,422
3331,382
3332,485
3333,288
3334,258
3335,345
3336,302
3337,229
3338,244
3339,230
3340,193
3341,176
3342,221
3343,192
3344,164
3345,182
3346,143
3347,226
3348,197
3349,223
3350,222
3351,150
3352,244
3353,228
3354,292
3355,286
3356,253
3357,240
3358,323
3359,136
3360,163
3361,91
3362,100
3363,153
3364,200
3365,115
3366,178
3367,131
3368,116
3369,75
3370,132
3371,241
3372,245
3373,251
3374,176
3375,269
3376,214
3377,219
3378,250
3379,175
3380,124
3381,66
3382,50
3383,38
3384,21
3385,20
3386,32
3387,54
3388,60
3389,47
3390,16
3391,31
3392,81
3393,135
3394,223
3395,200
3396,291
3397,336
3398,322
3399,260
3400,181
3401,252
3402,206
3403,304
3404,256
3405,170
3406,198
3407,161
3408,240
3409,190
3410,192
3411,119
3412,61
3413,41
3414,64
3415,48
3416,123
3417,53
3418,76
3419,30
3420,44
3421,48
3422,61
3423,36
3424,91
3425,65
3426,80
3427,81
3428,92
3429,95
3430,86
3431,76
3432,136
3433,101
3434,71
3435,49
3436,81
3437,84
3438,145
3439,91
3440,71
3441,97
3442,76
3443,117
3444,116
3445,134
3446,93
3447,72
3448,69
3449,112
3450,203
3451,164
3452,182
3453,122
3454,148
3455,114
3456,128
3457,58
3458,103
3459,68
3460,64
3461,88
3462,129
3463,134
3464,75
3465,108
3466,93
3467,93
3468,70
3469,190
3470,204
3471,151
3472,105
3473,97
3474,100
3475,154
3476,90
3477,168
3478,209
3479,58
3480,107
3481,110
3482,140
3483,110
3484,100
3485,75
3486,117
3487,139
3488,130
3489,164
3490,109
3491,83
3492,178
3493,110
3494,151
3495,137
3496,41
3497,93
3498,91
3499,153
3500,75
3501,101
3502,124
3503,125
3504,144
3505,128
3506,157
3507,87
3508,72
3509,54
3510,97
3511,108
3512,85
3513,94
3514,149
3515,246
3516,253
3517,83
3518,64
3519,75
3520,67
3521,46
3522,42
3523,50
3524,49
3525,98
3526,113
3527,112
3528,140
3529,136
3530,107
3531,116
3532,138
3533,67
3534,135
3535,129
3536,105
3537,139
3538,122
3539,143
3540,502
3541,568
3542,710
3543,552
3544,671
3545,525
3546,488
3547,579
3548,584
3549,588
3550,562
3551,345
3552,277
3553,276
3554,185
3555,332
3556,427
3557,361
3558,221
3559,210
3560,232
3561,191
3562,278
3563,224
3564,333
3565,438
3566,373
3567,351
3568,329
3569,394
3570,441
3571,225
3572,243
3573,343
3574,346
3575,351
3576,294
3577,182
3578,151
3579,125
3580,112
3581,89
3582,102
3583,123
3584,114
3585,100
3586,75
3587,66
3588,64
3589,66
3590,66
3591,62
3592,73
3593,77
3594,80
3595,87
3596,69
3597,75
3598,59
3599,79
3600,115
3601,147
3602,53
3603,35
3604,47
3605,67
3606,78
3607,78
3608,98
3609,120
3610,138
3611,93
3612,83
3613,105
3614,99
3615,103
3616,92
3617,136
3618,120
3619,80
3620,87
3621,129
3622,106
3623,155
3624,86
3625,70
3626,49
3627,84
3628,66
3629,82
3630,79
3631,85
3632,92
3633,81
3634,79
3635,73
3636,116
3637,99
3638,144
3639,157
3640,152
3641,132
3642,119
3643,117
3644,73
3645,79
3646,56
3647,182
3648,150
3649,147
3650,149
3651,145
3652,192
3653,194
3654,194
3655,171
3656,152
3657,180
3658,92
3659,168
3660,164
3661,185
3662,183
3663,202
3664,236
3665,193
3666,314
3667,429
3668,280
3669,238
3670,229
3671,98
3672,115
3673,128
3674,109
3675,118
3676,84
3677,84
3678,157
3679,107
3680,64
3681,92
3682,91
3683,62
3684,61
3685,72
3686,86
3687,178
3688,149
3689,107
3690,101
3691,127
3692,131
3693,94
3694,88
3695,117
3696,96
3697,104
3698,161
3699,113
3700,100
3701,81
3702,90
3703,84
3704,147
3705,117
3706,136
3707,137
3708,162
3709,132
3710,175
3711,146
3712,194
3713,192
3714,171
3715,215
3716,246
3717,186
3718,115
3719,210
3720,140
3721,112
3722,85
3723,78
3724,69
3725,70
3726,100
3727,91
3728,86
3729,74
3730,159
3731,248
3732,106
3733,135
3734,142
3735,144
3736,115
3737,118
3738,88
3739,103
3740,92
3741,80
3742,107
3743,88
3744,115
3745,120
3746,99
3747,78
3748,101
3749,63
3750,62
3751,126
3752,434
3753,578
3754,642
3755,448
3756,336
3757,333
3758,287
3759,385
3760,438
3761,245
3762,341
3763,282
3764,178
3765,242
3766,294
3767,388
3768,480
3769,337
3770,189
3771,199
3772,187
3773,215
3774,260
3775,317
3776,278
3777,387
3778,372
3779,346
3780,228
3781,407
3782,440
3783,188
3784,218
3785,257
3786,271
3787,166
3788,215
3789,204
3790,159
3791,364
3792,262
3793,226
3794,320
3795,338
3796,256
3797,201
3798,237
3799,272
3800,302
3801,486
3802,381
3803,277
3804,259
3805,366
3806,254
3807,158
3808,215
3809,252
3810,137
3811,153
3812,112
3813,229
3814,342
3815,215
3816,256
3817,286
3818,260
3819,255
3820,215
3821,208
3822,253
3823,217
3824,232
3825,279
3826,228
3827,246
3828,229
3829,216
3830,432
3831,386
3832,679
3833,425
3834,370
3835,337
3836,445
3837,399
3838,368
3839,465
3840,340
3841,358
3842,431
3843,303
3844,269
3845,479
3846,355
3847,232
3848,199
3849,160
3850,195
3851,181
3852,219
3853,284
3854,240
3855,253
3856,254
3857,261
3858,215
3859,268
3860,310
3861,258
3862,224
3863,190
3864,248
3865,178
3866,226
3867,243
3868,260
3869,180
3870,336
3871,354
3872,279
3873,273
3874,250
3875,283
3876,326
3877,339
3878,465
3879,534
3880,492
3881,399
3882,348
3883,311
3884,343
3885,293
3886,324
3887,253
3888,284
3889,269
3890,283
3891,188
3892,232
3893,318
3894,270
3895,225
3896,219
3897,205
3898,170
3899,236
3900,180
3901,156
3902,193
3903,245
3904,194
3905,224
3906,144
3907,166
3908,192
3909,216
3910,207
3911,160
3912,310
3913,245
3914,320
3915,233
3916,222
3917,257
3918,208
3919,212
3920,235
3921,280
3922,196
3923,211
3924,210
3925,183
3926,273
3927,390
3928,299
3929,239
3930,263
3931,317
3932,335
3933,351
3934,325
3935,305
3936,359
3937,304
3938,328
3939,345
3940,306
3941,423
3942,392
3943,286
3944,296
3945,350
3946,368
3947,415
3948,469
3949,407
3950,308
3951,391
3952,304
3953,260
3954,285
3955,235
3956,335
3957,372
3958,193
3959,247
3960,240
3961,240
3962,171
3963,250
3964,178
3965,123
3966,120
3967,71
3968,78
3969,96
3970,135
3971,167
3972,111
3973,136
3974,198
3975,265
3976,163
3977,100
3978,147
3979,155
3980,139
3981,94
3982,125
3983,132
3984,117
3985,143
3986,247
3987,130
3988,126
3989,90
3990,122
3991,281
3992,126
3993,176
3994,137
3995,140
3996,261
3997,198
3998,126
3999,163
4000,166
4001,191
4002,160
4003,186
4004,304
4005,169
4006,192
4007,147
4008,161
4009,191
4010,108
4011,208
4012,185
4013,195
4014,93
4015,139
4016,129
4017,146
4018,166
4019,213
4020,161
4021,129
4022,121
4023,232
4024,146
4025,200
4026,176
4027,262
4028,285
4029,201
4030,355
4031,408
4032,312
4033,478
4034,344
4035,266
4036,362
4037,312
4038,127
4039,161
4040,198
4041,236
4042,183
4043,193
4044,138
4045,209
4046,224
4047,206
4048,155
4049,182
4050,173
4051,142
4052,163
4053,154
4054,212
4055,187
4056,246
4057,355
4058,356
4059,358
4060,231
4061,245
4062,196
4063,160
4064,264
4065,226
4066,238
4067,295
4068,249
4069,310
4070,266
4071,257
4072,144
4073,189
4074,254
4075,194
4076,242
4077,185
4078,151
4079,150
4080,350
4081,174
4082,137
4083,141
4084,208
4085,167
4086,205
4087,199
4088,167
4089,177
4090,200
4091,179
4092,224
4093,193
4094,241
4095,158
4096,162
4097,139
4098,172
4099,139
4100,111
4101,99
4102,150
4103,136
4104,139
4105,173
4106,108
4107,109
4108,107
4109,130
4110,131
4111,154
4112,151
4113,164
4114,180
4115,187
4116,213
4117,232
4118,212
4119,176
4120,267
4121,299
4122,307
4123,261
4124,286
4125,383
4126,422
4127,437
4128,629
4129,429
4130,579
4131,297
4132,308
4133,409
4134,338
4135,291
4136,214
4137,225
4138,275
4139,289
4140,276
4141,295
4142,339
4143,247
4144,198
4145,317
4146,384
4147,257
4148,321
4149,301
4150,291
4151,330
4152,261
4153,268
4154,391
4155,223
4156,265
4157,288
4158,242
4159,230
4160,202
4161,257
4162,279
4163,247
4164,234
4165,437
4166,422
4167,266
4168,215
4169,179
4170,286
4171,222
4172,236
4173,133
4174,162
4175,186
4176,162
4177,95
4178,116
4179,195
4180,117
4181,176
4182,102
4183,166
4184,231
4185,221
4186,164
4187,149
4188,193
4189,99
4190,109
4191,121
4192,233
4193,228
4194,105
4195,131
4196,76
4197,79
4198,108
4199,183
4200,154
4201,150
4202,138
4203,191
4204,159
4205,66
4206,81
4207,57
4208,43
4209,48
4210,92
4211,128
4212,87
4213,72
4214,50
4215,93
4216,111
4217,91
4218,79
4219,66
4220,54
4221,44
4222,72
4223,84
4224,76
4225,96
4226,170
4227,64
4228,94
4229,96
4230,118
4231,146
4232,158
4233,137
4234,121
4235,175
4236,160
4237,118
4238,168
4239,130
4240,102
4241,98
4242,144
4243,184
4244,123
4245,58
4246,73
4247,95
4248,84
4249,129
4250,94
4251,86
4252,88
4253,101
4254,93
4255,73
4256,54
4257,136
4258,84
4259,140
4260,223
4261,83
4262,109
4263,136
4264,84
4265,143
4266,129
4267,159
4268,127
4269,75
4270,218
4271,256
4272,189
4273,154
4274,92
4275,161
4276,193
4277,164
4278,238
4279,184
4280,220
4281,216
4282,184
4283,191
4284,327
4285,410
4286,367
4287,312
4288,296
4289,357
4290,282
4291,281
4292,242
4293,284
4294,266
4295,318
4296,460
4297,462
4298,389
4299,420
4300,449
4301,342
4302,221
4303,253
4304,268
4305,278
4306,230
4307,346
4308,476
4309,459
4310,279
4311,389
4312,265
4313,318
4314,324
4315,239
4316,350
4317,252
4318,259
4319,264
4320,336
4321,303
4322,293
4323,316
4324,223
4325,216
4326,216
4327,171
4328,210
4329,135
4330,145
4331,188
4332,83
4333,87
4334,87
4335,66
4336,92
4337,59
4338,72
4339,160
4340,154
4341,106
4342,137
4343,67
4344,94
4345,146
4346,116
4347,71
4348,72
4349,151
4350,127
4351,124
4352,126
4353,109
4354,130
4355,115
4356,144
4357,121
4358,178
4359,145
4360,84
4361,85
4362,118
4363,88
4364,85
4365,91
4366,57
4367,71
4368,141
4369,171
4370,138
4371,151
4372,150
4373,127
4374,152
4375,167
4376,165
4377,219
4378,206
4379,267
4380,244
4381,287
4382,246
4383,217
4384,332
4385,236
4386,116
4387,118
4388,96
4389,134
4390,175
4391,198
4392,124
4393,97
4394,149
4395,84
4396,46
4397,56
4398,57
4399,49
4400,53
4401,111
4402,37
4403,63
4404,40
4405,69
4406,101
4407,75
4408,170
4409,245
4410,135
4411,112
4412,88
4413,75
4414,85
4415,93
4416,64
4417,66
4418,72
4419,75
4420,76
4421,80
4422,105
4423,116
4424,47
4425,60
4426,76
4427,88
4428,74
4429,52
4430,57
4431,89
4432,121
4433,157
4434,66
4435,57
4436,47
4437,34
4438,36
4439,78
4440,72
4441,70
4442,51
4443,55
4444,58
4445,48
4446,62
4447,44
4448,53
4449,154
4450,182
4451,320
4452,211
4453,115
4454,114
4455,119
4456,27
4457,13
4458,51
4459,93
4460,110
4461,142
4462,100
4463,110
4464,105
4465,98
4466,72
4467,42
4468,44
4469,40
4470,38
4471,30
4472,29
4473,22
4474,21
4475,16
4476,36
4477,42
4478,17
4479,41
4480,39
4481,19
4482,27
4483,26
4484,31
4485,28
4486,14
4487,46
4488,52
4489,34
4490,64
4491,18
4492,19
4493,23
4494,31
4495,23
4496,26
4497,19
4498,23
4499,13
4500,58
4501,34
4502,23
4503,54
4504,57
4505,32
4506,26
4507,19
4508,20
4509,16
4510,24
4511,38
4512,45
4513,55
4514,61
4515,77
4516,41
4517,69
4518,56
4519,53
4520,42
4521,44
4522,80
4523,100
4524,79
4525,71
4526,159
4527,140
4528,45
4529,86
4530,51
4531,24
4532,11
4533,18
4534,25
4535,25
4536,28
4537,24
4538,42
4539,43
4540,24
4541,37
4542,29
4543,14
4544,23
4545,52
4546,50
4547,12
4548,14
4549,22
4550,17
4551,19
4552,90
4553,84
4554,48
4555,82
4556,61
4557,20
4558,8
4559,17
4560,11
4561,8
4562,17
4563,18
4564,13
4565,35
4566,54
4567,43
4568,29
4569,19
4570,15
4571,12
4572,20
4573,16
4574,15
4575,14
4576,9
4577,14
4578,29
4579,27
4580,31
4581,67
4582,49
4583,77
4584,138
4585,181
4586,254
4587,45
4588,27
4589,26
4590,34
4591,49
4592,84
4593,31
4594,61
4595,23
4596,15
4597,16
4598,15
4599,26
4600,13
4601,39
4602,33
4603,46
4604,57
4605,49
4606,71
4607,93
4608,112
4609,57
4610,28
4611,59
4612,22
4613,32
4614,32
4615,33
4616,54
4617,71
4618,56
4619,27
4620,32
4621,9
4622,1
4623,23
4624,4
4625,7
4626,6
4627,10
4628,8
4629,5
4630,7
4631,13
4632,5
4633,9
4634,10
4635,10
4636,9
4637,6
4638,5
4639,10
4640,23
4641,7
4642,2
4643,8
4644,4
4645,8
4646,18
4647,18
4648,2
4649,17
4650,8
4651,15
4652,14
4653,15
4654,10
4655,33
4656,27
4657,2
4658,11
4659,18
4660,7
4661,12
4662,4
4663,3
4664,6
4665,10
4666,13
4667,6
4668,11
4669,18
4670,18
4671,9
4672,10
4673,12
4674,6
4675,6
4676,4
4677,11
4678,24
4679,27
4680,24
4681,29
4682,22
4683,10
4684,13
4685,15
4686,8
4687,4
4688,12
4689,16
4690,2
4691,10
4692,11
4693,8
4694,5
4695,4
4696,7
4697,10
4698,26
4699,53
4700,27
4701,10
4702,7
4703,9
4704,9
4705,7
4706,6
4707,6
4708,6
4709,9
4711,6
4712,4
4713,6
4714,2
4715,6
4716,7
4717,5
4718,10
4719,2
4720,5
4721,9
4722,5
4723,4
4724,40
4725,2
4726,5
4727,7
4728,10
4729,4
4730,4
4731,5
4732,3
4733,2
4734,2
4735,2
4736,10
4737,11
4738,18
4739,16
4740,2
4741,5
4742,4
4743,8
4744,7
4745,6
4746,11
4747,3
4748,14
4749,4
4750,3
4751,12
4752,16
4753,15
4754,12
4755,7
4756,8
4757,8
4758,11
4759,3
4760,12
4761,10
4762,4
4763,10
4764,10
4765,10
4766,27
4767,13
4768,6
4769,9
4770,3
4771,3
4772,11
4773,13
4774,3
4775,35
4776,145
4777,12
4778,10
4779,8
4780,6
4781,16
4782,6
4783,5
4784,10
4785,8
4786,5
4787,7
4788,4
4789,6
4790,41
4791,49
4792,19
4793,44
4794,38
4795,28
4796,38
4797,30
4798,47
4799,106
4800,48
4801,22
4802,37
4803,30
4804,25
4805,14
4806,6
4807,4
4808,12
4809,3
4810,10
4811,9
4812,8
4813,12
4814,19
4815,12
4816,14
4817,21
4818,49
4819,69
4820,52
4821,40
4822,33
4823,22
4824,23
4825,6
4826,3
4827,4
4828,10
4829,30
4830,20
4831,13
4832,16
4833,8
4834,17
4835,21
4836,8
4837,5
4838,3
4839,9
4840,12
4841,22
4842,27
4843,3
4844,10
4845,14
4846,2
4847,10
4848,6
4849,6
4850,16
4851,12
4852,11
4853,5
4854,26
4855,30
4856,21
4857,9
4858,18
4859,8
4860,6
4861,6
4862,3
4863,8
4864,11
4865,1
4866,7
4867,7
4868,10
4869,21
4870,18
4871,4
4872,4
4873,10
4874,2
4875,10
4876,3
4877,9
4878,5
4879,5
4880,3
4881,8
4882,2
4883,28
4884,67
4885,41
4886,40
4887,23
4888,20
4889,13
4890,6
4891,6
4892,5
4893,1
4894,5
4895,4
4896,6
4897,6
4898,5
4899,4
4900,27
4901,23
4902,8
4903,3
4904,6
4905,1
4906,3
4907,2
4908,9
4909,5
4910,8
4911,6
4912,8
4913,12
4914,27
4915,21
4916,7
4917,6
4918,2
4919,2
4920,26
4921,14
4922,51
4923,43
4924,13
4925,6
4926,13
4927,23
4928,42
4929,24
4930,10
4931,1
4932,9
4933,5
4934,2
4935,7
4936,9
4937,3
4938,5
4939,16
4940,2
4941,8
4942,28
4943,7
4944,36
4945,23
4946,12
4947,2
4948,15
4949,21
4950,12
4951,11
4952,4
4953,7
4954,2
4955,7
4956,3
4957,7
4958,7
4959,15
4960,17
4961,3
4962,6
4963,4
4964,4
4965,6
4966,3
4967,6
4968,44
4969,81
4970,76
4971,46
4972,23
4973,8
4974,12
4975,8
4976,5
4977,6
4978,8
4979,8
4980,9
4981,10
4982,20
4983,12
4984,5
4985,4
4986,11
4987,8
4988,20
4989,42
4990,33
4991,53
4992,24
4993,21
4994,17
4995,12
4996,6
4997,1
4998,9
4999,4
5000,5
5001,12
5002,4
5003,10
5004,45
5005,24
5006,7
5007,7
5008,7
5009,10
5010,6
5011,22
5012,41
5013,42
5014,44
5015,42
5016,26
5017,59
5018,20
5019,2
5020,19
5021,18
5022,14
5023,7
5024,32
5025,18
5026,9
5027,6
5028,1
5029,4
5030,13
5031,22
5032,2
5033,8
5034,13
5035,1
5036,5
5037,3
5038,3
5039,8
5040,13
5041,5
5042,18
5043,46
5044,28
5045,36
5046,16
5047,6
5048,10
5049,7
5050,7
5051,21
5052,21
5053,28
5054,12
5055,18
5056,13
5057,8
5058,20
5059,25
5060,28
5061,12
5062,19
5063,3
5064,10
5065,8
5066,9
5067,22
5068,33
5069,4
5070,21
5071,14
5072,12
5073,2
5074,2
5075,12
5076,7
5077,18
5078,13
5079,15
5080,54
5081,115
5082,176
5083,46
5084,32
5085,16
5086,6
5087,18
5088,12
5089,5
5090,12
5091,7
5092,11
5093,56
5094,14
5095,26
5096,9
5097,6
5098,13
5099,11
5100,3
5101,13
5102,19
5103,14
5104,7
5105,15
5106,23
5107,19
5108,14
5109,11
5110,7
5111,9
5112,7
5113,2
5114,13
5115,7
5116,2
5117,4
5118,8
5119,3
5120,7
5121,43
5122,6
5123,2
5124,10
5125,2
5126,12
5127,7
5128,1
5129,11
5130,6
5131,8
5132,2
5133,1
5134,15
5135,21
5136,18
5137,8
5138,9
5139,18
5140,14
5141,11
5142,9
5143,2
5144,4
5145,14
5146,5
5147,41
5148,11
5149,22
5150,21
5151,37
5152,23
5153,8
5154,26
5155,3
5156,1
5157,12
5158,4
5159,12
5160,9
5161,5
5162,2
5164,16
5165,8
5166,6
5167,13
5168,9
5169,9
5170,5
5171,2
5172,17
5173,16
5174,1
5175,11
5176,19
5177,12
5178,1
5179,8
5180,9
5181,28
5182,43
5183,47
5184,11
5185,4
5186,7
5187,17
5188,16
5189,8
5190,10
5191,6
5192,8
5193,6
5194,9
5195,10
5196,7
5197,20
5198,5
5199,14
5200,12
5201,3
5202,5
5204,5
5205,16
5206,16
5207,6
5208,6
5209,9
5210,15
5211,40
5212,44
5213,40
5214,20
5215,19
5216,13
5217,8
5218,13
5219,19
5220,9
5221,36
5222,58
5223,1
5224,143
5225,284
5226,240
5227,100
5228,136
5229,128
5230,83
5231,75
5232,111
5233,216
5234,239
5235,213
5236,62
5237,44
5238,18
5239,6
5240,2
5241,3
5242,3
5243,6
5244,57
5245,14
5246,8
5247,10
5248,4
5249,2
5250,5
5251,5
5252,17
5253,8
5254,5
5255,14
5256,52
5257,13
5258,23
5259,2
5260,2
5261,4
5262,3
5263,2
5264,7
5265,3
5266,7
5267,6
5268,1
5269,3
5270,5
5271,6
5272,30
5273,76
5274,13
5275,11
5276,1
5277,10
5278,7
5279,9
5280,3
5281,7
5282,5
5283,2
5284,6
5285,6
5286,14
5287,18
5288,5
5289,1
5290,3
5291,7
5292,17
5293,5
5294,16
5295,8
5296,5
5297,10
5298,10
5299,20
5300,10
5301,15
5302,32
5303,7
5304,2
5305,3
5306,10
5307,4
5308,2
5309,23
5311,3
5314,2
5315,13
5316,18
5317,36
5318,14
5319,23
5320,21
5321,5
5322,16
5323,4
5324,14
5325,10
5326,6
5327,2
5328,11
5329,27
5330,9
5331,6
5332,12
5333,17
5334,9
5335,11
5336,1
5337,8
5338,4
5339,6
5340,10
5341,16
5342,13
5343,57
5344,42
5345,24
5346,36
5347,17
5348,26
5349,12
5350,13
5351,6
5352,14
5353,18
5354,12
5355,11
5356,22
5357,25
5358,23
5359,22
5360,2
5361,2
5362,3
5363,2
5365,39
5366,27
5367,7
5368,28
5369,28
5370,31
5371,7
5372,12
5373,47
5374,19
5375,2
5376,8
5377,4
5378,6
5379,8
5380,7
5381,13
5382,21
5383,10
5384,2
5385,14
5386,5
5387,7
5388,5
5389,9
5390,17
5391,18
5392,27
5393,4
5394,7
5395,6
5396,24
5397,13
5398,3
5399,9
5400,2
5401,3
5402,6
5403,19
5404,7
5405,5
5406,2
5407,6
5408,10
5409,21
5410,28
5411,12
5412,2
5413,5
5414,20
5416,8
5417,8
5418,1
5419,6
5420,23
5421,12
5422,10
5423,17
5424,12
5425,22
5426,25
5427,36
5428,30
5429,41
5430,27
5431,54
5432,43
5433,57
5434,14
