0,39523996
1,10260
2,8475
3,5097
4,4335
5,5482
6,5219
7,3767
8,4201
9,4662
10,4080
11,5888
12,4822
13,4302
14,3599
15,4252
16,3258
17,4337
18,3820
19,3259
20,3127
21,2208
22,2767
23,2205
24,2526
25,3006
26,1944
27,3172
28,3297
29,1533
30,2918
31,2892
32,2246
33,2860
34,2229
35,4174
36,2535
37,4027
38,3342
39,3927
40,2912
41,4017
42,4357
43,3080
44,3687
45,3257
46,4247
47,2740
48,2030
49,2176
50,3288
51,1983
52,1890
53,2226
54,2794
55,2830
56,3063
57,2285
58,2545
59,2127
60,3396
61,1781
62,1863
63,2721
64,2884
65,2157
66,1894
67,1832
68,984
69,2423
70,1715
71,1666
72,2813
73,1453
74,1224
75,1433
76,2192
77,1088
78,1115
79,1018
80,808
81,656
82,1196
83,863
84,1346
85,818
86,1206
87,1220
88,2273
89,1424
90,1170
91,1089
92,1056
93,1456
94,981
95,1083
96,1048
97,1024
98,992
99,1146
100,1016
101,2492
102,2253
103,1070
104,1798
105,2173
106,1362
107,1355
108,2071
109,2544
110,1488
111,1976
112,3641
113,2661
114,4293
115,2775
116,1722
117,3562
118,1634
119,1873
120,2033
121,3682
122,4028
123,2555
124,2232
125,2501
126,3549
127,2740
128,2126
129,2060
130,2411
131,3322
132,2669
133,3166
134,3089
135,3245
136,3689
137,2692
138,3556
139,3229
140,3009
141,3283
142,2748
143,2238
144,2400
145,3154
146,3392
147,3472
148,2780
149,1973
150,2711
151,3090
152,2911
153,3430
154,2777
155,3376
156,3558
157,3258
158,3585
159,2771
160,2506
161,2076
162,2242
163,1921
164,2097
165,1515
166,2065
167,1669
168,1091
169,856
170,1339
171,1020
172,1199
173,1374
174,1155
175,1790
176,1542
177,1231
178,1735
179,1711
180,1229
181,1023
182,1680
183,2183
184,2598
185,1243
186,1790
187,2572
188,1632
189,2547
190,2750
191,1315
192,1730
193,2189
194,2016
195,1988
196,1525
197,1721
198,1883
199,1240
200,1864
201,1673
202,2057
203,1839
204,2348
205,2896
206,1373
207,2093
208,2169
209,1740
210,1852
211,1745
212,2271
213,3037
214,1387
215,1773
216,2482
217,2056
218,1280
219,2198
220,1537
221,1309
222,1321
223,1237
224,894
225,1744
226,1543
227,1067
228,1367
229,1562
230,1013
231,1860
232,1290
233,1725
234,2631
235,1873
236,2429
237,2502
238,2710
239,1304
240,2688
241,3435
242,3242
243,2443
244,2026
245,3746
246,2762
247,4147
248,4282
249,2527
250,3765
251,3268
252,2933
253,4010
254,2283
255,2675
256,5163
257,4163
258,3440
259,3568
260,3219
261,2546
262,1731
263,2213
264,2166
265,1500
266,1684
267,2780
268,1259
269,1877
270,2010
271,1667
272,2042
273,2873
274,1414
275,2775
276,2528
277,2735
278,2817
279,2708
280,3561
281,3385
282,2731
283,1904
284,2761
285,2126
286,1774
287,2031
288,1484
289,2078
290,1646
291,2413
292,1805
293,1605
294,1753
295,1731
296,3323
297,1433
298,2120
299,1276
300,1675
301,1541
302,2046
303,1956
304,1740
305,1596
306,1566
307,2045
308,1447
309,1320
310,1268
311,1299
312,1721
313,1119
314,1849
315,1221
316,1180
317,1267
318,1823
319,1585
320,1359
321,1650
322,1362
323,1755
324,1559
325,1963
326,1084
327,1698
328,1832
329,1238
330,1421
331,1890
332,1318
333,1450
334,2061
335,1543
336,1521
337,1508
338,1172
339,1070
340,997
341,796
342,1410
343,1273
344,1391
345,1500
346,1417
347,1846
348,1320
349,1558
350,1123
351,1658
352,1156
353,1476
354,1832
355,1318
356,1317
357,1049
358,1180
359,1428
360,1168
361,1754
362,1074
363,1144
364,1682
365,1702
366,1261
367,1734
368,1561
369,1475
370,1758
371,4783
372,2004
373,1395
374,2244
375,1958
376,2304
377,1847
378,2599
379,1395
380,1625
381,2161
382,1557
383,2344
384,1047
385,1875
386,1117
387,1726
388,1339
389,1644
390,2723
391,1586
392,1933
393,1628
394,1057
395,1351
396,1525
397,1304
398,1343
399,1181
400,1235
401,1733
402,1870
403,1977
404,1114
405,1303
406,1031
407,1535
408,831
409,827
410,1068
411,918
412,943
413,1471
414,867
415,1101
416,1087
417,1435
418,2886
419,2587
420,1360
421,910
422,1972
423,1240
424,1902
425,1181
426,1546
427,926
428,2739
429,1176
430,1067
431,1367
432,1377
433,1141
434,904
435,716
436,2269
437,2118
438,1548
439,1984
440,1039
441,1655
442,1234
443,1658
444,2001
445,1466
446,2117
447,2415
448,1892
449,1707
450,1374
451,1256
452,1381
453,1483
454,1796
455,2629
456,2333
457,2430
458,2428
459,2577
460,2177
461,2562
462,1895
463,3195
464,2308
465,2566
466,2474
467,2995
468,3835
469,2632
470,2514
471,2297
472,2750
473,3096
474,4614
475,3127
476,2060
477,2187
478,2693
479,2917
480,2186
481,2104
482,2534
483,3654
484,2743
485,2983
486,2945
487,2920
488,3381
489,3018
490,4478
491,3409
492,3729
493,3184
494,2536
495,2506
496,3115
497,2282
498,2986
499,2733
500,2964
501,2649
502,2428
503,2681
504,2302
505,3370
506,3676
507,3448
508,4483
509,3804
510,4486
511,3877
512,4105
513,3186
514,3098
515,3281
516,4138
517,3753
518,4456
519,6583
520,5632
521,5965
522,4581
523,5090
524,6383
525,3953
526,3916
527,3204
528,3236
529,3621
530,3993
531,4320
532,4181
533,4112
534,5290
535,4926
536,4046
537,5573
538,5624
539,4884
540,6671
541,5112
542,5828
543,5357
544,7415
545,6719
546,6774
547,5676
548,7184
549,5930
550,7292
551,5193
552,6281
553,3903
554,6366
555,8065
556,8632
557,7982
558,9085
559,5828
560,6648
561,5928
562,5482
563,7952
564,6237
565,7433
566,6544
567,6511
568,7926
569,5826
570,8363
571,7201
572,8591
573,8300
574,9493
575,8521
576,8453
577,10346
578,11181
579,13252
580,13159
581,12676
582,14346
583,13348
584,13225
585,16522
586,20107
587,21534
588,25029
589,21941
590,23620
591,23116
592,27033
593,31838
594,32013
595,48506
596,53678
597,64016
598,104773
599,149911
600,1078603
601,63873
602,51176
603,46961
604,44257
605,40391
606,40644
607,42384
608,38434
609,39576
610,33840
611,32790
612,29917
613,27849
614,28057
615,25839
616,25847
617,27087
618,27961
619,24803
620,28668
621,25946
622,32860
623,24144
624,18935
625,15772
626,16120
627,13586
628,17493
629,13796
630,14353
631,13632
632,12537
633,14429
634,13056
635,11381
636,11092
637,11637
638,11441
639,11362
640,11367
641,11519
642,10949
643,10885
644,10993
645,11031
646,11051
647,9671
648,9799
649,8950
650,8644
651,10217
652,10332
653,11414
654,10159
655,10361
656,10430
657,9774
658,10236
659,9237
660,9030
661,9181
662,8243
663,9200
664,10554
665,10627
666,10223
667,9112
668,9321
669,10010
670,9023
671,8047
672,7446
673,7470
674,8247
675,7916
676,7739
677,8525
678,7983
679,7894
680,7955
681,8669
682,9194
683,8948
684,8364
685,9055
686,9163
687,9248
688,9304
689,9250
690,10985
691,11323
692,10598
693,10090
694,9310
695,8213
696,8350
697,8568
698,9853
699,10018
700,10309
701,10584
702,9285
703,9645
704,10017
705,9254
706,9161
707,9068
708,10021
709,6891
710,7286
711,8154
712,7526
713,8260
714,7938
715,8547
716,7373
717,6976
718,6584
719,7254
720,6989
721,6195
722,6338
723,6161
724,6309
725,6098
726,5629
727,4727
728,5382
729,5427
730,5712
731,4828
732,5119
733,5163
734,4957
735,5755
736,5440
737,5299
738,5160
739,5800
740,5727
741,5799
742,5274
743,5698
744,5267
745,5685
746,6150
747,5934
748,7012
749,5769
750,6849
751,7756
752,8393
753,7425
754,6421
755,6068
756,6687
757,5655
758,6081
759,8976
760,6869
761,5995
762,5939
763,6337
764,7045
765,6071
766,7470
767,6220
768,6622
769,6827
770,8532
771,5566
772,5654
773,5709
774,5532
775,6462
776,5836
777,5276
778,6841
779,6456
780,5854
781,4875
782,4333
783,3886
784,5122
785,4712
786,5200
787,4888
788,4696
789,4970
790,6644
791,6694
792,7075
793,7055
794,7162
795,7511
796,6742
797,4988
798,4469
799,5180
800,4500
801,5269
802,5875
803,5108
804,5273
805,5007
806,5228
807,5325
808,4972
809,4934
810,5341
811,3728
812,3262
813,3247
814,4028
815,4123
816,4371
817,4300
818,4938
819,4862
820,4386
821,5277
822,5321
823,5216
824,4894
825,5103
826,4567
827,4297
828,4660
829,4390
830,5209
831,3765
832,3588
833,4259
834,3719
835,4886
836,5185
837,4232
838,4373
839,4886
840,5024
841,4503
842,4292
843,5107
844,4142
845,5044
846,5153
847,5175
848,4953
849,4403
850,4233
851,4583
852,4964
853,4855
854,5377
855,4934
856,4623
857,5652
858,4331
859,3924
860,4614
861,4335
862,3785
863,3757
864,4953
865,5071
866,4589
867,4389
868,4466
869,3894
870,3531
871,3803
872,4271
873,4532
874,3466
875,3424
876,4163
877,3475
878,3957
879,5482
880,4609
881,4708
882,5263
883,4094
884,5120
885,3330
886,3307
887,4370
888,4851
889,4625
890,4495
891,3842
892,4712
893,4292
894,3691
895,4751
896,3509
897,3716
898,3562
899,4027
900,4031
901,4366
902,3384
903,4243
904,5170
905,4751
906,5289
907,5323
908,6051
909,5996
910,5347
911,4469
912,5248
913,4593
914,4363
915,4253
916,3485
917,3793
918,3616
919,3817
920,3166
921,3547
922,3970
923,4104
924,4248
925,4161
926,4156
927,2920
928,3768
929,3554
930,4382
931,3484
932,3345
933,3012
934,3349
935,3481
936,3487
937,4357
938,3993
939,4687
940,3301
941,3843
942,4061
943,4447
944,3454
945,4000
946,3802
947,4261
948,3713
949,2917
950,2991
951,2784
952,2761
953,2990
954,2900
955,2140
956,2836
957,2387
958,2423
959,2639
960,2848
961,3460
962,3445
963,3922
964,3619
965,3893
966,4423
967,4724
968,3413
969,3339
970,2928
971,3389
972,2569
973,3087
974,2729
975,3172
976,3381
977,2191
978,2912
979,2294
980,2901
981,3471
982,1987
983,2349
984,2351
985,3707
986,2752
987,3036
988,3210
989,2789
990,3179
991,2272
992,3274
993,2732
994,3567
995,4652
996,3953
997,4893
998,4966
999,5100
1000,4260
1001,4878
1002,4182
1003,4201
1004,4849
1005,4632
1006,4001
1007,2884
1008,3260
1009,3225
1010,2052
1011,2161
1012,2471
1013,2631
1014,3640
1015,2601
1016,2448
1017,3930
1018,4292
1019,3119
1020,2723
1021,2483
1022,2657
1023,1779
1024,2795
1025,2577
1026,2932
1027,3133
1028,3487
1029,2925
1030,3782
1031,2381
1032,3549
1033,4042
1034,3753
1035,3452
1036,3669
1037,3713
1038,3399
1039,2895
1040,3332
1041,3017
1042,3004
1043,2540
1044,3100
1045,4023
1046,4050
1047,3614
1048,4321
1049,4601
1050,4424
1051,4620
1052,3336
1053,4743
1054,4500
1055,4850
1056,4502
1057,5139
1058,5179
1059,4108
1060,3716
1061,2525
1062,2629
1063,3357
1064,3123
1065,2843
1066,2857
1067,2799
1068,3126
1069,3706
1070,4525
1071,2928
1072,2467
1073,2329
1074,1373
1075,1433
1076,2428
1077,2676
1078,1799
1079,1321
1080,2704
1081,2613
1082,1977
1083,1966
1084,1927
1085,1580
1086,1744
1087,2363
1088,2227
1089,1600
1090,2994
1091,2006
1092,3510
1093,3014
1094,3468
1095,3570
1096,2255
1097,1980
1098,895
1099,1263
1100,1508
1101,1677
1102,1943
1103,1519
1104,2054
1105,1285
1106,2221
1107,2370
1108,2691
1109,2997
1110,2289
1111,2541
1112,2597
1113,2347
1114,1987
1115,1864
1116,1898
1117,1775
1118,1537
1119,1998
1120,3108
1121,2710
1122,2309
1123,2313
1124,1773
1125,3425
1126,2785
1127,1972
1128,1678
1129,1754
1130,2038
1131,2795
1132,2418
1133,2464
1134,1497
1135,2333
1136,1475
1137,2028
1138,1673
1139,2347
1140,2608
1141,3417
1142,4022
1143,3863
1144,3023
1145,3306
1146,2284
1147,1866
1148,2067
1149,2015
1150,1216
1151,1707
1152,2120
1153,2465
1154,1968
1155,1958
1156,2787
1157,2796
1158,2761
1159,2183
1160,2879
1161,2562
1162,2761
1163,3230
1164,2494
1165,2504
1166,3821
1167,4849
1168,4220
1169,3649
1170,2561
1171,2839
1172,2576
1173,2534
1174,2319
1175,3227
1176,3296
1177,1777
1178,1827
1179,1522
1180,2352
1181,2307
1182,4048
1183,4902
1184,3819
1185,3680
1186,3480
1187,2522
1188,2276
1189,1789
1190,3152
1191,1471
1192,1756
1193,2258
1194,3051
1195,2594
1196,2622
1197,2073
1198,2663
1199,2668
1200,3007
1201,2865
1202,3809
1203,4650
1204,3892
1205,4025
1206,3858
1207,2558
1208,2320
1209,1692
1210,2362
1211,2449
1212,2045
1213,2242
1214,1278
1215,1666
1216,2047
1217,2333
1218,2771
1219,2511
1220,2758
1221,2539
1222,2816
1223,3657
1224,2656
1225,4218
1226,4905
1227,5549
1228,3959
1229,3219
1230,3411
1231,1903
1232,1637
1233,2551
1234,3997
1235,2560
1236,2403
1237,3770
1238,2783
1239,4638
1240,4579
1241,4011
1242,3607
1243,4775
1244,4732
1245,2986
1246,3914
1247,4710
1248,5617
1249,6109
1250,4310
1251,4014
1252,3265
1253,2982
1254,2910
1255,2742
1256,3500
1257,4526
1258,3591
1259,3221
1260,3170
1261,4536
1262,6842
1263,5874
1264,4651
1265,4022
1266,2892
1267,1711
1268,1506
1269,2110
1270,2263
1271,1886
1272,2180
1273,2307
1274,3451
1275,3071
1276,2641
1277,2108
1278,1807
1279,1663
1280,1903
1281,1736
1282,2420
1283,2121
1284,2152
1285,2762
1286,2562
1287,2316
1288,2620
1289,2444
1290,2129
1291,1877
1292,1489
1293,1918
1294,2074
1295,2295
1296,2466
1297,2143
1298,2125
1299,1565
1300,1573
1301,1479
1302,1808
1303,1194
1304,1309
1305,1080
1306,1386
1307,1110
1308,1318
1309,1130
1310,1066
1311,890
1312,957
1313,973
1314,1050
1315,867
1316,647
1317,596
1318,679
1319,621
1320,736
1321,716
1322,688
1323,652
1324,722
1325,532
1326,545
1327,709
1328,767
1329,733
1330,425
1331,583
1332,582
1333,529
1334,808
1335,640
1336,555
1337,779
1338,635
1339,444
1340,565
1341,774
1342,758
1343,851
1344,964
1345,1329
1346,1273
1347,941
1348,964
1349,804
1350,589
1351,534
1352,437
1353,547
1354,669
1355,473
1356,674
1357,840
1358,724
1359,583
1360,584
1361,663
1362,536
1363,577
1364,608
1365,470
1366,565
1367,628
1368,540
1369,581
1370,517
1371,619
1372,523
1373,471
1374,471
1375,428
1376,523
1377,577
1378,592
1379,398
1380,434
1381,562
1382,460
1383,583
1384,509
1385,466
1386,419
1387,363
1388,549
1389,549
1390,453
1391,377
1392,397
1393,500
1394,497
1395,524
1396,558
1397,604
1398,597
1399,569
1400,560
1401,662
1402,625
1403,799
1404,927
1405,820
1406,878
1407,809
1408,782
1409,844
1410,734
1411,713
1412,881
1413,753
1414,754
1415,609
1416,703
1417,757
1418,805
1419,879
1420,707
1421,651
1422,585
1423,822
1424,564
1425,607
1426,656
1427,579
1428,680
1429,717
1430,664
1431,607
1432,598
1433,615
1434,676
1435,514
1436,518
1437,607
1438,723
1439,717
1440,555
1441,710
1442,540
1443,603
1444,569
1445,610
1446,691
1447,607
1448,661
1449,502
1450,499
1451,667
1452,700
1453,560
1454,517
1455,307
1456,446
1457,438
1458,711
1459,435
1460,447
1461,541
1462,720
1463,489
1464,591
1465,390
1466,432
1467,397
1468,408
1469,760
1470,352
1471,746
1472,681
1473,766
1474,836
1475,658
1476,584
1477,714
1478,628
1479,656
1480,2089
1481,620
1482,642
1483,690
1484,568
1485,565
1486,437
1487,674
1488,921
1489,830
1490,727
1491,926
1492,949
1493,1154
1494,1362
1495,1930
1496,1729
1497,1669
1498,1279
1499,1104
1500,735
1501,1062
1502,1022
1503,766
1504,433
1505,666
1506,992
1507,578
1508,551
1509,456
1510,577
1511,569
1512,529
1513,617
1514,625
1515,549
1516,503
1517,569
1518,524
1519,683
1520,502
1521,673
1522,478
1523,496
1524,388
1525,482
1526,849
1527,668
1528,596
1529,537
1530,602
1531,568
1532,535
1533,596
1534,729
1535,570
1536,613
1537,689
1538,897
1539,880
1540,705
1541,616
1542,680
1543,593
1544,687
1545,498
1546,552
1547,622
1548,592
1549,368
1550,378
1551,622
1552,395
1553,417
1554,536
1555,463
1556,447
1557,334
1558,295
1559,373
1560,491
1561,470
1562,399
1563,539
1564,420
1565,336
1566,343
1567,248
1568,383
1569,547
1570,689
1571,557
1572,291
1573,391
1574,394
1575,366
1576,747
1577,457
1578,382
1579,385
1580,472
1581,459
1582,510
1583,450
1584,531
1585,742
1586,578
1587,821
1588,784
1589,742
1590,677
1591,1288
1592,698
1593,685
1594,537
1595,608
1596,535
1597,620
1598,449
1599,450
1600,446
1601,397
1602,389
1603,415
1604,422
1605,469
1606,397
1607,352
1608,407
1609,418
1610,447
1611,432
1612,494
1613,480
1614,450
1615,535
1616,651
1617,611
1618,782
1619,507
1620,407
1621,338
1622,373
1623,367
1624,388
1625,352
1626,458
1627,489
1628,416
1629,534
1630,623
1631,673
1632,663
1633,503
1634,462
1635,474
1636,424
1637,453
1638,427
1639,418
1640,528
1641,578
1642,582
1643,680
1644,770
1645,889
1646,705
1647,654
1648,619
1649,770
1650,659
1651,739
1652,804
1653,880
1654,771
1655,800
1656,795
1657,687
1658,675
1659,619
1660,609
1661,901
1662,973
1663,580
1664,698
1665,695
1666,716
1667,550
1668,528
1669,627
1670,453
1671,475
1672,459
1673,537
1674,511
1675,477
1676,546
1677,478
1678,699
1679,531
1680,347
1681,330
1682,366
1683,365
1684,520
1685,588
1686,808
1687,715
1688,836
1689,637
1690,637
1691,750
1692,925
1693,516
1694,486
1695,403
1696,377
1697,367
1698,936
1699,757
1700,406
1701,440
1702,620
1703,504
1704,574
1705,450
1706,368
1707,534
1708,884
1709,666
1710,711
1711,633
1712,519
1713,531
1714,581
1715,741
1716,624
1717,676
1718,783
1719,682
1720,669
1721,745
1722,817
1723,842
1724,658
1725,701
1726,691
1727,636
1728,507
1729,434
1730,569
1731,624
1732,755
1733,670
1734,582
1735,361
1736,446
1737,575
1738,608
1739,684
1740,565
1741,611
1742,714
1743,559
1744,567
1745,509
1746,512
1747,576
1748,487
1749,517
1750,577
1751,335
1752,341
1753,355
1754,569
1755,475
1756,597
1757,588
1758,739
1759,756
1760,743
1761,475
1762,542
1763,749
1764,656
1765,862
1766,764
1767,684
1768,932
1769,768
1770,976
1771,839
1772,808
1773,829
1774,812
1775,1174
1776,1146
1777,1141
1778,860
1779,773
1780,862
1781,996
1782,959
1783,1061
1784,780
1785,1285
1786,1014
1787,722
1788,641
1789,653
1790,646
1791,663
1792,664
1793,571
1794,504
1795,590
1796,665
1797,779
1798,690
1799,827
1800,660
1801,698
1802,677
1803,498
1804,503
1805,529
1806,614
1807,608
1808,677
1809,575
1810,667
1811,488
1812,524
1813,545
1814,779
1815,805
1816,546
1817,635
1818,724
1819,637
1820,864
1821,895
1822,936
1823,981
1824,786
1825,792
1826,863
1827,673
1828,664
1829,570
1830,473
1831,543
1832,474
1833,474
1834,476
1835,673
1836,540
1837,666
1838,562
1839,545
1840,464
1841,703
1842,794
1843,574
1844,632
1845,688
1846,751
1847,687
1848,668
1849,602
1850,587
1851,644
1852,702
1853,740
1854,511
1855,622
1856,620
1857,517
1858,609
1859,554
1860,594
1861,477
1862,633
1863,848
1864,720
1865,1022
1866,970
1867,1217
1868,914
1869,1112
1870,1112
1871,1446
1872,1134
1873,858
1874,937
1875,970
1876,1039
1877,1060
1878,1075
1879,859
1880,880
1881,941
1882,1522
1883,1514
1884,1299
1885,870
1886,759
1887,903
1888,1111
1889,936
1890,824
1891,1499
1892,903
1893,1149
1894,1014
1895,596
1896,574
1897,1013
1898,834
1899,806
1900,680
1901,641
1902,667
1903,713
1904,613
1905,685
1906,728
1907,654
1908,607
1909,617
1910,708
1911,725
1912,642
1913,607
1914,852
1915,813
1916,906
1917,568
1918,595
1919,582
1920,637
1921,758
1922,1029
1923,1022
1924,1154
1925,996
1926,878
1927,871
1928,970
1929,783
1930,1014
1931,1160
1932,1031
1933,801
1934,720
1935,616
1936,801
1937,1003
1938,913
1939,926
1940,1019
1941,703
1942,788
1943,864
1944,810
1945,821
1946,818
1947,951
1948,707
1949,784
1950,919
1951,941
1952,662
1953,642
1954,756
1955,574
1956,1486
1957,709
1958,698
1959,922
1960,910
1961,930
1962,1081
1963,1204
1964,1000
1965,1132
1966,1152
1967,1393
1968,1221
1969,1021
1970,1240
1971,1076
1972,894
1973,858
1974,728
1975,802
1976,1251
1977,1154
1978,1241
1979,1178
1980,1257
1981,1165
1982,1463
1983,1366
1984,1480
1985,1313
1986,1539
1987,1396
1988,1194
1989,1459
1990,1322
1991,1458
1992,1605
1993,1279
1994,1994
1995,1741
1996,1757
1997,1141
1998,1117
1999,1173
2000,878
2001,1058
2002,854
2003,1212
2004,1022
2005,856
2006,811
2007,946
2008,954
2009,788
2010,870
2011,941
2012,786
2013,831
2014,691
2015,825
2016,835
2017,987
2018,1084
2019,1274
2020,1029
2021,1753
2022,797
2023,707
2024,736
2025,974
2026,953
2027,1001
2028,1226
2029,1047
2030,924
2031,990
2032,1088
2033,1039
2034,1067
2035,1021
2036,986
2037,498
2038,395
2039,495
2040,407
2041,388
2042,409
2043,638
2044,606
2045,752
2046,661
2047,448
2048,409
2049,517
2050,661
2051,592
2052,659
2053,761
2054,447
2055,514
2056,645
2057,568
2058,538
2059,289
2060,419
2061,402
2062,462
2063,481
2064,474
2065,501
2066,429
2067,491
2068,434
2069,408
2070,436
2071,587
2072,600
2073,578
2074,641
2075,466
2076,465
2077,458
2078,500
2079,461
2080,415
2081,565
2082,519
2083,473
2084,502
2085,434
2086,451
2087,383
2088,570
2089,507
2090,604
2091,637
2092,500
2093,457
2094,471
2095,666
2096,445
2097,421
2098,322
2099,395
2100,434
2101,333
2102,282
2103,357
2104,414
2105,404
2106,420
2107,411
2108,403
2109,356
2110,479
2111,635
2112,482
2113,476
2114,426
2115,356
2116,329
2117,363
2118,314
2119,414
2120,292
2121,322
2122,289
2123,330
2124,298
2125,429
2126,308
2127,256
2128,281
2129,222
2130,267
2131,298
2132,303
2133,317
2134,301
2135,272
2136,207
2137,276
2138,176
2139,203
2140,281
2141,264
2142,272
2143,551
2144,485
2145,459
2146,466
2147,418
2148,449
2149,416
2150,308
2151,261
2152,325
2153,232
2154,340
2155,356
2156,334
2157,505
2158,432
2159,489
2160,356
2161,342
2162,243
2163,412
2164,257
2165,235
2166,265
2167,276
2168,258
2169,209
2170,317
2171,391
2172,162
2173,170
2174,172
2175,202
2176,134
2177,251
2178,312
2179,191
2180,304
2181,302
2182,362
2183,205
2184,272
2185,400
2186,556
2187,324
2188,349
2189,548
2190,615
2191,376
2192,487
2193,528
2194,504
2195,500
2196,1654
2197,520
2198,386
2199,428
2200,339
2201,383
2202,337
2203,339
2204,385
2205,425
2206,262
2207,323
2208,351
2209,355
2210,596
2211,264
2212,198
2213,119
2214,227
2215,272
2216,256
2217,228
2218,186
2219,220
2220,185
2221,122
2222,61
2223,165
2224,187
2225,183
2226,205
2227,274
2228,334
2229,285
2230,305
2231,184
2232,199
2233,248
2234,204
2235,263
2236,181
2237,180
2238,152
2239,184
2240,254
2241,257
2242,153
2243,185
2244,154
2245,173
2246,199
2247,190
2248,308
2249,248
2250,167
2251,170
2252,166
2253,165
2254,139
2255,169
2256,233
2257,191
2258,243
2259,193
2260,238
2261,339
2262,291
2263,237
2264,465
2265,513
2266,402
2267,436
2268,405
2269,487
2270,374
2271,265
2272,239
2273,247
2274,252
2275,202
2276,290
2277,323
2278,280
2279,456
2280,483
2281,647
2282,367
2283,254
2284,276
2285,311
2286,307
2287,243
2288,341
2289,197
2290,188
2291,190
2292,128
2293,140
2294,111
2295,109
2296,170
2297,208
2298,233
2299,214
2300,175
2301,209
2302,139
2303,126
2304,72
2305,116
2306,103
2307,181
2308,146
2309,162
2310,235
2311,307
2312,386
2313,377
2314,353
2315,372
2316,332
2317,295
2318,327
2319,325
2320,256
2321,134
2322,96
2323,103
2324,86
2325,73
2326,80
2327,93
2328,177
2329,140
2330,134
2331,153
2332,250
2333,228
2334,290
2335,255
2336,222
2337,199
2338,188
2339,159
2340,191
2341,201
2342,266
2343,275
2344,140
2345,133
2346,136
2347,126
2348,230
2349,205
2350,183
2351,166
2352,111
2353,151
2354,156
2355,113
2356,160
2357,134
2358,165
2359,179
2360,145
2361,152
2362,118
2363,176
2364,71
2365,96
2366,183
2367,139
2368,197
2369,221
2370,223
2371,254
2372,137
2373,245
2374,211
2375,123
2376,130
2377,135
2378,154
2379,147
2380,160
2381,125
2382,86
2383,85
2384,75
2385,76
2386,146
2387,64
2388,101
2389,76
2390,51
2391,115
2392,71
2393,83
2394,70
2395,81
2396,55
2397,51
2398,92
2399,75
2400,47
2401,23
2402,226
2403,380
2404,335
2405,237
2406,228
2407,254
2408,304
2409,210
2410,205
2411,230
2412,140
2413,172
2414,106
2415,95
2416,142
2417,137
2418,162
2419,203
2420,218
2421,93
2422,167
2423,164
2424,48
2425,33
2426,64
2427,27
2428,18
2429,25
2430,53
2431,162
2432,146
2433,27
2434,27
2435,27
2436,21
2437,29
2438,33
2439,29
2440,8
2441,24
2442,19
2443,27
2444,20
2445,26
2446,24
2447,16
2448,61
2449,14
2450,25
2451,28
2452,52
2453,86
2454,138
2455,135
2456,180
2457,178
2458,340
2459,324
2460,136
2461,114
2462,100
2463,74
2464,134
2465,149
2466,86
2467,90
2468,114
2469,136
2470,114
2471,101
2472,91
2473,98
2474,73
2475,63
2476,39
2477,59
2478,57
2479,59
2480,80
2481,97
2482,54
2483,63
2484,92
2485,89
2486,112
2487,90
2488,74
2489,82
2490,99
2491,105
2492,92
2493,97
2494,123
2495,130
2496,198
2497,249
2498,242
2499,316
2500,459
2501,554
2502,435
2503,442
2504,444
2505,363
2506,693
2507,503
2508,374
2509,285
2510,277
2511,268
2512,227
2513,226
2514,255
2515,186
2516,219
2517,270
2518,184
2519,147
2520,222
2521,225
2522,166
2523,230
2524,203
2525,239
2526,251
2527,191
2528,191
2529,278
2530,213
2531,276
2532,281
2533,292
2534,222
2535,199
2536,318
2537,330
2538,457
2539,714
2540,569
2541,432
2542,444
2543,571
2544,439
2545,313
2546,237
2547,194
2548,124
2549,194
2550,212
2551,272
2552,224
2553,258
2554,386
2555,247
2556,364
2557,336
2558,255
2559,279
2560,310
2561,238
2562,136
2563,108
2564,90
2565,126
2566,149
2567,154
2568,113
2569,119
2570,101
2571,111
2572,160
2573,191
2574,123
2575,99
2576,77
2577,80
2578,92
2579,128
2580,123
2581,111
2582,168
2583,86
2584,115
2585,57
2586,95
2587,85
2588,139
2589,202
2590,144
2591,103
2592,80
2593,96
2594,63
2595,69
2596,79
2597,79
2598,108
2599,73
2600,71
2601,71
2602,199
2603,90
2604,87
2605,131
2606,117
2607,112
2608,100
2609,96
2610,133
2611,185
2612,227
2613,219
2614,225
2615,143
2616,141
2617,150
2618,205
2619,178
2620,229
2621,300
2622,168
2623,239
2624,185
2625,172
2626,250
2627,266
2628,175
2629,219
2630,184
2631,60
2632,67
2633,89
2634,108
2635,92
2636,90
2637,72
2638,65
2639,84
2640,108
2641,97
2642,85
2643,101
2644,63
2645,48
2646,33
2647,41
2648,45
2649,40
2650,77
2651,63
2652,36
2653,45
2654,40
2655,30
2656,35
2657,60
2658,63
2659,122
2660,147
2661,47
2662,37
2663,47
2664,62
2665,46
2666,47
2667,70
2668,165
2669,46
2670,43
2671,53
2672,58
2673,88
2674,130
2675,156
2676,121
2677,138
2678,78
2679,171
2680,183
2681,240
2682,280
2683,286
2684,228
2685,258
2686,161
2687,204
2688,149
2689,97
2690,94
2691,115
2692,150
2693,111
2694,98
2695,100
2696,173
2697,125
2698,162
2699,226
2700,79
2701,73
2702,163
2703,122
2704,163
2705,104
2706,98
2707,98
2708,127
2709,175
2710,158
2711,119
2712,161
2713,102
2714,68
2715,126
2716,96
2717,112
2718,127
2719,70
2720,71
2721,84
2722,52
2723,71
2724,94
2725,75
2726,83
2727,70
2728,69
2729,66
2730,94
2731,56
2732,76
2733,121
2734,190
2735,144
2736,145
2737,150
2738,171
2739,141
2740,162
2741,177
2742,193
2743,264
2744,228
2745,375
2746,273
2747,252
2748,271
2749,177
2750,124
2751,217
2752,197
2753,251
2754,243
2755,353
2756,211
2757,158
2758,179
2759,202
2760,207
2761,246
2762,326
2763,267
2764,234
2765,264
2766,281
2767,180
2768,182
2769,151
2770,243
2771,271
2772,261
2773,298
2774,197
2775,264
2776,242
2777,174
2778,222
2779,369
2780,296
2781,265
2782,192
2783,195
2784,236
2785,210
2786,250
2787,174
2788,172
2789,123
2790,153
2791,105
2792,87
2793,78
2794,86
2795,84
2796,58
2797,40
2798,103
2799,115
2800,72
2801,91
2802,62
2803,117
2804,191
2805,252
2806,298
2807,270
2808,240
2809,363
2810,151
2811,158
2812,165
2813,228
2814,166
2815,178
2816,199
2817,264
2818,254
2819,214
2820,287
2821,158
2822,238
2823,304
2824,161
2825,193
2826,226
2827,225
2828,208
2829,221
2830,208
2831,222
2832,225
2833,239
2834,338
2835,278
2836,246
2837,250
2838,210
2839,225
2840,301
2841,318
2842,320
2843,354
2844,418
2845,425
2846,526
2847,393
2848,439
2849,420
2850,460
2851,416
2852,388
2853,461
2854,432
2855,400
2856,255
2857,248
2858,277
2859,332
2860,395
2861,329
2862,281
2863,226
2864,183
2865,266
2866,190
2867,288
2868,260
2869,311
2870,390
2871,483
2872,408
2873,351
2874,278
2875,315
2876,368
2877,413
2878,277
2879,332
2880,236
2881,206
2882,243
2883,230
2884,243
2885,217
2886,190
2887,195
2888,135
2889,175
2890,200
2891,186
2892,210
2893,192
2894,177
2895,135
2896,183
2897,168
2898,136
2899,141
2900,250
2901,221
2902,191
2903,153
2904,240
2905,153
2906,224
2907,201
2908,221
2909,245
2910,197
2911,194
2912,206
2913,199
2914,190
2915,211
2916,317
2917,229
2918,254
2919,277
2920,341
2921,287
2922,261
2923,331
2924,423
2925,497
2926,354
2927,442
2928,292
2929,469
2930,376
2931,860
2932,214
2933,786
2934,226
2935,560
2936,341
2937,540
2938,510
2939,388
2940,412
2941,359
2942,335
2943,243
2944,248
2945,209
2946,254
2947,232
2948,197
2949,200
2950,102
2951,113
2952,201
2953,197
2954,113
2955,96
2956,78
2957,184
2958,212
2959,227
2960,96
2961,92
2962,136
2963,133
2964,167
2965,194
2966,246
2967,166
2968,210
2969,171
2970,123
2971,204
2972,195
2973,234
2974,248
2975,206
2976,203
2977,304
2978,294
2979,378
2980,307
2981,280
2982,239
2983,254
2984,207
2985,309
2986,230
2987,264
2988,297
2989,325
2990,234
2991,389
2992,280
2993,274
2994,256
2995,198
2996,179
2997,196
2998,274
2999,247
3000,204
3001,238
3002,281
3003,442
3004,353
3005,259
3006,239
3007,230
3008,174
3009,150
3010,146
3011,130
3012,184
3013,218
3014,176
3015,165
3016,179
3017,237
3018,239
3019,229
3020,162
3021,201
3022,141
3023,192
3024,197
3025,206
3026,177
3027,188
3028,150
3029,178
3030,145
3031,175
3032,140
3033,184
3034,232
3035,266
3036,201
3037,233
3038,194
3039,199
3040,274
3041,242
3042,369
3043,251
3044,271
3045,316
3046,328
3047,416
3048,449
3049,403
3050,507
3051,369
3052,263
3053,352
3054,287
3055,245
3056,244
3057,215
3058,251
3059,194
3060,145
3061,217
3062,269
3063,346
3064,316
3065,316
3066,405
3067,218
3068,185
3069,148
3070,105
3071,117
3072,87
3073,130
3074,298
3075,180
3076,110
3077,108
3078,107
3079,152
3080,175
3081,174
3082,311
3083,214
3084,184
3085,119
3086,85
3087,122
3088,85
3089,106
3090,95
3091,93
3092,119
3093,92
3094,117
3095,134
3096,181
3097,190
3098,228
3099,174
3100,153
3101,109
3102,147
3103,144
3104,213
3105,181
3106,197
3107,140
3108,126
3109,159
3110,148
3111,156
3112,138
3113,173
3114,131
3115,182
3116,128
3117,113
3118,144
3119,183
3120,240
3121,173
3122,237
3123,164
3124,145
3125,206
3126,216
3127,204
3128,738
3129,279
3130,370
3131,388
3132,369
3133,316
3134,302
3135,461
3136,464
3137,246
3138,221
3139,315
3140,292
3141,349
3142,401
3143,194
3144,328
3145,346
3146,229
3147,278
3148,270
3149,363
3150,221
3151,895
3152,363
3153,385
3154,392
3155,435
3156,494
3157,354
3158,300
3159,277
3160,254
3161,225
3162,200
3163,191
3164,237
3165,265
3166,246
3167,215
3168,184
3169,294
3170,409
3171,233
3172,214
3173,345
3174,303
3175,227
3176,658
3177,202
3178,351
3179,200
3180,200
3181,181
3182,170
3183,178
3184,184
3185,112
3186,121
3187,207
3188,120
3189,158
3190,187
3191,197
3192,210
3193,165
3194,213
3195,161
3196,88
3197,129
3198,219
3199,200
3200,140
3201,182
3202,145
3203,174
3204,165
3205,219
3206,196
3207,318
3208,208
3209,328
3210,267
3211,221
3212,276
3213,308
3214,262
3215,432
3216,343
3217,196
3218,140
3219,203
3220,222
3221,131
3222,249
3223,223
3224,195
3225,212
3226,197
3227,187
3228,252
3229,242
3230,201
3231,122
3232,126
3233,90
3234,172
3235,82
3236,78
3237,81
3238,97
3239,98
3240,78
3241,86
3242,73
3243,108
3244,90
3245,118
3246,59
3247,81
3248,71
3249,50
3250,114
3251,64
3252,84
3253,155
3254,175
3255,157
3256,173
3257,164
3258,175
3259,191
3260,280
3261,242
3262,224
3263,270
3264,210
3265,235
3266,229
3267,177
3268,153
3269,164
3270,240
3271,274
3272,285
3273,145
3274,181
3275,216
3276,158
3277,171
3278,169
3279,232
3280,163
3281,176
3282,105
3283,66
3284,130
3285,54
3286,41
3287,88
3288,60
3289,51
3290,61
3291,69
3292,143
3293,103
3294,75
3295,44
3296,49
3297,43
3298,47
3299,84
3300,45
3301,59
3302,30
3303,47
3304,45
3305,79
3306,50
3307,26
3308,31
3309,32
3310,47
3311,40
3312,50
3313,35
3314,33
3315,72
3316,56
3317,53
3318,63
3319,115
3320,99
3321,62
3322,38
3323,54
3324,142
3325,33
3326,63
3327,70
3328,72
3329,56
3330,35
3331,48
3332,78
3333,47
3334,36
3335,71
3336,56
3337,69
3338,88
3339,51
3340,61
3341,50
3342,56
3343,50
3344,26
3345,58
3346,40
3347,80
3348,62
3349,34
3350,32
3351,57
3352,80
3353,73
3354,93
3355,107
3356,113
3357,69
3358,28
3359,70
3360,45
3361,48
3362,19
3363,25
3364,22
3365,65
3366,54
3367,80
3368,77
3369,33
3370,45
3371,41
3372,35
3373,92
3374,43
3375,32
3376,44
3377,59
3378,112
3379,79
3380,65
3381,31
3382,180
3383,88
3384,86
3385,129
3386,82
3387,91
3388,72
3389,66
3390,45
3391,20
3392,53
3393,13
3394,44
3395,39
3396,56
3397,60
3398,53
3399,22
3400,37
3401,61
3402,59
3403,62
3404,42
3405,77
3406,38
3407,37
3408,68
3409,47
3410,37
3411,29
3412,49
3413,18
3414,42
3415,47
3416,54
3417,31
3418,33
3419,28
3420,28
3421,39
3422,33
3423,31
3424,22
3425,20
3426,15
3427,17
3428,17
3429,20
3430,38
3431,42
3432,29
3433,28
3434,13
3435,12
3436,33
3437,34
3438,23
3439,23
3440,58
3441,51
3442,33
3443,46
3444,30
3445,30
3446,23
3447,20
3448,16
3449,111
3450,66
3451,68
3452,61
3453,67
3454,67
3455,49
3456,26
3457,37
3458,41
3459,64
3460,76
3461,86
3462,55
3463,70
3464,44
3465,22
3466,36
3467,54
3468,61
3469,79
3470,108
3471,60
3472,106
3473,71
3474,47
3475,54
3476,45
3477,69
3478,49
3479,93
3480,94
3481,116
3482,156
3483,142
3484,90
3485,73
3486,59
3487,50
3488,23
3489,65
3490,42
3491,24
3492,59
3493,76
3494,42
3495,46
3496,25
3497,44
3498,51
3499,38
3500,21
3501,31
3502,31
3503,26
3504,58
3505,39
3506,45
3507,66
3508,105
3509,117
3510,89
3511,28
3512,36
3513,36
3514,29
3515,16
3516,21
3517,61
3518,26
3519,37
3520,41
3521,50
3522,39
3523,59
3524,62
3525,17
3526,36
3527,20
3528,24
3529,44
3530,33
3531,28
3532,22
3533,37
3534,32
3535,31
3536,61
3537,50
3538,84
3539,102
3540,109
3541,65
3542,105
3543,95
3544,122
3545,112
3546,58
3547,78
3548,72
3549,45
3550,75
3551,58
3552,87
3553,45
3554,12
3555,5
3556,10
3557,14
3558,3
3559,3
3560,14
3561,14
3562,10
3563,23
3564,42
3565,38
3566,64
3567,12
3568,10
3569,9
3570,6
3571,8
3572,8
3573,15
3574,4
3575,5
3576,27
3577,22
3578,11
3579,5
3580,2
3581,25
3582,10
3583,3
3584,6
3585,8
3586,7
3588,10
3589,16
3590,11
3591,7
3592,14
3593,11
3594,5
3595,10
3596,11
3597,3
3598,7
3599,3
3600,5
3601,3
3602,9
3603,1
3604,4
3605,12
3606,5
3607,9
3608,12
3609,4
3610,14
3611,10
3612,24
3613,21
3614,5
3615,4
3616,7
3617,8
3618,2
3619,3
3620,1
3621,15
3622,5
3623,7
3624,5
3625,11
3626,18
3627,8
3628,6
3629,4
3630,6
3631,4
3632,1
3633,3
3634,2
3635,11
3636,29
3637,25
3638,31
3639,20
3640,6
3641,9
3642,4
3643,8
3644,2
3645,7
3646,18
3647,3
3648,9
3649,7
3650,6
3651,13
3652,15
3653,13
3654,5
3655,23
3656,61
3657,18
3658,21
3659,15
3660,10
3661,7
3662,9
3663,15
3664,12
3665,13
3666,9
3667,32
3668,23
3669,18
3670,20
3671,20
3672,8
3673,44
3674,50
3675,27
3676,36
3677,28
3678,25
3679,14
3680,19
3681,46
3682,10
3683,6
3684,13
3685,6
3686,6
3687,7
3688,10
3689,13
3690,18
3691,37
3692,65
3693,57
3694,55
3695,35
3696,45
3697,9
3698,13
3699,7
3700,7
3701,29
3702,5
3703,13
3704,13
3705,18
3706,18
3707,6
3708,17
3709,26
3710,11
3711,8
3712,8
3713,3
3714,11
3715,10
3716,2
3717,5
3718,11
3719,6
3720,9
3721,11
3722,5
3723,4
3724,22
3725,5
3726,15
3727,14
3728,15
3729,13
3730,6
3731,4
3732,10
3733,18
3734,81
3735,55
3736,1
3737,6
3738,4
3739,6
3740,8
3741,4
3742,13
3743,8
3744,5
3745,5
3746,1
3748,16
3749,42
3750,12
3751,25
3752,23
3753,45
3754,51
3755,18
3756,13
3757,4
3758,51
3759,1
3760,5
3761,5
3762,16
3763,29
3764,3
3765,11
3766,4
3767,4
3768,6
3769,2
3770,9
3771,2
3772,6
3773,4
3774,5
3775,5
3776,22
3777,7
3778,7
3779,22
3780,23
3781,18
3782,38
3783,30
3784,8
3786,2
3787,3
3788,1
3789,6
3790,5
3791,3
3792,14
3793,23
3794,10
3795,2
3796,5
3798,7
3799,4
3800,4
3801,4
3802,3
3804,3
3805,3
3806,4
3807,25
3808,7
3809,18
3810,4
3811,7
3812,9
3813,6
3814,4
3815,12
3816,10
3817,23
3818,17
3819,26
3820,17
3821,7
3822,1
3823,3
3824,5
3825,5
3826,2
3827,7
3828,2
3829,4
3830,5
3831,11
3832,3
3833,23
3834,13
3835,4
3836,6
3837,9
3838,5
3839,7
3840,4
3841,5
3843,3
3844,4
3845,7
3846,4
3847,2
3848,10
3849,17
3850,5
3851,4
3852,3
3853,15
3854,10
3855,13
3856,4
3857,2
3858,1
3860,4
3861,7
3862,4
3863,3
3864,17
3865,23
3866,1
3867,1
3869,10
3870,8
3871,26
3872,40
3873,32
3874,17
3875,3
3876,10
3877,4
3878,14
3879,32
3880,18
3881,7
3882,6
3883,7
3884,9
3885,9
3886,10
3887,13
3888,7
3889,3
3890,5
3891,4
3892,9
3893,33
3894,19
3895,56
3896,3
3897,16
3898,8
3899,15
3900,20
3901,6
3902,10
3903,23
3904,17
3905,11
3906,31
3907,17
3908,22
3909,41
3910,46
3911,30
3912,33
3913,33
3914,28
3915,19
3916,33
3917,45
3918,44
3919,3
3920,14
3921,12
3922,28
3923,41
3924,14
3925,37
3926,38
3927,48
3928,20
3929,11
3930,2
3931,12
3932,81
3933,120
3934,36
3935,14
3936,11
3937,10
3938,28
3939,32
3940,10
3941,20
3942,29
3943,9
3944,8
3945,6
3946,17
3947,11
3948,14
3949,8
3950,6
3951,7
3952,1
3953,14
3954,3
3955,10
3956,7
3957,53
3958,73
3959,41
3960,32
3961,13
3962,13
3963,20
3964,15
3965,13
3966,14
3967,10
3968,26
3969,20
3970,15
3971,15
3972,12
3973,32
3974,46
3975,10
3976,4
3977,15
3978,3
3979,11
3980,4
3981,10
3983,4
3984,11
3985,27
3986,30
3987,28
3988,9
3989,12
3990,6
3991,3
3992,1
3993,5
3994,10
3995,10
3996,1
3997,11
3998,14
3999,9
4000,13
4001,2
4002,2
4003,7
4004,21
4005,5
4006,2
4007,4
4008,6
4009,2
4011,5
4012,4
4013,5
4014,10
4015,8
4016,8
4017,27
4018,22
4019,12
4020,6
4021,5
4022,9
4023,11
4024,4
4025,4
4026,9
4027,11
4028,12
4029,21
4030,1
4031,14
4032,5
4033,19
4034,4
4035,9
4036,16
4037,4
4038,12
4039,2
4040,5
4041,15
4042,4
4043,3
4044,33
4045,27
4047,23
4048,22
4049,24
4051,6
4052,1
4053,4
4054,12
4055,6
4056,10
4057,20
4058,47
4059,88
4060,94
4061,108
4062,19
4063,1
4065,1
4066,5
4068,2
4069,1
4070,10
4071,8
4072,17
4073,36
4074,1
4075,2
4076,12
4077,2
4078,11
4079,7
4080,11
4081,2
4082,10
4083,13
4085,21
4086,11
4087,23
4088,19
4089,18
4090,6
4091,3
4092,17
4093,17
4094,18
4095,3
4096,8
4097,8
4098,10
4099,6
4100,1
4101,17
4102,26
4103,14
4104,4
4105,6
4107,12
4108,1
4109,5
4111,6
4112,2
4113,3
4114,2
4115,7
4116,21
4117,11
4118,4
4119,8
4120,6
4121,17
4122,9
4123,5
4124,23
4125,2
4126,17
4127,22
4128,5
4129,8
4130,13
4131,6
4132,12
4133,27
4134,2
4135,3
4136,2
4137,5
4138,18
4139,4
4140,6
4141,7
4142,4
4143,1
4144,4
4145,12
4146,11
4147,2
4148,23
4149,4
4150,3
4151,1
4152,8
4153,10
4154,8
4155,1
4156,5
4157,8
4158,1
4159,18
4160,5
4161,6
4162,25
4163,44
4164,37
4165,11
4166,11
4168,10
4169,5
4170,32
4171,67
4172,99
4173,109
4174,58
4175,53
4176,102
4177,81
4178,71
4179,52
4180,43
4181,56
4182,47
4183,71
4184,24
4185,20
4186,43
4187,55
4188,40
4189,37
4190,109
4191,90
4192,58
4193,37
4194,50
4195,66
4196,60
4197,62
4198,52
4199,18
4200,22
4201,63
4202,95
4203,128
4204,43
4205,66
4206,44
4207,45
4208,47
4209,56
4210,71
4211,28
4212,28
4213,34
4214,72
4215,139
4216,152
4217,70
4218,23
4219,14
4220,2
4221,13
4222,24
4223,24
4224,13
4225,16
4226,14
4227,8
4228,16
4229,9
4230,23
4231,10
4232,3
4233,11
4234,6
4235,5
4236,3
4238,6
4239,6
4240,7
4241,22
4242,21
4243,7
4244,15
4245,11
4246,6
4247,13
4248,12
4249,13
4250,12
4251,10
4252,9
4253,2
4254,5
4255,4
4256,14
4257,26
4258,15
4259,22
4260,11
4261,10
4263,2
4264,18
4265,10
4266,24
4267,17
4268,20
4269,17
4270,2
4271,13
4272,34
4273,9
4274,16
4275,7
4276,22
4277,17
4278,11
4279,13
4280,1
4281,6
4282,12
4283,3
4284,5
4285,15
4286,12
4287,1
4288,4
4289,3
4292,4
4294,1
4296,4
4297,14
4298,15
4299,5
4300,1
4303,1
4304,3
4305,2
4306,2
4307,8
4308,14
4309,7
4310,10
4311,6
4312,1
4313,3
4314,7
4315,11
4316,15
4317,8
4318,4
4319,3
4320,3
4321,3
4322,2
