0,135535
1,536
2,68
3,96
4,79
5,90
6,37
7,47
8,54
9,74
10,96
11,78
12,190
13,28
14,12
15,19
16,17
17,28
18,30
19,39
20,28
21,15
22,13
23,11
24,3
25,28
26,23
27,16
28,55
29,29
30,12
31,7
32,11
33,18
34,17
35,8
36,26
37,17
38,28
39,10
40,27
41,15
42,26
43,25
44,14
45,29
46,26
47,17
48,22
49,31
50,25
51,15
52,29
53,18
54,29
55,8
56,22
57,56
58,38
59,42
60,26
61,38
62,87
63,72
64,83
65,281
66,79
67,59
68,50
69,69
70,34
71,58
72,80
73,79
74,138
75,46
76,40
77,79
78,69
79,105
80,53
81,73
82,74
83,77
84,138
85,162
86,127
87,94
88,394
89,91
90,100
91,53
92,41
93,91
94,61
95,53
96,67
97,78
98,276
99,98
100,154
101,156
102,161
103,202
104,86
105,186
106,86
107,95
108,76
109,140
110,63
111,57
112,79
113,43
114,85
115,78
116,97
117,135
118,72
119,54
120,46
121,130
122,131
123,50
124,51
125,29
126,578
127,39
128,74
129,116
130,54
131,83
132,70
133,40
134,52
135,67
136,107
137,63
138,41
139,45
140,96
141,41
142,61
143,27
144,40
145,37
146,60
147,73
148,52
149,137
150,68
151,64
152,88
153,92
154,144
155,171
156,68
157,64
158,32
159,76
160,121
161,130
162,153
163,79
164,91
165,86
166,242
167,470
168,164
169,101
170,65
171,76
172,73
173,107
174,61
175,52
176,51
177,48
178,59
179,50
180,117
181,66
182,87
183,76
184,51
185,120
186,119
187,190
188,123
189,163
190,136
191,168
192,250
193,242
194,207
195,154
196,105
197,321
198,141
199,118
200,195
201,147
202,113
203,142
204,94
205,263
206,308
207,236
208,269
209,272
210,165
211,203
212,210
213,163
214,199
215,237
216,565
217,598
218,526
219,348
220,288
221,212
222,206
223,156
224,305
225,474
226,245
227,199
228,166
229,181
230,310
231,380
232,236
233,119
234,129
235,359
236,162
237,123
238,214
239,151
240,163
241,148
242,164
243,64
244,111
245,161
246,135
247,122
248,144
249,327
250,307
251,122
252,131
253,155
254,147
255,145
256,88
257,91
258,110
259,120
260,200
261,212
262,193
263,278
264,264
265,286
266,186
267,285
268,356
269,268
270,321
271,604
272,443
273,350
274,205
275,305
276,293
277,841
278,1631
279,458
280,464
281,419
282,406
283,318
284,225
285,580
286,229
287,348
288,310
289,896
290,464
291,444
292,346
293,414
294,356
295,274
296,248
297,256
298,383
299,229
300,207
301,716
302,504
303,387
304,308
305,285
306,224
307,278
308,269
309,394
310,214
311,266
312,402
313,570
314,656
315,236
316,289
317,368
318,284
319,250
320,214
321,399
322,362
323,530
324,296
325,474
326,422
327,584
328,555
329,401
330,361
331,405
332,323
333,422
334,300
335,314
336,312
337,549
338,509
339,582
340,464
341,318
342,406
343,222
344,330
345,389
346,427
347,375
348,317
349,528
350,424
351,348
352,445
353,173
354,160
355,250
356,317
357,291
358,203
359,197
360,379
361,449
362,294
363,274
364,305
365,383
366,416
367,671
368,952
369,557
370,508
371,642
372,510
373,346
374,341
375,476
376,624
377,557
378,463
379,553
380,617
381,627
382,1249
383,581
384,560
385,537
386,615
387,588
388,587
389,627
390,706
391,962
392,923
393,659
394,767
395,740
396,633
397,820
398,857
399,1511
400,732
401,707
402,793
403,598
404,707
405,706
406,876
407,767
408,992
409,541
410,714
411,912
412,680
413,1452
414,1116
415,1105
416,962
417,1099
418,1067
419,869
420,981
421,1035
422,993
423,1099
424,905
425,1306
426,1116
427,1171
428,1665
429,711
430,729
431,936
432,918
433,983
434,1549
435,1228
436,1254
437,1630
438,1859
439,1507
440,2213
441,1924
442,1892
443,1682
444,993
445,1039
446,995
447,923
448,962
449,1045
450,983
451,2139
452,1212
453,1062
454,1224
455,1184
456,1731
457,1245
458,1647
459,2077
460,2141
461,1884
462,2591
463,2659
464,2940
465,1726
466,2184
467,1985
468,1842
469,2187
470,2855
471,2464
472,3329
473,3250
474,3068
475,2377
476,2684
477,2135
478,2469
479,2562
480,2012
481,2092
482,2036
483,2633
484,1969
485,2028
486,1999
487,2284
488,2453
489,3234
490,3118
491,3675
492,3934
493,3478
494,3627
495,3646
496,3284
497,3617
498,3372
499,3151
500,5653
501,3648
502,3943
503,3484
504,4058
505,4255
506,4365
507,4405
508,4006
509,4833
510,4146
511,4741
512,5189
513,6037
514,5393
515,5346
516,6564
517,5639
518,5603
519,7050
520,6386
521,7225
522,7215
523,7253
524,6685
525,6297
526,7719
527,7709
528,9578
529,7571
530,7974
531,7193
532,7169
533,7226
534,8409
535,7918
536,8143
537,8419
538,8574
539,9491
540,9717
541,11327
542,10916
543,10607
544,11739
545,10897
546,12301
547,12709
548,12272
549,13291
550,12874
551,14555
552,18245
553,15369
554,15622
555,15065
556,15645
557,16564
558,17827
559,16200
560,18447
561,23446
562,19510
563,22106
564,21408
565,21993
566,29377
567,27993
568,29460
569,38009
570,31277
571,33948
572,33500
573,36695
574,37367
575,42011
576,41969
577,42885
578,46340
579,56699
580,57392
581,60574
582,67164
583,72806
584,94266
585,100353
586,102539
587,119241
588,138527
589,150936
590,161638
591,190315
592,236999
593,281747
594,368599
595,457781
596,581795
597,817723
598,1273952
599,2853230
600,28258997
601,38055
602,26196
603,26797
604,25862
605,27704
606,26810
607,28178
608,27476
609,26641
610,28351
611,26608
612,26949
613,28042
614,26820
615,27830
616,26135
617,24261
618,21218
619,20984
620,19575
621,19597
622,19691
623,18766
624,20842
625,19009
626,18050
627,19229
628,18284
629,18211
630,19314
631,19175
632,17065
633,21393
634,23419
635,22249
636,18522
637,18569
638,17483
639,19022
640,18190
641,16553
642,16446
643,14885
644,14597
645,14165
646,16305
647,19232
648,18493
649,18283
650,18611
651,20636
652,19487
653,15534
654,15273
655,15576
656,18978
657,17733
658,17394
659,18309
660,15319
661,18717
662,15554
663,15783
664,14080
665,16175
666,14989
667,16219
668,17474
669,17006
670,17186
671,18924
672,18257
673,16908
674,14985
675,16530
676,16792
677,16884
678,16652
679,15992
680,15790
681,13246
682,13396
683,12964
684,13457
685,12768
686,11881
687,13121
688,14159
689,16574
690,14822
691,15705
692,15541
693,15860
694,18558
695,17106
696,15575
697,14629
698,11966
699,13378
700,13579
701,14328
702,14665
703,12354
704,12686
705,12881
706,12999
707,11932
708,11469
709,11914
710,10311
711,13303
712,14199
713,14158
714,14897
715,11636
716,12033
717,10305
718,12066
719,11471
720,10470
721,10079
722,9636
723,9163
724,11099
725,9380
726,11836
727,9631
728,9419
729,8687
730,9380
731,9178
732,9864
733,9436
734,10393
735,9653
736,9696
737,9422
738,11281
739,12359
740,12306
741,11099
742,8636
743,9078
744,9386
745,10062
746,10781
747,10463
748,9796
749,9623
750,10146
751,10296
752,8525
753,8384
754,8308
755,9055
756,9881
757,8921
758,9233
759,10051
760,9157
761,8408
762,10557
763,10717
764,8833
765,9314
766,9744
767,11992
768,8833
769,8855
770,8793
771,9028
772,8555
773,9251
774,8783
775,8437
776,7879
777,7440
778,8224
779,7160
780,7986
781,7864
782,8406
783,9160
784,9002
785,9863
786,9832
787,9166
788,9914
789,8243
790,7705
791,7739
792,8329
793,9046
794,8527
795,7549
796,7530
797,8903
798,10158
799,14050
800,15234
801,14077
802,12377
803,10908
804,10377
805,9377
806,7885
807,7324
808,6070
809,6684
810,7833
811,9137
812,9682
813,8239
814,8296
815,10040
816,8112
817,8651
818,8755
819,8917
820,11186
821,10960
822,11923
823,12488
824,13967
825,15522
826,12843
827,12985
828,11226
829,11259
830,13019
831,12416
832,11924
833,11918
834,12503
835,13335
836,14424
837,14511
838,13432
839,12267
840,10806
841,10864
842,9419
843,8595
844,7642
845,9407
846,8584
847,7936
848,9389
849,9829
850,7463
851,8725
852,7948
853,9528
854,10056
855,10839
856,11140
857,10794
858,11762
859,13378
860,11733
861,11466
862,10850
863,10848
864,12337
865,12089
866,15842
867,13594
868,14519
869,14460
870,14013
871,11690
872,12530
873,15043
874,14269
875,11458
876,12242
877,11611
878,13267
879,14402
880,12755
881,13488
882,11326
883,12840
884,12176
885,16451
886,15930
887,14146
888,13332
889,12318
890,15047
891,12311
892,13534
893,10049
894,9678
895,9632
896,8963
897,9156
898,9635
899,11338
900,12629
901,13833
902,14019
903,16231
904,17342
905,21473
906,23780
907,24914
908,26127
909,26494
910,23068
911,21632
912,22589
913,22791
914,18545
915,17910
916,17903
917,16598
918,18290
919,16149
920,14409
921,13606
922,11111
923,9539
924,9373
925,10397
926,10852
927,9749
928,8715
929,10440
930,10149
931,10213
932,9535
933,10121
934,11037
935,10151
936,9913
937,8224
938,7608
939,7656
940,7464
941,8534
942,8567
943,7719
944,7122
945,6184
946,6006
947,6508
948,6577
949,7373
950,7881
951,8897
952,8480
953,7439
954,6749
955,6792
956,6992
957,7764
958,8219
959,7978
960,7359
961,8268
962,7911
963,8060
964,8208
965,8165
966,8027
967,7255
968,7799
969,8249
970,7755
971,8607
972,7532
973,7925
974,7715
975,7391
976,7531
977,6928
978,6887
979,8240
980,7219
981,6837
982,7047
983,7840
984,6422
985,6793
986,7289
987,7407
988,7412
989,7454
990,7236
991,8263
992,7476
993,6346
994,6561
995,6833
996,5953
997,6628
998,7426
999,7443
1000,7697
1001,7345
1002,7529
1003,7163
1004,6911
1005,7705
1006,6745
1007,6105
1008,6773
1009,7045
1010,7046
1011,6672
1012,5495
1013,5443
1014,5982
1015,6607
1016,6131
1017,5408
1018,5742
1019,5855
1020,5820
1021,5987
1022,6055
1023,5892
1024,5742
1025,6240
1026,5356
1027,5772
1028,5574
1029,5582
1030,5695
1031,5641
1032,5358
1033,5009
1034,4915
1035,4804
1036,5553
1037,6268
1038,5515
1039,5637
1040,5979
1041,6208
1042,5579
1043,6424
1044,6756
1045,7369
1046,8373
1047,8137
1048,8100
1049,7329
1050,7052
1051,6817
1052,6392
1053,5986
1054,6161
1055,6565
1056,7474
1057,5873
1058,5584
1059,5827
1060,5976
1061,6004
1062,5757
1063,5682
1064,6018
1065,6510
1066,6293
1067,7258
1068,8067
1069,7653
1070,6228
1071,5978
1072,6114
1073,6501
1074,6503
1075,5955
1076,5907
1077,5369
1078,5139
1079,5261
1080,5657
1081,5570
1082,5376
1083,6281
1084,6582
1085,5688
1086,6566
1087,6267
1088,5753
1089,6058
1090,6219
1091,7983
1092,7709
1093,6202
1094,5633
1095,5548
1096,5125
1097,4793
1098,4533
1099,4163
1100,4190
1101,4999
1102,5318
1103,5642
1104,5481
1105,7591
1106,7898
1107,6313
1108,6601
1109,7298
1110,6523
1111,5542
1112,5704
1113,5606
1114,6630
1115,5329
1116,5950
1117,5154
1118,5268
1119,5474
1120,5938
1121,6152
1122,5658
1123,5814
1124,5385
1125,5600
1126,5016
1127,4581
1128,4822
1129,4443
1130,4582
1131,6232
1132,6408
1133,6168
1134,6499
1135,6367
1136,5618
1137,5761
1138,6089
1139,5620
1140,5314
1141,4719
1142,4546
1143,4957
1144,4243
1145,4468
1146,5247
1147,5120
1148,6118
1149,6513
1150,5713
1151,5750
1152,4881
1153,5672
1154,5077
1155,5190
1156,4760
1157,5869
1158,5395
1159,4842
1160,5227
1161,4946
1162,5407
1163,5181
1164,6006
1165,5179
1166,4883
1167,5593
1168,5213
1169,4426
1170,4451
1171,4302
1172,4068
1173,4401
1174,4875
1175,5081
1176,5052
1177,4251
1178,3764
1179,4122
1180,4159
1181,4542
1182,4381
1183,4377
1184,3702
1185,3488
1186,3750
1187,3881
1188,4369
1189,3819
1190,4021
1191,4183
1192,3426
1193,3514
1194,4290
1195,3227
1196,3404
1197,3006
1198,2984
1199,4037
1200,4233
1201,4117
1202,3653
1203,4077
1204,4918
1205,4153
1206,3831
1207,3856
1208,3847
1209,4392
1210,5716
1211,5128
1212,4428
1213,4426
1214,4404
1215,5284
1216,5243
1217,5651
1218,6644
1219,6750
1220,6711
1221,6655
1222,10940
1223,7024
1224,7589
1225,7334
1226,6868
1227,6180
1228,5820
1229,6146
1230,5998
1231,5807
1232,6372
1233,6514
1234,7672
1235,7595
1236,7207
1237,8527
1238,8637
1239,10143
1240,9943
1241,8815
1242,7890
1243,6932
1244,6242
1245,5617
1246,6093
1247,6333
1248,5079
1249,5533
1250,6287
1251,7490
1252,8056
1253,8111
1254,8000
1255,8987
1256,9238
1257,9858
1258,9800
1259,9498
1260,9186
1261,8448
1262,7611
1263,7109
1264,6745
1265,9153
1266,6791
1267,7920
1268,7597
1269,7814
1270,7933
1271,8164
1272,8279
1273,6471
1274,5298
1275,5481
1276,4534
1277,5713
1278,6073
1279,6327
1280,5437
1281,4463
1282,4495
1283,4295
1284,4887
1285,5175
1286,4469
1287,4140
1288,4745
1289,4916
1290,5543
1291,5400
1292,4844
1293,4083
1294,4024
1295,4270
1296,4159
1297,4418
1298,5376
1299,5451
1300,5475
1301,5922
1302,5251
1303,5027
1304,4692
1305,4996
1306,5712
1307,4804
1308,4599
1309,5059
1310,4866
1311,6489
1312,5090
1313,3847
1314,3314
1315,4328
1316,5667
1317,6126
1318,5468
1319,5633
1320,4801
1321,4738
1322,4482
1323,4919
1324,5251
1325,6085
1326,5130
1327,4776
1328,5365
1329,4849
1330,5291
1331,4213
1332,4717
1333,4408
1334,3416
1335,3421
1336,3346
1337,3352
1338,4393
1339,4472
1340,3631
1341,2918
1342,3176
1343,3177
1344,4053
1345,5187
1346,5147
1347,5417
1348,4784
1349,4322
1350,3927
1351,3151
1352,3539
1353,3864
1354,4060
1355,2902
1356,3616
1357,4468
1358,4169
1359,3969
1360,3570
1361,5032
1362,4192
1363,3252
1364,3600
1365,3852
1366,5390
1367,4018
1368,2975
1369,2992
1370,3964
1371,4070
1372,3371
1373,3076
1374,3198
1375,3989
1376,3190
1377,4120
1378,5079
1379,4683
1380,5409
1381,4404
1382,5354
1383,4174
1384,4341
1385,4777
1386,4753
1387,3336
1388,2537
1389,2768
1390,4214
1391,3688
1392,3669
1393,4613
1394,4661
1395,4615
1396,4747
1397,4136
1398,3851
1399,2975
1400,3314
1401,3890
1402,3587
1403,5212
1404,4288
1405,3958
1406,3968
1407,4403
1408,3605
1409,4299
1410,5255
1411,6179
1412,5331
1413,4901
1414,5345
1415,6366
1416,5193
1417,5420
1418,5624
1419,5182
1420,4797
1421,5540
1422,5469
1423,5282
1424,5353
1425,5168
1426,4632
1427,3561
1428,3290
1429,3373
1430,3175
1431,3100
1432,4462
1433,4803
1434,5304
1435,4191
1436,4133
1437,4904
1438,3825
1439,3440
1440,3514
1441,4000
1442,4246
1443,3337
1444,3768
1445,3439
1446,3199
1447,4224
1448,3338
1449,3242
1450,3743
1451,4074
1452,3377
1453,3788
1454,3620
1455,3087
1456,4464
1457,5129
1458,4375
1459,4147
1460,3187
1461,3083
1462,4057
1463,3604
1464,4491
1465,4656
1466,3823
1467,3872
1468,3689
1469,3631
1470,4321
1471,3788
1472,3204
1473,3516
1474,2543
1475,3255
1476,2577
1477,4010
1478,3735
1479,4702
1480,4686
1481,3978
1482,5164
1483,5146
1484,4884
1485,4344
1486,3699
1487,4239
1488,4702
1489,4815
1490,4643
1491,4458
1492,4397
1493,3093
1494,2988
1495,3165
1496,2480
1497,2649
1498,2654
1499,2452
1500,2559
1501,2224
1502,2904
1503,2515
1504,2515
1505,2205
1506,2988
1507,1955
1508,2805
1509,2460
1510,2883
1511,2566
1512,3445
1513,3879
1514,4359
1515,3364
1516,3385
1517,2642
1518,3467
1519,2705
1520,3185
1521,3378
1522,3906
1523,3931
1524,2997
1525,4208
1526,3402
1527,3674
1528,4113
1529,4110
1530,3535
1531,4325
1532,2895
1533,3609
1534,2905
1535,3093
1536,2727
1537,3119
1538,2703
1539,2876
1540,2998
1541,2779
1542,2977
1543,2469
1544,3179
1545,2578
1546,2696
1547,2082
1548,3023
1549,2819
1550,3267
1551,2434
1552,3366
1553,3061
1554,3230
1555,2861
1556,3216
1557,2833
1558,2916
1559,2866
1560,2811
1561,3152
1562,2720
1563,3081
1564,2568
1565,2312
1566,2466
1567,2834
1568,3276
1569,2550
1570,2421
1571,2534
1572,2056
1573,2155
1574,2567
1575,2014
1576,2405
1577,2467
1578,2190
1579,3077
1580,3113
1581,2930
1582,3645
1583,3057
1584,3189
1585,2075
1586,2422
1587,2043
1588,1689
1589,2751
1590,2208
1591,2180
1592,2795
1593,2697
1594,3451
1595,3653
1596,3987
1597,2730
1598,1687
1599,2056
1600,1969
1601,2071
1602,2654
1603,3471
1604,2433
1605,1795
1606,1974
1607,1918
1608,3368
1609,2351
1610,1584
1611,1613
1612,1423
1613,3310
1614,1694
1615,2088
1616,1322
1617,1670
1618,2494
1619,2751
1620,2648
1621,2667
1622,2830
1623,2242
1624,3560
1625,2821
1626,2977
1627,2080
1628,2379
1629,2186
1630,2451
1631,2923
1632,2994
1633,2765
1634,2632
1635,2539
1636,3223
1637,2260
1638,2144
1639,2577
1640,1770
1641,2033
1642,1935
1643,1724
1644,2096
1645,2145
1646,2290
1647,3391
1648,2958
1649,1534
1650,1704
1651,3862
1652,2907
1653,2385
1654,2069
1655,2610
1656,2867
1657,2169
1658,2575
1659,2290
1660,1960
1661,2053
1662,2010
1663,2205
1664,1839
1665,1910
1666,2327
1667,2366
1668,2463
1669,2223
1670,3010
1671,1521
1672,2284
1673,2955
1674,2504
1675,1840
1676,1607
1677,1640
1678,2902
1679,1852
1680,1677
1681,1517
1682,1745
1683,1773
1684,2602
1685,1991
1686,2130
1687,2893
1688,2658
1689,3424
1690,4845
1691,3780
1692,3269
1693,2547
1694,2174
1695,2602
1696,2470
1697,2431
1698,2207
1699,3072
1700,2639
1701,2294
1702,2451
1703,2827
1704,2350
1705,2996
1706,2765
1707,3969
1708,3907
1709,4787
1710,4066
1711,3528
1712,4815
1713,5306
1714,5060
1715,3707
1716,2901
1717,2371
1718,2398
1719,2614
1720,2060
1721,2559
1722,2765
1723,2848
1724,2546
1725,2529
1726,2927
1727,3137
1728,1865
1729,3270
1730,3448
1731,4094
1732,4571
1733,4440
1734,3145
1735,2629
1736,2269
1737,1444
1738,1654
1739,2066
1740,1869
1741,2236
1742,1425
1743,2308
1744,2609
1745,1694
1746,2181
1747,2390
1748,2189
1749,3631
1750,3209
1751,3437
1752,3226
1753,3281
1754,2690
1755,1795
1756,2294
1757,2374
1758,2304
1759,2173
1760,2219
1761,2378
1762,2522
1763,2147
1764,1667
1765,1730
1766,1816
1767,2226
1768,1832
1769,1879
1770,2459
1771,2775
1772,2570
1773,2514
1774,1760
1775,2989
1776,2134
1777,4450
1778,3019
1779,3248
1780,2613
1781,2830
1782,3490
1783,3429
1784,3118
1785,3601
1786,2792
1787,3528
1788,3673
1789,2487
1790,2493
1791,2706
1792,2515
1793,2255
1794,2453
1795,2764
1796,1778
1797,1420
1798,1975
1799,2408
1800,2450
1801,2841
1802,2745
1803,2453
1804,3818
1805,3939
1806,3528
1807,3425
1808,3118
1809,3397
1810,3639
1811,3313
1812,2138
1813,2110
1814,2807
1815,2266
1816,1788
1817,2283
1818,2415
1819,2866
1820,2070
1821,2393
1822,1319
1823,1280
1824,962
1825,1380
1826,1725
1827,2093
1828,2203
1829,2830
1830,3536
1831,2744
1832,3311
1833,3672
1834,3068
1835,1797
1836,2339
1837,2642
1838,2763
1839,1833
1840,1951
1841,2036
1842,1879
1843,1190
1844,1019
1845,1103
1846,999
1847,1732
1848,1774
1849,1583
1850,1696
1851,1755
1852,2398
1853,1412
1854,2036
1855,1456
1856,1524
1857,1849
1858,2096
1859,1666
1860,2437
1861,3691
1862,4079
1863,2461
1864,2014
1865,1718
1866,2244
1867,2107
1868,1947
1869,2252
1870,2605
1871,2190
1872,2140
1873,2044
1874,2545
1875,2511
1876,2363
1877,2819
1878,2788
1879,2620
1880,2635
1881,3160
1882,3518
1883,2907
1884,2488
1885,1998
1886,2031
1887,1574
1888,2101
1889,2621
1890,3145
1891,3886
1892,3373
1893,4003
1894,3277
1895,2997
1896,3194
1897,3088
1898,3829
1899,4743
1900,4065
1901,4135
1902,4247
1903,5461
1904,5326
1905,4554
1906,4997
1907,4972
1908,5318
1909,5878
1910,7273
1911,7101
1912,6855
1913,5189
1914,3752
1915,4211
1916,4634
1917,2955
1918,1678
1919,1182
1920,448
1921,591
1922,872
1923,627
1924,624
1925,711
1926,564
1927,868
1928,918
1929,593
1930,579
1931,712
1932,594
1933,642
1934,696
1935,527
1936,805
1937,871
1938,893
1939,650
1940,757
1941,676
1942,873
1943,931
1944,781
1945,676
1946,468
1947,762
1948,767
1949,739
1950,649
1951,758
1952,744
1953,699
1954,971
1955,886
1956,833
1957,694
1958,529
1959,581
1960,498
1961,545
1962,642
1963,694
1964,660
1965,605
1966,636
1967,497
1968,612
1969,671
1970,867
1971,565
1972,614
1973,766
1974,675
1975,597
1976,558
1977,456
1978,529
1979,639
1980,480
1981,688
1982,705
1983,552
1984,616
1985,839
1986,768
1987,534
1988,486
1989,440
1990,415
1991,585
1992,805
1993,1001
1994,955
1995,414
1996,471
1997,654
1998,700
1999,437
2000,428
2001,550
2002,482
2003,522
2004,619
2005,704
2006,400
2007,439
2008,768
2009,1010
2010,1112
2011,823
2012,928
2013,1023
2014,958
2015,708
2016,616
2017,507
2018,651
2019,560
2020,855
2021,730
2022,870
2023,1012
2024,675
2025,578
2026,536
2027,648
2028,553
2029,837
2030,904
2031,583
2032,609
2033,880
2034,961
2035,778
2036,795
2037,741
2038,386
2039,290
2040,320
2041,379
2042,364
2043,365
2044,399
2045,440
2046,356
2047,319
2048,361
2049,353
2050,556
2051,562
2052,528
2053,460
2054,478
2055,531
2056,484
2057,542
2058,560
2059,562
2060,671
2061,621
2062,800
2063,668
2064,484
2065,587
2066,891
2067,727
2068,717
2069,723
2070,622
2071,530
2072,570
2073,526
2074,563
2075,673
2076,560
2077,1033
2078,974
2079,662
2080,1311
2081,378
2082,441
2083,442
2084,412
2085,390
2086,405
2087,494
2088,507
2089,534
2090,518
2091,484
2092,593
2093,608
2094,511
2095,412
2096,349
2097,402
2098,444
2099,379
2100,403
2101,442
2102,409
2103,534
2104,624
2105,582
2106,577
2107,495
2108,449
2109,475
2110,443
2111,503
2112,506
2113,383
2114,448
2115,393
2116,478
2117,438
2118,437
2119,458
2120,507
2121,496
2122,477
2123,458
2124,519
2125,545
2126,627
2127,627
2128,537
2129,408
2130,385
2131,368
2132,362
2133,431
2134,480
2135,406
2136,334
2137,408
2138,379
2139,438
2140,618
2141,584
2142,604
2143,705
2144,683
2145,479
2146,556
2147,852
2148,717
2149,673
2150,727
2151,773
2152,860
2153,920
2154,1010
2155,979
2156,1106
2157,1191
2158,1298
2159,811
2160,873
2161,985
2162,835
2163,710
2164,692
2165,768
2166,695
2167,1164
2168,1024
2169,652
2170,653
2171,603
2172,449
2173,470
2174,392
2175,422
2176,416
2177,460
2178,497
2179,780
2180,511
2181,591
2182,651
2183,766
2184,842
2185,864
2186,776
2187,683
2188,668
2189,551
2190,453
2191,529
2192,663
2193,510
2194,751
2195,827
2196,799
2197,685
2198,650
2199,576
2200,765
2201,890
2202,920
2203,1014
2204,911
2205,811
2206,990
2207,742
2208,1002
2209,1362
2210,1153
2211,1670
2212,1098
2213,911
2214,1009
2215,1183
2216,2122
2217,1507
2218,1536
2219,1166
2220,1267
2221,1073
2222,813
2223,744
2224,904
2225,833
2226,852
2227,953
2228,878
2229,858
2230,774
2231,769
2232,817
2233,645
2234,690
2235,897
2236,897
2237,680
2238,493
2239,477
2240,505
2241,447
2242,493
2243,328
2244,395
2245,708
2246,682
2247,908
2248,833
2249,624
2250,529
2251,434
2252,532
2253,549
2254,530
2255,489
2256,467
2257,346
2258,476
2259,404
2260,648
2261,559
2262,781
2263,594
2264,511
2265,600
2266,550
2267,735
2268,855
2269,574
2270,642
2271,629
2272,1032
2273,909
2274,859
2275,862
2276,729
2277,797
2278,1192
2279,759
2280,683
2281,675
2282,754
2283,855
2284,822
2285,964
2286,812
2287,838
2288,569
2289,598
2290,604
2291,557
2292,697
2293,890
2294,804
2295,996
2296,1159
2297,907
2298,890
2299,846
2300,897
2301,1088
2302,1045
2303,917
2304,757
2305,830
2306,675
2307,743
2308,897
2309,1350
2310,1093
2311,1137
2312,1122
2313,1185
2314,938
2315,1002
2316,1032
2317,1125
2318,1229
2319,855
2320,1433
2321,1569
2322,1636
2323,1624
2324,1349
2325,1435
2326,1442
2327,1457
2328,1724
2329,943
2330,1127
2331,1392
2332,1155
2333,1289
2334,1335
2335,1313
2336,1401
2337,1376
2338,1257
2339,1385
2340,1308
2341,1058
2342,1143
2343,1227
2344,1129
2345,1175
2346,902
2347,813
2348,799
2349,946
2350,833
2351,808
2352,546
2353,776
2354,901
2355,610
2356,615
2357,551
2358,605
2359,733
2360,580
2361,624
2362,608
2363,673
2364,737
2365,788
2366,795
2367,739
2368,827
2369,723
2370,651
2371,833
2372,775
2373,644
2374,650
2375,585
2376,848
2377,649
2378,690
2379,819
2380,635
2381,750
2382,821
2383,858
2384,635
2385,873
2386,676
2387,636
2388,623
2389,497
2390,594
2391,576
2392,580
2393,606
2394,1112
2395,608
2396,497
2397,638
2398,689
2399,722
2400,813
2401,508
2402,691
2403,637
2404,598
2405,654
2406,608
2407,623
2408,423
2409,707
2410,841
2411,677
2412,679
2413,781
2414,839
2415,709
2416,614
2417,682
2418,913
2419,1011
2420,1224
2421,988
2422,879
2423,870
2424,987
2425,947
2426,824
2427,644
2428,792
2429,889
2430,816
2431,1038
2432,962
2433,986
2434,1150
2435,847
2436,676
2437,563
2438,489
2439,633
2440,730
2441,850
2442,698
2443,727
2444,726
2445,426
2446,495
2447,643
2448,542
2449,691
2450,915
2451,1179
2452,878
2453,1637
2454,713
2455,474
2456,522
2457,629
2458,667
2459,860
2460,809
2461,606
2462,620
2463,700
2464,575
2465,639
2466,638
2467,768
2468,906
2469,675
2470,637
2471,380
2472,350
2473,349
2474,397
2475,450
2476,672
2477,808
2478,669
2479,671
2480,552
2481,604
2482,850
2483,707
2484,785
2485,651
2486,614
2487,516
2488,610
2489,725
2490,607
2491,770
2492,683
2493,648
2494,714
2495,1035
2496,1142
2497,1106
2498,1442
2499,1675
2500,1694
2501,1287
2502,1608
2503,1568
2504,1789
2505,1624
2506,1775
2507,1652
2508,1462
2509,1519
2510,2042
2511,1844
2512,1805
2513,1880
2514,1552
2515,1648
2516,1747
2517,2005
2518,1787
2519,1645
2520,1128
2521,1201
2522,892
2523,955
2524,827
2525,1221
2526,1537
2527,982
2528,582
2529,658
2530,629
2531,686
2532,816
2533,788
2534,912
2535,990
2536,1960
2537,783
2538,708
2539,732
2540,954
2541,887
2542,669
2543,612
2544,735
2545,750
2546,631
2547,635
2548,820
2549,795
2550,870
2551,745
2552,641
2553,427
2554,430
2555,482
2556,490
2557,464
2558,476
2559,445
2560,417
2561,509
2562,459
2563,468
2564,483
2565,393
2566,468
2567,392
2568,396
2569,322
2570,399
2571,461
2572,441
2573,378
2574,384
2575,375
2576,390
2577,363
2578,474
2579,457
2580,369
2581,280
2582,357
2583,311
2584,299
2585,336
2586,461
2587,430
2588,380
2589,522
2590,880
2591,742
2592,812
2593,558
2594,509
2595,565
2596,544
2597,704
2598,603
2599,465
2600,445
2601,422
2602,524
2603,464
2604,381
2605,549
2606,559
2607,527
2608,645
2609,713
2610,711
2611,727
2612,747
2613,713
2614,644
2615,836
2616,637
2617,576
2618,421
2619,453
2620,424
2621,356
2622,431
2623,391
2624,314
2625,351
2626,356
2627,366
2628,382
2629,466
2630,396
2631,444
2632,368
2633,537
2634,506
2635,500
2636,573
2637,633
2638,714
2639,544
2640,404
2641,466
2642,431
2643,365
2644,340
2645,303
2646,317
2647,377
2648,366
2649,397
2650,444
2651,336
2652,387
2653,308
2654,420
2655,395
2656,376
2657,399
2658,456
2659,372
2660,330
2661,380
2662,330
2663,373
2664,353
2665,396
2666,306
2667,267
2668,394
2669,500
2670,486
2671,407
2672,373
2673,572
2674,404
2675,305
2676,381
2677,424
2678,416
2679,456
2680,565
2681,505
2682,329
2683,307
2684,295
2685,249
2686,253
2687,399
2688,472
2689,550
2690,571
2691,625
2692,503
2693,431
2694,372
2695,383
2696,440
2697,349
2698,426
2699,427
2700,565
2701,460
2702,590
2703,542
2704,588
2705,453
2706,362
2707,471
2708,423
2709,342
2710,470
2711,421
2712,479
2713,452
2714,430
2715,439
2716,456
2717,612
2718,831
2719,1658
2720,611
2721,651
2722,637
2723,651
2724,735
2725,1124
2726,818
2727,663
2728,573
2729,785
2730,711
2731,617
2732,665
2733,667
2734,772
2735,871
2736,622
2737,487
2738,537
2739,391
2740,431
2741,387
2742,530
2743,417
2744,306
2745,286
2746,357
2747,279
2748,286
2749,229
2750,305
2751,303
2752,245
2753,376
2754,366
2755,303
2756,433
2757,345
2758,438
2759,490
2760,379
2761,321
2762,279
2763,232
2764,150
2765,184
2766,157
2767,195
2768,120
2769,169
2770,218
2771,238
2772,189
2773,223
2774,124
2775,136
2776,168
2777,132
2778,149
2779,164
2780,223
2781,112
2782,61
2783,58
2784,87
2785,72
2786,49
2787,69
2788,181
2789,193
2790,189
2791,201
2792,203
2793,220
2794,211
2795,132
2796,79
2797,72
2798,58
2799,45
2800,64
2801,59
2802,49
2803,66
2804,53
2805,51
2806,87
2807,124
2808,183
2809,156
2810,57
2811,74
2812,91
2813,68
2814,104
2815,72
2816,109
2817,72
2818,49
2819,125
2820,54
2821,63
2822,56
2823,59
2824,41
2825,37
2826,46
2827,62
2828,53
2829,37
2830,43
2831,91
2832,121
2833,95
2834,148
2835,133
2836,70
2837,66
2838,93
2839,75
2840,51
2841,41
2842,55
2843,98
2844,133
2845,190
2846,113
2847,93
2848,75
2849,73
2850,90
2851,63
2852,93
2853,270
2854,420
2855,353
2856,449
2857,737
2858,445
2859,706
2860,481
2861,316
2862,180
2863,119
2864,81
2865,74
2866,79
2867,119
2868,95
2869,64
2870,74
2871,72
2872,76
2873,171
2874,180
2875,123
2876,119
2877,78
2878,88
2879,156
2880,108
2881,95
2882,193
2883,157
2884,83
2885,85
2886,121
2887,121
2888,87
2889,96
2890,105
2891,87
2892,137
2893,179
2894,113
2895,137
2896,131
2897,89
2898,83
2899,161
2900,196
2901,87
2902,105
2903,164
2904,85
2905,81
2906,102
2907,55
2908,76
2909,107
2910,155
2911,116
2912,117
2913,162
2914,69
2915,47
2916,61
2917,68
2918,91
2919,81
2920,171
2921,116
2922,194
2923,266
2924,127
2925,69
2926,49
2927,28
2928,41
2929,30
2930,39
2931,28
2932,12
2933,38
2934,61
2935,95
2936,105
2937,110
2938,144
2939,110
2940,130
2941,107
2942,484
2943,556
2944,510
2945,433
2946,388
2947,592
2948,741
2949,659
2950,458
2951,628
2952,582
2953,309
2954,344
2955,244
2956,400
2957,311
2958,337
2959,289
2960,331
2961,258
2962,283
2963,281
2964,228
2965,312
2966,322
2967,216
2968,304
2969,267
2970,407
2971,323
2972,450
2973,397
2974,320
2975,393
2976,277
2977,344
2978,365
2979,355
2980,259
2981,231
2982,203
2983,124
2984,132
2985,148
2986,222
2987,159
2988,108
2989,79
2990,92
2991,103
2992,74
2993,89
2994,63
2995,201
2996,150
2997,98
2998,93
2999,53
3000,87
3001,68
3002,75
3003,83
3004,93
3005,150
3006,85
3007,41
3008,40
3009,46
3010,63
3011,45
3012,59
3013,77
3014,79
3015,112
3016,86
3017,78
3018,82
3019,69
3020,65
3021,131
3022,75
3023,54
3024,62
3025,68
3026,111
3027,149
3028,142
3029,115
3030,79
3031,101
3032,100
3033,90
3034,129
3035,103
3036,77
3037,75
3038,81
3039,83
3040,104
3041,106
3042,91
3043,134
3044,172
3045,136
3046,110
3047,125
3048,126
3049,73
3050,69
3051,181
3052,122
3053,85
3054,115
3055,147
3056,216
3057,131
3058,164
3059,160
3060,176
3061,169
3062,153
3063,105
3064,173
3065,114
3066,137
3067,110
3068,220
3069,261
3070,198
3071,300
3072,334
3073,277
3074,211
3075,264
3076,149
3077,75
3078,94
3079,72
3080,74
3081,62
3082,109
3083,61
3084,78
3085,117
3086,102
3087,76
3088,85
3089,73
3090,43
3091,101
3092,139
3093,64
3094,69
3095,84
3096,135
3097,128
3098,72
3099,73
3100,82
3101,111
3102,98
3103,53
3104,69
3105,46
3106,46
3107,42
3108,71
3109,82
3110,47
3111,50
3112,64
3113,119
3114,128
3115,83
3116,52
3117,56
3118,92
3119,129
3120,105
3121,50
3122,84
3123,49
3124,33
3125,61
3126,39
3127,33
3128,28
3129,41
3130,50
3131,29
3132,31
3133,31
3134,154
3135,203
3136,107
3137,156
3138,144
3139,60
3140,81
3141,49
3142,106
3143,91
3144,150
3145,211
3146,181
3147,94
3148,77
3149,118
3150,69
3151,68
3152,151
3153,369
3154,383
3155,493
3156,451
3157,402
3158,322
3159,380
3160,420
3161,360
3162,262
3163,316
3164,238
3165,156
3166,234
3167,174
3168,238
3169,521
3170,289
3171,309
3172,306
3173,286
3174,176
3175,156
3176,139
3177,152
3178,269
3179,137
3180,188
3181,240
3182,222
3183,248
3184,194
3185,186
3186,199
3187,236
3188,177
3189,279
3190,186
3191,180
3192,201
3193,212
3194,168
3195,214
3196,188
3197,262
3198,248
3199,263
3200,247
3201,297
3202,321
3203,352
3204,272
3205,231
3206,294
3207,186
3208,198
3209,177
3210,174
3211,121
3212,208
3213,191
3214,176
3215,203
3216,164
3217,254
3218,202
3219,228
3220,286
3221,202
3222,123
3223,196
3224,192
3225,150
3226,264
3227,262
3228,299
3229,230
3230,223
3231,241
3232,267
3233,338
3234,470
3235,593
3236,437
3237,433
3238,370
3239,324
3240,375
3241,386
3242,354
3243,329
3244,447
3245,337
3246,379
3247,418
3248,390
3249,487
3250,246
3251,180
3252,190
3253,245
3254,228
3255,278
3256,197
3257,229
3258,308
3259,245
3260,217
3261,244
3262,276
3263,230
3264,240
3265,220
3266,249
3267,178
3268,263
3269,233
3270,247
3271,141
3272,128
3273,131
3274,283
3275,238
3276,171
3277,232
3278,161
3279,308
3280,271
3281,232
3282,293
3283,253
3284,235
3285,183
3286,171
3287,182
3288,198
3289,164
3290,209
3291,184
3292,250
3293,161
3294,249
3295,150
3296,165
3297,172
3298,204
3299,279
3300,242
3301,182
3302,181
3303,171
3304,162
3305,198
3306,214
3307,218
3308,216
3309,154
3310,139
3311,174
3312,235
3313,288
3314,203
3315,258
3316,319
3317,337
3318,231
3319,261
3320,220
3321,256
3322,373
3323,367
3324,357
3325,317
3326,250
3327,299
3328,274
3329,281
3330,311
3331,313
3332,338
3333,227
3334,360
3335,361
3336,298
3337,301
3338,283
3339,372
3340,402
3341,358
3342,356
3343,467
3344,415
3345,507
3346,516
3347,383
3348,406
3349,411
3350,463
3351,583
3352,443
3353,582
3354,610
3355,468
3356,478
3357,382
3358,342
3359,298
3360,379
3361,474
3362,307
3363,306
3364,333
3365,269
3366,225
3367,282
3368,256
3369,168
3370,150
3371,119
3372,100
3373,142
3374,169
3375,204
3376,188
3377,289
3378,279
3379,195
3380,197
3381,170
3382,127
3383,172
3384,112
3385,96
3386,146
3387,184
3388,156
3389,184
3390,119
3391,140
3392,138
3393,148
3394,231
3395,211
3396,165
3397,188
3398,136
3399,202
3400,224
3401,228
3402,182
3403,173
3404,250
3405,183
3406,231
3407,145
3408,181
3409,158
3410,260
3411,171
3412,222
3413,177
3414,162
3415,142
3416,166
3417,120
3418,114
3419,134
3420,114
3421,200
3422,130
3423,179
3424,149
3425,100
3426,162
3427,184
3428,169
3429,195
3430,228
3431,333
3432,241
3433,240
3434,386
3435,321
3436,576
3437,367
3438,216
3439,253
3440,356
3441,158
3442,132
3443,205
3444,222
3445,148
3446,182
3447,151
3448,159
3449,170
3450,234
3451,176
3452,138
3453,131
3454,101
3455,96
3456,115
3457,116
3458,106
3459,129
3460,208
3461,269
3462,224
3463,176
3464,147
3465,154
3466,125
3467,159
3468,173
3469,179
3470,169
3471,160
3472,207
3473,235
3474,244
3475,154
3476,216
3477,206
3478,178
3479,216
3480,155
3481,195
3482,161
3483,108
3484,174
3485,134
3486,114
3487,122
3488,188
3489,165
3490,182
3491,186
3492,242
3493,276
3494,192
3495,317
3496,381
3497,241
3498,228
3499,142
3500,249
3501,159
3502,160
3503,174
3504,137
3505,126
3506,217
3507,141
3508,191
3509,151
3510,149
3511,120
3512,153
3513,166
3514,160
3515,161
3516,171
3517,233
3518,213
3519,231
3520,208
3521,184
3522,224
3523,208
3524,313
3525,274
3526,293
3527,335
3528,489
3529,440
3530,387
3531,626
3532,631
3533,472
3534,330
3535,314
3536,423
3537,401
3538,371
3539,183
3540,183
3541,267
3542,304
3543,244
3544,238
3545,266
3546,279
3547,202
3548,235
3549,251
3550,326
3551,315
3552,261
3553,280
3554,255
3555,250
3556,208
3557,321
3558,231
3559,214
3560,253
3561,210
3562,204
3563,171
3564,163
3565,248
3566,169
3567,149
3568,260
3569,223
3570,195
3571,235
3572,172
3573,226
3574,249
3575,259
3576,121
3577,111
3578,345
3579,142
3580,103
3581,163
3582,160
3583,232
3584,233
3585,127
3586,169
3587,275
3588,227
3589,358
3590,244
3591,249
3592,230
3593,201
3594,403
3595,232
3596,149
3597,237
3598,244
3599,223
3600,166
3601,167
3602,248
3603,254
3604,200
3605,268
3606,233
3607,189
3608,142
3609,122
3610,145
3611,161
3612,167
3613,174
3614,205
3615,138
3616,172
3617,172
3618,162
3619,172
3620,162
3621,173
3622,160
3623,124
3624,147
3625,137
3626,172
3627,204
3628,182
3629,202
3630,188
3631,184
3632,192
3633,237
3634,202
3635,160
3636,137
3637,192
3638,152
3639,174
3640,85
3641,82
3642,144
3643,142
3644,113
3645,153
3646,124
3647,88
3648,63
3649,58
3650,158
3651,82
3652,102
3653,79
3654,100
3655,74
3656,81
3657,68
3658,69
3659,75
3660,63
3661,169
3662,151
3663,172
3664,76
3665,112
3666,132
3667,110
3668,131
3669,134
3670,121
3671,132
3672,93
3673,250
3674,160
3675,199
3676,174
3677,110
3678,111
3679,233
3680,133
3681,173
3682,208
3683,155
3684,267
3685,281
3686,288
3687,272
3688,332
3689,464
3690,322
3691,328
3692,359
3693,273
3694,310
3695,379
3696,399
3697,364
3698,315
3699,556
3700,563
3701,567
3702,364
3703,402
3704,392
3705,316
3706,199
3707,248
3708,286
3709,462
3710,252
3711,415
3712,288
3713,297
3714,369
3715,254
3716,239
3717,257
3718,286
3719,339
3720,310
3721,246
3722,298
3723,226
3724,316
3725,315
3726,237
3727,284
3728,273
3729,205
3730,188
3731,175
3732,225
3733,133
3734,158
3735,100
3736,66
3737,55
3738,84
3739,64
3740,81
3741,72
3742,68
3743,177
3744,107
3745,67
3746,126
3747,106
3748,137
3749,201
3750,70
3751,52
3752,156
3753,124
3754,110
3755,101
3756,107
3757,139
3758,93
3759,150
3760,130
3761,143
3762,134
3763,149
3764,118
3765,85
3766,103
3767,75
3768,90
3769,53
3770,80
3771,112
3772,97
3773,114
3774,104
3775,123
3776,115
3777,105
3778,101
3779,126
3780,139
3781,158
3782,252
3783,229
3784,223
3785,237
3786,234
3787,180
3788,219
3789,123
3790,102
3791,123
3792,110
3793,150
3794,178
3795,98
3796,47
3797,100
3798,107
3799,40
3800,41
3801,81
3802,107
3803,107
3804,36
3805,41
3806,78
3807,59
3808,56
3809,83
3810,210
3811,159
3812,147
3813,153
3814,102
3815,107
3816,58
3817,71
3818,60
3819,78
3820,69
3821,117
3822,49
3823,47
3824,50
3825,50
3826,64
3827,94
3828,68
3829,70
3830,56
3831,49
3832,65
3833,88
3834,69
3835,68
3836,127
3837,88
3838,59
3839,30
3840,48
3841,34
3842,58
3843,82
3844,78
3845,38
3846,39
3847,39
3848,43
3849,58
3850,53
3851,89
3852,98
3853,153
3854,244
3855,363
3856,173
3857,92
3858,52
3859,24
3860,27
3861,93
3862,117
3863,135
3864,133
3865,81
3866,112
3867,98
3868,75
3869,68
3870,52
3871,22
3872,20
3873,27
3874,26
3875,32
3876,19
3877,19
3878,35
3879,41
3880,25
3881,38
3882,36
3883,33
3884,25
3885,29
3886,33
3887,38
3888,26
3889,37
3890,52
3891,34
3892,44
3893,29
3894,65
3895,28
3896,23
3897,31
3898,20
3899,28
3900,24
3901,17
3902,64
3903,41
3904,26
3905,33
3906,34
3907,35
3908,51
3909,17
3910,25
3911,35
3912,28
3913,31
3914,37
3915,57
3916,65
3917,66
3918,61
3919,59
3920,44
3921,72
3922,66
3923,48
3924,71
3925,72
3926,84
3927,88
3928,117
3929,228
3930,76
3931,64
3932,30
3933,51
3934,37
3935,42
3936,21
3937,21
3938,45
3939,37
3940,34
3941,39
3942,31
3943,34
3944,39
3945,82
3946,53
3947,45
3948,48
3949,42
3950,17
3951,15
3952,33
3953,19
3954,18
3955,45
3956,94
3957,76
3958,82
3959,67
3960,78
3961,23
3962,17
3963,13
3964,15
3965,17
3966,25
3967,39
3968,38
3969,38
3970,20
3971,24
3972,44
3973,19
3974,11
3975,17
3976,31
3977,20
3978,20
3979,14
3980,38
3981,39
3982,55
3983,51
3984,94
3985,170
3986,165
3987,190
3988,173
3989,111
3990,27
3991,29
3992,40
3993,45
3994,69
3995,112
3996,86
3997,60
3998,85
3999,48
4000,39
4001,46
4002,49
4003,51
4004,47
4005,67
4006,44
4007,48
4008,51
4009,47
4010,103
4011,81
4012,159
4013,65
4014,64
4015,51
4016,57
4017,50
4018,37
4019,58
4020,77
4021,40
4022,74
4023,65
4024,25
4025,9
4026,12
4027,22
4028,11
4029,11
4030,13
4031,19
4032,26
4033,16
4034,16
4035,20
4036,15
4037,20
4038,19
4039,14
4040,10
4041,18
4042,28
4043,28
4044,28
4045,14
4046,15
4047,18
4048,28
4049,20
4050,14
4051,33
4052,10
4053,29
4054,18
4055,48
4056,38
4057,48
4058,27
4059,74
4060,71
4061,99
4062,82
4063,66
4064,79
4065,81
4066,55
4067,28
4068,25
4069,30
4070,26
4071,23
4072,44
4073,30
4074,36
4075,34
4076,56
4077,46
4078,34
4079,42
4080,30
4081,28
4082,21
4083,58
4084,56
4085,56
4086,27
4087,35
4088,40
4089,24
4090,49
4091,22
4092,22
4093,47
4094,29
4095,13
4096,24
4097,32
4098,15
4099,16
4100,22
4101,26
4102,32
4103,74
4104,49
4105,29
4106,34
4107,26
4108,33
4109,19
4110,13
4111,29
4112,23
4113,25
4114,5
4115,5
4116,2
4117,3
4118,4
4119,8
4120,3
4121,2
4122,7
4123,7
4124,9
4125,11
4126,2
4127,6
4128,37
4129,7
4130,6
4131,4
4132,11
4133,4
4134,3
4135,8
4136,1
4137,3
4138,2
4139,2
4140,5
4141,14
4142,18
4143,16
4144,3
4145,3
4146,5
4147,8
4148,8
4149,5
4150,7
4151,8
4152,9
4153,7
4154,3
4155,9
4156,16
4157,21
4158,5
4159,8
4160,14
4161,7
4162,5
4163,2
4164,17
4165,12
4166,5
4167,8
4168,8
4169,10
4170,16
4171,16
4172,17
4173,4
4174,1
4175,8
4176,6
4177,7
4178,9
4179,67
4180,104
4181,17
4182,13
4183,11
4184,8
4185,8
4186,8
4187,15
4188,12
4189,4
4190,7
4191,7
4192,5
4193,6
4194,19
4195,58
4196,15
4197,27
4198,37
4199,28
4200,35
4201,39
4202,30
4203,114
4204,47
4205,46
4206,43
4207,34
4208,21
4209,20
4210,6
4211,5
4212,13
4213,2
4214,7
4215,7
4216,7
4217,16
4218,18
4219,14
4220,4
4221,14
4222,14
4223,59
4224,55
4225,35
4226,46
4227,45
4228,21
4229,23
4230,14
4231,4
4232,9
4233,16
4234,37
4235,7
4236,8
4237,10
4238,17
4239,14
4240,15
4241,15
4242,4
4243,7
4244,5
4245,13
4246,37
4247,6
4248,9
4249,9
4250,14
4251,9
4252,7
4253,6
4254,6
4255,5
4256,28
4257,5
4258,21
4259,20
4260,8
4261,20
4262,19
4263,28
4264,6
4265,5
4266,2
4267,5
4268,6
4269,7
4270,7
4271,5
4272,7
4273,19
4274,19
4275,5
4276,7
4277,12
4278,5
4279,6
4280,5
4281,7
4282,4
4283,5
4284,5
4285,9
4286,4
4287,3
4288,11
4289,47
4290,64
4291,28
4292,37
4293,22
4294,18
4295,8
4296,1
4297,1
4298,6
4299,4
4300,6
4301,6
4302,7
4303,8
4304,22
4305,23
4306,9
4307,10
4308,1
4309,4
4310,2
4311,3
4312,5
4313,8
4314,7
4315,3
4316,8
4317,9
4318,22
4319,24
4320,11
4321,5
4322,5
4323,5
4324,7
4325,6
4326,27
4327,27
4328,54
4329,11
4330,14
4331,29
4332,49
4333,31
4334,11
4335,3
4336,6
4337,4
4338,2
4339,6
4340,6
4341,5
4342,8
4343,10
4344,1
4345,8
4346,14
4347,16
4348,7
4349,49
4350,22
4351,4
4353,9
4354,16
4355,29
4356,8
4357,4
4358,7
4359,4
4360,3
4361,7
4362,8
4363,12
4364,19
4365,5
4366,9
4367,2
4368,4
4369,8
4371,3
4372,10
4373,92
4374,89
4375,55
4376,22
4377,9
4378,8
4379,9
4380,6
4381,3
4382,11
4383,3
4384,12
4385,6
4386,25
4387,10
4388,7
4389,7
4390,17
4391,5
4392,20
4393,40
4394,33
4395,49
4396,30
4397,23
4398,12
4399,17
4400,6
4401,2
4402,2
4403,6
4404,9
4405,9
4406,4
4407,6
4408,30
4409,46
4410,7
4411,7
4412,10
4413,8
4414,11
4415,18
4416,28
4417,44
4418,27
4419,74
4420,53
4421,20
4422,5
4423,17
4424,13
4425,12
4426,16
4427,20
4428,29
4429,17
4430,17
4431,7
4432,2
4433,4
4434,8
4435,25
4436,4
4437,4
4438,8
4439,8
4440,1
4441,7
4442,2
4443,8
4444,9
4445,3
4446,4
4447,47
4448,20
4449,15
4450,20
4451,34
4452,27
4453,7
4454,8
4455,3
4456,18
4457,32
4458,15
4459,16
4460,7
4461,8
4462,4
4463,18
4464,15
4465,18
4466,23
4467,16
4468,18
4469,18
4470,7
4471,27
4472,45
4473,3
4474,23
4475,16
4476,11
4477,1
4479,4
4480,3
4481,8
4482,4
4483,18
4484,49
4485,100
4486,162
4487,46
4488,22
4489,9
4490,12
4491,16
4492,21
4493,19
4494,24
4495,19
4496,13
4497,47
4498,21
4499,13
4500,12
4501,11
4502,4
4503,1
4504,9
4505,12
4506,19
4507,8
4508,6
4509,19
4510,22
4511,35
4512,11
4513,7
4514,19
4515,8
4516,19
4517,8
4518,6
4519,2
4520,8
4521,5
4522,11
4523,5
4524,6
4525,30
4526,26
4527,8
4528,3
4529,7
4530,7
4531,2
4533,2
4534,3
4535,7
4536,3
4537,16
4538,1
4539,17
4540,28
4541,11
4542,4
4543,16
4544,11
4545,9
4546,7
4547,13
4548,3
4549,2
4550,13
4551,15
4552,11
4553,24
4554,26
4555,17
4556,38
4557,70
4558,5
4559,4
4560,1
4561,4
4562,9
4563,9
4564,5
4565,6
4566,2
4567,1
4568,7
4569,11
4570,12
4571,9
4572,19
4573,10
4574,5
4575,6
4576,15
4577,8
4578,1
4579,15
4580,15
4581,20
4582,6
4583,6
4584,4
4585,18
4586,40
4587,44
4588,20
4589,4
4590,1
4591,23
4592,16
4593,8
4594,10
4595,8
4596,14
4597,2
4598,1
4599,15
4600,6
4601,19
4602,13
4603,7
4604,11
4605,3
4606,15
4608,2
4609,15
4610,6
4611,12
4612,6
4613,4
4614,20
4615,41
4616,41
4617,43
4618,12
4619,23
4620,8
4621,8
4622,6
4623,18
4624,17
4625,37
4626,63
4627,1
4628,191
4629,285
4630,196
4631,104
4632,104
4633,146
4634,82
4635,78
4636,103
4637,188
4638,256
4639,208
4640,92
4641,42
4642,16
4643,7
4644,2
4645,1
4646,4
4647,8
4648,56
4649,22
4651,9
4652,2
4653,5
4654,8
4655,5
4656,11
4657,2
4658,6
4659,7
4660,54
4661,19
4662,27
4663,4
4664,5
4666,6
4667,3
4668,7
4669,9
4670,5
4671,3
4673,1
4674,5
4675,7
4676,24
4677,70
4678,26
4679,2
4680,10
4681,12
4682,8
4683,6
4684,3
4685,7
4686,4
4687,3
4688,2
4689,7
4690,7
4691,21
4692,8
4693,4
4694,2
4695,7
4696,13
4697,4
4698,17
4699,4
4700,8
4701,8
4702,14
4703,25
4704,6
4705,3
4706,30
4707,10
4708,3
4709,7
4710,13
4711,10
4712,9
4713,7
4714,10
4715,2
4716,1
4717,2
4719,11
4720,4
4721,46
4722,12
4723,17
4724,13
4725,5
4726,11
4727,7
4728,10
4729,9
4730,6
4731,18
4732,6
4733,16
4734,24
4735,1
4736,27
4737,12
4738,11
4739,10
4740,1
4741,9
4743,5
4744,13
4745,18
4746,18
4747,30
4748,48
4749,33
4750,24
4751,33
4752,16
4753,15
4754,13
4755,7
4756,9
4757,16
4758,19
4759,15
4760,10
4761,21
4762,32
4763,25
4764,7
4765,2
4766,3
4767,2
4768,2
4769,39
4770,23
4771,6
4772,19
4773,67
4774,30
4775,17
4776,11
4777,8
4778,10
4779,17
4780,6
4781,3
4782,9
4783,10
4784,8
4785,10
4786,23
4787,6
4788,13
4789,5
4790,5
4791,13
4792,3
4793,13
4794,41
4795,5
4796,10
4797,11
4799,4
4800,26
4801,13
4802,5
4803,8
4804,2
4806,6
4807,21
4808,4
4809,5
4810,1
4811,1
4812,15
4813,19
4814,40
4815,3
4816,6
4817,4
4818,16
4819,7
4820,5
4821,6
4822,2
4823,11
4824,16
4825,9
4826,12
4827,13
4828,18
4829,21
4830,20
4831,41
4832,19
4833,53
4834,28
4835,55
4836,36
4837,59
4838,47
