0,39909151
1,11212
2,6965
3,8318
4,7072
5,8083
6,7557
7,4640
8,5596
9,7648
10,4208
11,5382
12,5763
13,4971
14,4382
15,4032
16,3196
17,4972
18,3110
19,4253
20,2985
21,3150
22,2318
23,3205
24,2700
25,4344
26,1307
27,3099
28,2423
29,2528
30,2437
31,2943
32,1195
33,2564
34,1473
35,2891
36,1474
37,1961
38,1416
39,2871
40,2345
41,3024
42,2770
43,2005
44,2118
45,1809
46,1367
47,1858
48,2010
49,1943
50,1726
51,2133
52,1893
53,2131
54,2391
55,2242
56,2839
57,2443
58,2098
59,1983
60,3445
61,1441
62,1891
63,2359
64,4150
65,2398
66,2100
67,2585
68,1491
69,2370
70,1866
71,2301
72,1179
73,2741
74,1356
75,2170
76,2149
77,639
78,1508
79,1131
80,1389
81,1048
82,1633
83,1633
84,1087
85,2604
86,1537
87,1177
88,1278
89,930
90,1053
91,1815
92,1128
93,1705
94,2070
95,1403
96,1245
97,1486
98,1417
99,1260
100,1071
101,1951
102,2032
103,1921
104,2585
105,2990
106,1549
107,1119
108,2373
109,2533
110,1553
111,1810
112,3666
113,2118
114,3639
115,2753
116,1119
117,2581
118,1328
119,1705
120,1159
121,1455
122,2853
123,1371
124,1955
125,1628
126,2256
127,1495
128,1683
129,1292
130,1214
131,1144
132,1274
133,1303
134,1175
135,1036
136,1484
137,909
138,1247
139,1091
140,1400
141,1970
142,1690
143,1371
144,1552
145,1664
146,997
147,998
148,920
149,704
150,1193
151,1111
152,1158
153,1030
154,1136
155,1289
156,1346
157,1567
158,1871
159,1589
160,2201
161,1237
162,981
163,1189
164,1396
165,1548
166,1865
167,1712
168,2233
169,2136
170,1264
171,1859
172,1830
173,1197
174,1661
175,1049
176,1915
177,1377
178,2855
179,1246
180,1729
181,2653
182,1488
183,1864
184,1036
185,1347
186,1185
187,1697
188,1482
189,1471
190,1645
191,1257
192,1203
193,1282
194,1327
195,1499
196,1063
197,1297
198,1089
199,1523
200,1864
201,1284
202,1664
203,1741
204,1722
205,1640
206,1670
207,1302
208,1934
209,947
210,982
211,1325
212,892
213,1244
214,1443
215,1589
216,1703
217,893
218,903
219,1573
220,679
221,682
222,532
223,1216
224,869
225,1486
226,963
227,681
228,741
229,701
230,1671
231,1209
232,787
233,1533
234,741
235,854
236,1088
237,705
238,1063
239,623
240,684
241,1249
242,865
243,1048
244,845
245,1805
246,1304
247,1715
248,1846
249,1323
250,1516
251,1457
252,1401
253,1563
254,1323
255,1062
256,1276
257,1040
258,938
259,1308
260,1418
261,1330
262,1297
263,1170
264,1380
265,1025
266,834
267,1226
268,1075
269,964
270,885
271,654
272,1071
273,940
274,1077
275,1703
276,1731
277,1549
278,961
279,1446
280,1594
281,2571
282,1589
283,2005
284,2280
285,2014
286,1268
287,1723
288,1406
289,2675
290,1408
291,1751
292,1993
293,1373
294,1456
295,1995
296,2612
297,2192
298,1350
299,1855
300,1160
301,1402
302,1924
303,1710
304,1478
305,1818
306,1784
307,2023
308,1548
309,2342
310,1809
311,1153
312,2873
313,1164
314,1537
315,2321
316,2114
317,1212
318,1522
319,1315
320,1464
321,1453
322,1249
323,1028
324,1059
325,1443
326,1206
327,1276
328,1199
329,1303
330,1143
331,1427
332,1723
333,1300
334,2417
335,1695
336,1580
337,2541
338,1485
339,1402
340,2055
341,1320
342,1394
343,2425
344,1726
345,2353
346,2317
347,2216
348,1530
349,1728
350,1222
351,1273
352,1122
353,1328
354,1193
355,1212
356,1093
357,1450
358,1410
359,1603
360,1338
361,1687
362,1936
363,1555
364,1480
365,2293
366,1381
367,2371
368,1635
369,1199
370,1489
371,2942
372,1830
373,1896
374,2963
375,1519
376,2054
377,1300
378,1642
379,1573
380,1083
381,1195
382,878
383,1164
384,1388
385,1183
386,970
387,1116
388,1026
389,1399
390,1231
391,1017
392,1657
393,1273
394,1427
395,2026
396,1868
397,1936
398,1431
399,1769
400,1608
401,2073
402,2027
403,2184
404,1882
405,2109
406,1945
407,1578
408,1856
409,1397
410,1498
411,1263
412,2060
413,1782
414,1141
415,1768
416,2587
417,1661
418,2320
419,3445
420,2575
421,1339
422,3054
423,1351
424,1747
425,1207
426,1616
427,1191
428,1914
429,1487
430,1519
431,1365
432,1089
433,1172
434,1115
435,945
436,1934
437,1673
438,1715
439,1662
440,1083
441,1543
442,1310
443,1202
444,1347
445,2242
446,2032
447,2247
448,1932
449,2312
450,1666
451,1502
452,2331
453,1665
454,2041
455,2431
456,1943
457,1742
458,2177
459,2473
460,1611
461,1726
462,1449
463,1799
464,1745
465,1749
466,1756
467,1766
468,2255
469,1967
470,2167
471,1814
472,2384
473,1778
474,3522
475,1685
476,2279
477,1754
478,1713
479,2490
480,2593
481,2733
482,2485
483,2531
484,2630
485,2087
486,3249
487,3023
488,2529
489,3815
490,3306
491,3167
492,3029
493,3082
494,3511
495,2736
496,2895
497,2731
498,2863
499,3257
500,3654
501,3899
502,3840
503,3915
504,4393
505,3624
506,6126
507,6267
508,7863
509,4612
510,5732
511,5431
512,6135
513,7033
514,5680
515,6373
516,6311
517,5680
518,4855
519,6240
520,4996
521,5766
522,5238
523,5112
524,6721
525,4228
526,5769
527,5666
528,5360
529,5435
530,6908
531,5163
532,5331
533,5923
534,5213
535,7113
536,6363
537,5787
538,5917
539,5138
540,6356
541,4390
542,4214
543,5411
544,5972
545,4856
546,4507
547,4789
548,4346
549,3914
550,4396
551,3221
552,4370
553,4751
554,4575
555,4930
556,6415
557,6016
558,10383
559,5875
560,8771
561,4970
562,7633
563,8698
564,8863
565,7878
566,6490
567,7451
568,6516
569,6292
570,7226
571,6569
572,6744
573,6407
574,8505
575,10635
576,10071
577,11695
578,12398
579,11750
580,14259
581,12808
582,9407
583,11762
584,11742
585,15090
586,18374
587,20267
588,18862
589,18042
590,19435
591,18790
592,21893
593,27268
594,27398
595,41453
596,48877
597,52134
598,85347
599,124970
600,944046
601,54336
602,41583
603,42368
604,40124
605,36472
606,37160
607,36636
608,33074
609,34016
610,28504
611,28797
612,27872
613,26443
614,24128
615,22659
616,19534
617,20551
618,18955
619,15356
620,17301
621,14988
622,22944
623,16763
624,17976
625,17234
626,18822
627,17680
628,19337
629,15243
630,14187
631,14454
632,15019
633,14689
634,14493
635,14183
636,15240
637,15687
638,15212
639,15570
640,13944
641,14012
642,12996
643,11364
644,12043
645,12748
646,13416
647,12930
648,11643
649,11953
650,11590
651,11541
652,12141
653,12657
654,11821
655,12424
656,11153
657,10931
658,12917
659,11494
660,11686
661,11052
662,9468
663,10752
664,12054
665,10362
666,12276
667,13431
668,15054
669,13497
670,12189
671,12998
672,12772
673,11197
674,9860
675,11701
676,12339
677,12325
678,12872
679,13756
680,13884
681,14244
682,14693
683,14687
684,13530
685,12510
686,11740
687,10654
688,10978
689,11035
690,10630
691,9832
692,8761
693,7933
694,8268
695,8746
696,8561
697,7253
698,8796
699,8550
700,8320
701,8295
702,8205
703,7090
704,7992
705,7195
706,7216
707,7872
708,10210
709,8419
710,8312
711,7747
712,6436
713,7112
714,7129
715,9055
716,8042
717,8219
718,7777
719,6769
720,6586
721,6799
722,7111
723,7078
724,6162
725,5312
726,5143
727,5662
728,6144
729,4740
730,3747
731,4360
732,4886
733,4521
734,4602
735,4633
736,3890
737,4731
738,5539
739,5570
740,5859
741,5843
742,4584
743,5469
744,5591
745,4731
746,4831
747,5054
748,5734
749,5070
750,4928
751,5233
752,4938
753,5866
754,6410
755,5871
756,6465
757,6431
758,6515
759,6475
760,6311
761,5974
762,5803
763,5621
764,5194
765,6203
766,6760
767,6560
768,7236
769,7847
770,7926
771,6522
772,4934
773,5374
774,5187
775,6589
776,6310
777,7027
778,7279
779,4922
780,4270
781,4699
782,5641
783,5434
784,4899
785,5172
786,5251
787,5296
788,7028
789,5208
790,5797
791,5539
792,5303
793,5409
794,5215
795,4478
796,4180
797,5293
798,5353
799,4447
800,3583
801,3242
802,3170
803,3911
804,4839
805,5148
806,5271
807,4944
808,5123
809,5236
810,5121
811,4498
812,3869
813,3790
814,4084
815,4090
816,4811
817,5074
818,4542
819,5522
820,5619
821,5336
822,5374
823,6260
824,7327
825,5465
826,4604
827,4060
828,4137
829,5085
830,3421
831,3855
832,3876
833,3889
834,4682
835,4168
836,3752
837,5126
838,5252
839,4634
840,4586
841,5598
842,4866
843,3534
844,3987
845,3951
846,3573
847,3170
848,4579
849,4499
850,2795
851,3778
852,4009
853,4190
854,3962
855,3745
856,4026
857,4138
858,3340
859,3579
860,4615
861,5035
862,6151
863,5900
864,5674
865,4984
866,4699
867,5493
868,5243
869,5319
870,5568
871,5172
872,5126
873,4667
874,3892
875,5009
876,5997
877,3717
878,4000
879,3942
880,4043
881,3814
882,3557
883,4241
884,3641
885,3651
886,3731
887,4227
888,4583
889,3890
890,3819
891,3804
892,3399
893,3883
894,3800
895,3521
896,3816
897,2612
898,2837
899,2756
900,2134
901,3203
902,3057
903,3897
904,3442
905,3314
906,3521
907,2751
908,4058
909,2685
910,2330
911,2558
912,3057
913,3748
914,3175
915,2489
916,2840
917,3357
918,3096
919,3085
920,3675
921,3487
922,3327
923,3493
924,2912
925,3886
926,3251
927,3313
928,2887
929,2939
930,3287
931,4562
932,4019
933,4295
934,3045
935,4444
936,3377
937,4094
938,3076
939,3627
940,3355
941,4489
942,3683
943,4686
944,3330
945,3638
946,4161
947,4358
948,3206
949,3285
950,4115
951,3450
952,3155
953,3034
954,2636
955,2600
956,3458
957,2598
958,3584
959,3660
960,3534
961,3469
962,3385
963,4114
964,3839
965,3891
966,4245
967,3316
968,4206
969,3148
970,2769
971,2837
972,2527
973,3540
974,1924
975,2448
976,2095
977,2382
978,2044
979,1462
980,1540
981,3048
982,2086
983,3209
984,2600
985,2594
986,2257
987,1973
988,2685
989,3329
990,3273
991,3220
992,2916
993,2209
994,1967
995,3298
996,2822
997,3404
998,2251
999,3715
1000,3009
1001,3406
1002,4052
1003,3893
1004,2765
1005,3952
1006,3672
1007,3779
1008,3222
1009,2864
1010,2843
1011,1884
1012,2871
1013,1692
1014,2229
1015,2526
1016,2559
1017,2545
1018,2343
1019,2816
1020,2479
1021,2822
1022,2664
1023,2444
1024,1994
1025,3120
1026,2709
1027,2880
1028,2554
1029,2515
1030,2623
1031,2419
1032,2753
1033,2927
1034,3358
1035,2697
1036,4384
1037,2762
1038,3925
1039,3660
1040,3110
1041,3725
1042,3429
1043,2659
1044,1552
1045,1457
1046,1920
1047,1850
1048,1962
1049,1712
1050,1561
1051,3016
1052,2205
1053,1981
1054,2483
1055,2531
1056,2724
1057,2000
1058,2482
1059,2071
1060,1537
1061,2815
1062,1923
1063,2122
1064,2033
1065,2521
1066,2095
1067,2487
1068,2104
1069,2486
1070,3005
1071,2038
1072,1929
1073,1495
1074,2832
1075,2227
1076,1559
1077,1625
1078,2427
1079,2259
1080,2247
1081,1985
1082,1508
1083,1566
1084,1770
1085,1504
1086,2026
1087,1986
1088,2791
1089,2930
1090,2054
1091,1970
1092,2398
1093,1493
1094,1125
1095,2219
1096,2160
1097,2330
1098,1990
1099,2000
1100,1785
1101,1964
1102,3231
1103,1815
1104,2361
1105,2168
1106,2689
1107,3356
1108,2204
1109,2301
1110,2508
1111,2568
1112,2133
1113,1421
1114,1113
1115,1534
1116,1671
1117,1431
1118,2398
1119,1891
1120,2237
1121,1562
1122,1662
1123,2668
1124,1558
1125,1820
1126,1958
1127,2189
1128,2744
1129,3187
1130,2627
1131,3632
1132,3715
1133,4458
1134,4555
1135,3169
1136,2459
1137,2443
1138,2291
1139,2640
1140,3004
1141,2188
1142,1973
1143,2261
1144,2930
1145,2719
1146,3420
1147,2203
1148,2577
1149,2696
1150,2370
1151,2793
1152,2661
1153,3562
1154,3668
1155,3358
1156,2711
1157,3050
1158,2061
1159,1635
1160,2627
1161,1709
1162,1759
1163,2870
1164,3508
1165,3332
1166,3321
1167,4794
1168,2666
1169,2692
1170,3315
1171,2866
1172,3029
1173,2763
1174,2323
1175,1988
1176,1384
1177,1346
1178,2173
1179,1715
1180,2106
1181,2324
1182,2593
1183,2040
1184,2698
1185,2109
1186,2850
1187,2841
1188,3704
1189,3429
1190,4045
1191,4555
1192,3983
1193,4249
1194,4144
1195,3750
1196,3762
1197,3357
1198,2476
1199,2412
1200,2773
1201,2109
1202,2121
1203,2621
1204,2989
1205,3420
1206,2946
1207,2935
1208,2315
1209,1844
1210,2914
1211,2259
1212,3171
1213,2134
1214,2489
1215,1325
1216,1940
1217,1339
1218,1302
1219,1592
1220,3539
1221,1792
1222,2663
1223,2512
1224,3017
1225,3895
1226,2728
1227,2598
1228,1652
1229,2286
1230,2099
1231,2371
1232,2469
1233,2915
1234,3260
1235,2530
1236,3474
1237,2672
1238,2137
1239,2722
1240,1970
1241,2745
1242,3129
1243,3649
1244,4727
1245,4492
1246,3192
1247,1735
1248,1693
1249,2181
1250,1612
1251,2084
1252,1956
1253,2282
1254,2668
1255,2019
1256,2540
1257,1495
1258,2227
1259,2485
1260,1805
1261,1497
1262,1876
1263,2335
1264,3084
1265,3803
1266,3543
1267,3475
1268,3172
1269,3594
1270,3389
1271,3354
1272,4307
1273,3544
1274,3910
1275,3792
1276,3608
1277,3360
1278,3336
1279,3898
1280,3513
1281,3347
1282,3294
1283,2945
1284,3001
1285,4429
1286,4107
1287,3560
1288,3571
1289,3197
1290,2883
1291,3083
1292,2073
1293,3373
1294,3034
1295,4274
1296,3790
1297,4963
1298,5702
1299,5175
1300,4347
1301,4663
1302,3729
1303,2894
1304,3425
1305,2629
1306,4106
1307,3967
1308,3633
1309,3121
1310,2832
1311,3468
1312,3612
1313,3010
1314,3586
1315,2641
1316,1850
1317,2008
1318,2303
1319,1799
1320,1316
1321,1733
1322,1139
1323,662
1324,891
1325,1182
1326,1185
1327,1852
1328,1741
1329,5072
1330,4320
1331,1605
1332,2228
1333,1972
1334,3041
1335,3385
1336,2486
1337,2094
1338,2879
1339,2500
1340,2407
1341,2099
1342,2215
1343,2102
1344,2405
1345,2588
1346,2512
1347,2444
1348,3837
1349,5082
1350,6717
1351,7305
1352,5919
1353,3545
1354,2429
1355,3368
1356,3561
1357,3992
1358,3648
1359,3601
1360,2960
1361,1264
1362,763
1363,432
1364,475
1365,483
1366,559
1367,477
1368,458
1369,396
1370,311
1371,437
1372,378
1373,478
1374,646
1375,556
1376,515
1377,573
1378,561
1379,500
1380,552
1381,714
1382,535
1383,463
1384,449
1385,612
1386,495
1387,566
1388,404
1389,335
1390,309
1391,414
1392,404
1393,555
1394,443
1395,409
1396,333
1397,477
1398,602
1399,473
1400,445
1401,560
1402,352
1403,510
1404,625
1405,674
1406,524
1407,636
1408,601
1409,470
1410,487
1411,543
1412,658
1413,724
1414,796
1415,670
1416,718
1417,680
1418,700
1419,567
1420,596
1421,530
1422,748
1423,823
1424,760
1425,674
1426,618
1427,663
1428,692
1429,794
1430,678
1431,709
1432,805
1433,758
1434,514
1435,527
1436,519
1437,580
1438,494
1439,504
1440,512
1441,455
1442,472
1443,271
1444,504
1445,694
1446,610
1447,471
1448,541
1449,432
1450,422
1451,553
1452,604
1453,573
1454,699
1455,695
1456,479
1457,635
1458,1096
1459,963
1460,931
1461,799
1462,951
1463,685
1464,498
1465,634
1466,695
1467,279
1468,322
1469,572
1470,444
1471,487
1472,418
1473,434
1474,582
1475,511
1476,715
1477,864
1478,539
1479,698
1480,1810
1481,693
1482,588
1483,516
1484,743
1485,671
1486,845
1487,670
1488,1001
1489,962
1490,1237
1491,1218
1492,1051
1493,1503
1494,1464
1495,1278
1496,1248
1497,1134
1498,1058
1499,1102
1500,913
1501,1188
1502,1043
1503,885
1504,758
1505,775
1506,892
1507,983
1508,862
1509,1049
1510,1178
1511,827
1512,873
1513,688
1514,444
1515,717
1516,683
1517,545
1518,546
1519,580
1520,718
1521,606
1522,689
1523,639
1524,835
1525,552
1526,594
1527,664
1528,732
1529,644
1530,551
1531,699
1532,769
1533,647
1534,778
1535,641
1536,565
1537,630
1538,607
1539,459
1540,557
1541,502
1542,442
1543,460
1544,603
1545,584
1546,442
1547,518
1548,435
1549,511
1550,413
1551,582
1552,347
1553,285
1554,400
1555,496
1556,393
1557,478
1558,517
1559,403
1560,377
1561,356
1562,339
1563,383
1564,403
1565,350
1566,414
1567,314
1568,396
1569,565
1570,481
1571,915
1572,615
1573,451
1574,315
1575,440
1576,850
1577,417
1578,461
1579,480
1580,403
1581,356
1582,403
1583,557
1584,670
1585,658
1586,669
1587,822
1588,653
1589,901
1590,809
1591,1141
1592,463
1593,802
1594,690
1595,642
1596,575
1597,614
1598,494
1599,407
1600,531
1601,432
1602,422
1603,409
1604,353
1605,488
1606,408
1607,382
1608,390
1609,433
1610,411
1611,480
1612,481
1613,373
1614,420
1615,372
1616,447
1617,404
1618,669
1619,476
1620,410
1621,312
1622,442
1623,315
1624,365
1625,421
1626,571
1627,620
1628,540
1629,370
1630,500
1631,479
1632,705
1633,641
1634,619
1635,471
1636,433
1637,350
1638,663
1639,697
1640,729
1641,883
1642,773
1643,572
1644,489
1645,542
1646,770
1647,746
1648,865
1649,930
1650,960
1651,916
1652,1111
1653,820
1654,963
1655,787
1656,743
1657,757
1658,782
1659,861
1660,920
1661,654
1662,696
1663,635
1664,543
1665,538
1666,471
1667,399
1668,390
1669,727
1670,512
1671,426
1672,406
1673,455
1674,620
1675,490
1676,590
1677,564
1678,618
1679,493
1680,568
1681,532
1682,719
1683,789
1684,684
1685,485
1686,606
1687,746
1688,1494
1689,543
1690,543
1691,572
1692,764
1693,535
1694,470
1695,275
1696,351
1697,372
1698,489
1699,750
1700,774
1701,612
1702,378
1703,367
1704,602
1705,755
1706,559
1707,648
1708,472
1709,503
1710,637
1711,520
1712,513
1713,612
1714,594
1715,898
1716,867
1717,488
1718,759
1719,511
1720,252
1721,368
1722,399
1723,527
1724,416
1725,502
1726,555
1727,645
1728,587
1729,586
1730,449
1731,695
1732,829
1733,676
1734,612
1735,704
1736,639
1737,683
1738,588
1739,628
1740,752
1741,678
1742,619
1743,614
1744,686
1745,801
1746,771
1747,529
1748,721
1749,442
1750,332
1751,318
1752,488
1753,579
1754,627
1755,553
1756,599
1757,694
1758,671
1759,691
1760,659
1761,561
1762,488
1763,580
1764,693
1765,1034
1766,990
1767,649
1768,597
1769,698
1770,998
1771,1083
1772,974
1773,1118
1774,1128
1775,1268
1776,1467
1777,1074
1778,1117
1779,834
1780,792
1781,707
1782,530
1783,744
1784,825
1785,1052
1786,890
1787,743
1788,611
1789,547
1790,557
1791,614
1792,679
1793,596
1794,616
1795,544
1796,635
1797,596
1798,655
1799,684
1800,556
1801,431
1802,463
1803,496
1804,543
1805,583
1806,632
1807,820
1808,817
1809,731
1810,750
1811,762
1812,763
1813,677
1814,1082
1815,857
1816,607
1817,717
1818,675
1819,623
1820,761
1821,777
1822,745
1823,783
1824,772
1825,542
1826,652
1827,638
1828,653
1829,549
1830,709
1831,575
1832,633
1833,842
1834,643
1835,686
1836,742
1837,805
1838,617
1839,532
1840,577
1841,744
1842,581
1843,728
1844,866
1845,646
1846,595
1847,583
1848,573
1849,627
1850,613
1851,684
1852,694
1853,809
1854,884
1855,907
1856,794
1857,720
1858,926
1859,999
1860,906
1861,782
1862,838
1863,908
1864,728
1865,838
1866,916
1867,1335
1868,1104
1869,1374
1870,1693
1871,1178
1872,1276
1873,1528
1874,1655
1875,1421
1876,936
1877,1183
1878,1613
1879,1311
1880,1885
1881,1020
1882,927
1883,979
1884,1138
1885,1237
1886,766
1887,950
1888,1274
1889,1049
1890,641
1891,555
1892,766
1893,539
1894,590
1895,664
1896,775
1897,650
1898,564
1899,508
1900,538
1901,476
1902,470
1903,531
1904,578
1905,526
1906,726
1907,738
1908,689
1909,724
1910,805
1911,538
1912,566
1913,583
1914,596
1915,806
1916,812
1917,870
1918,821
1919,839
1920,738
1921,801
1922,865
1923,920
1924,1131
1925,827
1926,835
1927,812
1928,977
1929,1072
1930,1115
1931,1086
1932,1294
1933,843
1934,869
1935,959
1936,719
1937,729
1938,866
1939,914
1940,939
1941,810
1942,831
1943,844
1944,1182
1945,1298
1946,1023
1947,1117
1948,1371
1949,1634
1950,1494
1951,1372
1952,1296
1953,1217
1954,955
1955,1071
1956,922
1957,1019
1958,1223
1959,1262
1960,1250
1961,1168
1962,1339
1963,1679
1964,1351
1965,1132
1966,1608
1967,1329
1968,1296
1969,1563
1970,2375
1971,1478
1972,1381
1973,1736
1974,1336
1975,1480
1976,1332
1977,1157
1978,1146
1979,1326
1980,1173
1981,1283
1982,1331
1983,1291
1984,1263
1985,1380
1986,1191
1987,1414
1988,1251
1989,1260
1990,1082
1991,962
1992,816
1993,870
1994,685
1995,638
1996,713
1997,661
1998,797
1999,1121
2000,1149
2001,1323
2002,860
2003,802
2004,798
2005,1125
2006,734
2007,984
2008,955
2009,721
2010,1140
2011,1136
2012,1092
2013,1927
2014,542
2015,563
2016,692
2017,746
2018,687
2019,583
2020,504
2021,581
2022,461
2023,503
2024,687
2025,591
2026,515
2027,592
2028,613
2029,553
2030,529
2031,448
2032,384
2033,503
2034,536
2035,598
2036,669
2037,655
2038,474
2039,602
2040,540
2041,437
2042,447
2043,440
2044,430
2045,454
2046,487
2047,447
2048,602
2049,634
2050,837
2051,647
2052,801
2053,923
2054,541
2055,592
2056,568
2057,600
2058,623
2059,559
2060,544
2061,500
2062,598
2063,529
2064,688
2065,747
2066,758
2067,644
2068,569
2069,681
2070,618
2071,709
2072,722
2073,640
2074,641
2075,699
2076,680
2077,639
2078,620
2079,603
2080,471
2081,398
2082,559
2083,632
2084,546
2085,566
2086,383
2087,498
2088,496
2089,450
2090,421
2091,481
2092,364
2093,441
2094,335
2095,482
2096,247
2097,470
2098,280
2099,334
2100,338
2101,370
2102,245
2103,280
2104,306
2105,404
2106,305
2107,344
2108,226
2109,261
2110,244
2111,330
2112,263
2113,300
2114,272
2115,179
2116,150
2117,227
2118,198
2119,254
2120,299
2121,434
2122,484
2123,452
2124,397
2125,386
2126,383
2127,290
2128,336
2129,285
2130,278
2131,240
2132,178
2133,361
2134,424
2135,263
2136,244
2137,198
2138,236
2139,116
2140,143
2141,150
2142,127
2143,150
2144,186
2145,279
2146,362
2147,265
2148,282
2149,365
2150,359
2151,332
2152,275
2153,241
2154,201
2155,460
2156,259
2157,231
2158,304
2159,274
2160,187
2161,209
2162,175
2163,247
2164,274
2165,178
2166,119
2167,155
2168,175
2169,168
2170,135
2171,120
2172,174
2173,175
2174,173
2175,143
2176,209
2177,195
2178,164
2179,218
2180,500
2181,571
2182,518
2183,614
2184,509
2185,601
2186,538
2187,468
2188,274
2189,347
2190,337
2191,328
2192,503
2193,519
2194,359
2195,408
2196,444
2197,920
2198,1025
2199,320
2200,215
2201,266
2202,278
2203,155
2204,258
2205,217
2206,248
2207,196
2208,324
2209,269
2210,344
2211,265
2212,196
2213,247
2214,348
2215,263
2216,217
2217,282
2218,301
2219,305
2220,397
2221,269
2222,223
2223,203
2224,295
2225,257
2226,370
2227,204
2228,185
2229,206
2230,290
2231,229
2232,216
2233,309
2234,261
2235,266
2236,278
2237,212
2238,109
2239,137
2240,141
2241,158
2242,245
2243,218
2244,302
2245,388
2246,239
2247,255
2248,318
2249,321
2250,368
2251,274
2252,206
2253,312
2254,356
2255,352
2256,533
2257,396
2258,236
2259,261
2260,196
2261,172
2262,220
2263,337
2264,289
2265,147
2266,153
2267,143
2268,156
2269,135
2270,247
2271,208
2272,216
2273,172
2274,246
2275,291
2276,353
2277,209
2278,287
2279,281
2280,270
2281,216
2282,256
2283,280
2284,399
2285,302
2286,207
2287,149
2288,152
2289,99
2290,106
2291,83
2292,103
2293,62
2294,59
2295,139
2296,71
2297,40
2298,61
2299,57
2300,49
2301,102
2302,115
2303,123
2304,116
2305,138
2306,70
2307,128
2308,164
2309,106
2310,144
2311,297
2312,315
2313,394
2314,495
2315,480
2316,544
2317,254
2318,177
2319,140
2320,72
2321,43
2322,65
2323,103
2324,101
2325,107
2326,123
2327,211
2328,178
2329,209
2330,230
2331,299
2332,297
2333,213
2334,141
2335,132
2336,122
2337,133
2338,110
2339,158
2340,267
2341,163
2342,137
2343,162
2344,187
2345,98
2346,143
2347,181
2348,179
2349,100
2350,153
2351,171
2352,93
2353,126
2354,130
2355,113
2356,185
2357,138
2358,183
2359,120
2360,91
2361,202
2362,94
2363,85
2364,154
2365,183
2366,162
2367,172
2368,212
2369,114
2370,141
2371,239
2372,142
2373,254
2374,244
2375,175
2376,139
2377,127
2378,168
2379,87
2380,112
2381,157
2382,89
2383,48
2384,73
2385,42
2386,95
2387,169
2388,56
2389,43
2390,61
2391,49
2392,55
2393,66
2394,155
2395,122
2396,89
2397,209
2398,237
2399,199
2400,213
2401,215
2402,254
2403,233
2404,178
2405,201
2406,324
2407,159
2408,363
2409,95
2410,155
2411,140
2412,137
2413,234
2414,195
2415,276
2416,237
2417,318
2418,319
2419,389
2420,418
2421,508
2422,520
2423,431
2424,412
2425,207
2426,264
2427,211
2428,136
2429,84
2430,169
2431,140
2432,268
2433,300
2434,252
2435,269
2436,182
2437,172
2438,181
2439,143
2440,285
2441,226
2442,200
2443,196
2444,172
2445,224
2446,229
2447,225
2448,158
2449,169
2450,156
2451,159
2452,184
2453,247
2454,200
2455,291
2456,424
2457,272
2458,512
2459,494
2460,598
2461,457
2462,305
2463,284
2464,256
2465,285
2466,226
2467,243
2468,196
2469,703
2470,459
2471,193
2472,179
2473,144
2474,53
2475,69
2476,86
2477,111
2478,88
2479,54
2480,94
2481,102
2482,94
2483,50
2484,114
2485,103
2486,115
2487,116
2488,129
2489,184
2490,246
2491,214
2492,176
2493,76
2494,133
2495,129
2496,200
2497,277
2498,279
2499,331
2500,169
2501,182
2502,167
2503,184
2504,155
2505,157
2506,174
2507,132
2508,210
2509,145
2510,103
2511,61
2512,78
2513,53
2514,68
2515,147
2516,125
2517,87
2518,88
2519,90
2520,63
2521,74
2522,94
2523,101
2524,103
2525,109
2526,88
2527,87
2528,123
2529,102
2530,114
2531,142
2532,114
2533,165
2534,122
2535,87
2536,109
2537,167
2538,219
2539,242
2540,146
2541,157
2542,142
2543,116
2544,126
2545,192
2546,162
2547,131
2548,109
2549,80
2550,108
2551,120
2552,105
2553,114
2554,237
2555,188
2556,158
2557,195
2558,162
2559,211
2560,111
2561,244
2562,250
2563,168
2564,211
2565,210
2566,176
2567,259
2568,170
2569,123
2570,218
2571,329
2572,378
2573,251
2574,120
2575,132
2576,105
2577,149
2578,173
2579,164
2580,177
2581,120
2582,115
2583,72
2584,99
2585,142
2586,278
2587,384
2588,392
2589,394
2590,477
2591,417
2592,517
2593,288
2594,359
2595,237
2596,203
2597,426
2598,349
2599,262
2600,100
2601,169
2602,217
2603,128
2604,111
2605,94
2606,94
2607,74
2608,123
2609,119
2610,193
2611,106
2612,155
2613,113
2614,159
2615,172
2616,193
2617,170
2618,152
2619,176
2620,134
2621,89
2622,118
2623,241
2624,223
2625,220
2626,209
2627,158
2628,327
2629,159
2630,141
2631,198
2632,177
2633,280
2634,180
2635,126
2636,149
2637,128
2638,131
2639,133
2640,102
2641,124
2642,294
2643,123
2644,130
2645,179
2646,98
2647,123
2648,83
2649,90
2650,89
2651,119
2652,135
2653,71
2654,60
2655,147
2656,81
2657,127
2658,235
2659,85
2660,71
2661,70
2662,130
2663,114
2664,88
2665,97
2666,66
2667,87
2668,88
2669,198
2670,78
2671,72
2672,68
2673,84
2674,86
2675,110
2676,65
2677,53
2678,66
2679,57
2680,95
2681,186
2682,153
2683,167
2684,122
2685,146
2686,122
2687,172
2688,143
2689,170
2690,247
2691,81
2692,135
2693,77
2694,149
2695,106
2696,125
2697,109
2698,79
2699,131
2700,166
2701,147
2702,106
2703,200
2704,162
2705,160
2706,131
2707,137
2708,109
2709,122
2710,207
2711,183
2712,272
2713,128
2714,90
2715,88
2716,93
2717,148
2718,66
2719,86
2720,80
2721,160
2722,170
2723,132
2724,88
2725,74
2726,78
2727,68
2728,78
2729,64
2730,70
2731,43
2732,84
2733,64
2734,76
2735,78
2736,128
2737,120
2738,146
2739,122
2740,99
2741,161
2742,116
2743,188
2744,169
2745,300
2746,225
2747,226
2748,327
2749,261
2750,228
2751,427
2752,236
2753,254
2754,226
2755,186
2756,295
2757,313
2758,253
2759,274
2760,200
2761,211
2762,181
2763,245
2764,279
2765,206
2766,217
2767,200
2768,181
2769,278
2770,245
2771,146
2772,128
2773,132
2774,185
2775,186
2776,160
2777,163
2778,116
2779,128
2780,249
2781,299
2782,245
2783,158
2784,222
2785,274
2786,234
2787,191
2788,160
2789,168
2790,108
2791,88
2792,97
2793,85
2794,77
2795,84
2796,51
2797,88
2798,95
2799,126
2800,79
2801,79
2802,111
2803,101
2804,76
2805,92
2806,231
2807,216
2808,232
2809,345
2810,94
2811,155
2812,136
2813,149
2814,214
2815,304
2816,303
2817,242
2818,148
2819,196
2820,162
2821,123
2822,221
2823,232
2824,198
2825,187
2826,169
2827,197
2828,240
2829,224
2830,171
2831,192
2832,219
2833,222
2834,242
2835,295
2836,246
2837,362
2838,272
2839,212
2840,232
2841,277
2842,358
2843,390
2844,348
2845,393
2846,382
2847,385
2848,468
2849,409
2850,416
2851,356
2852,428
2853,457
2854,408
2855,352
2856,279
2857,283
2858,221
2859,315
2860,330
2861,281
2862,321
2863,259
2864,341
2865,355
2866,347
2867,349
2868,306
2869,306
2870,253
2871,273
2872,259
2873,280
2874,323
2875,331
2876,288
2877,371
2878,315
2879,216
2880,231
2881,195
2882,178
2883,234
2884,186
2885,137
2886,134
2887,144
2888,112
2889,124
2890,206
2891,235
2892,166
2893,155
2894,114
2895,126
2896,156
2897,153
2898,173
2899,128
2900,196
2901,172
2902,134
2903,176
2904,149
2905,162
2906,156
2907,146
2908,265
2909,160
2910,183
2911,177
2912,206
2913,210
2914,251
2915,227
2916,201
2917,209
2918,262
2919,306
2920,194
2921,171
2922,239
2923,190
2924,229
2925,261
2926,193
2927,166
2928,150
2929,160
2930,184
2931,166
2932,312
2933,260
2934,396
2935,411
2936,480
2937,351
2938,261
2939,316
2940,283
2941,198
2942,292
2943,230
2944,105
2945,177
2946,233
2947,144
2948,157
2949,154
2950,204
2951,91
2952,100
2953,104
2954,99
2955,122
2956,217
2957,257
2958,139
2959,156
2960,178
2961,121
2962,141
2963,161
2964,210
2965,182
2966,189
2967,180
2968,178
2969,217
2970,175
2971,236
2972,182
2973,205
2974,215
2975,246
2976,289
2977,235
2978,287
2979,298
2980,340
2981,293
2982,221
2983,230
2984,212
2985,226
2986,332
2987,320
2988,323
2989,302
2990,246
2991,376
2992,435
2993,283
2994,241
2995,245
2996,186
2997,146
2998,122
2999,195
3000,161
3001,182
3002,201
3003,262
3004,316
3005,337
3006,294
3007,337
3008,251
3009,225
3010,244
3011,143
3012,165
3013,192
3014,221
3015,133
3016,136
3017,168
3018,172
3019,148
3020,177
3021,200
3022,194
3023,175
3024,192
3025,161
3026,168
3027,203
3028,169
3029,228
3030,196
3031,174
3032,232
3033,228
3034,272
3035,267
3036,185
3037,212
3038,278
3039,269
3040,286
3041,349
3042,313
3043,372
3044,407
3045,376
3046,278
3047,482
3048,351
3049,332
3050,338
3051,357
3052,323
3053,223
3054,216
3055,177
3056,228
3057,226
3058,194
3059,222
3060,230
3061,219
3062,143
3063,170
3064,202
3065,194
3066,131
3067,101
3068,109
3069,108
3070,205
3071,241
3072,188
3073,192
3074,321
3075,224
3076,135
3077,135
3078,102
3079,139
3080,115
3081,98
3082,145
3083,192
3084,280
3085,94
3086,96
3087,101
3088,78
3089,60
3090,97
3091,74
3092,96
3093,94
3094,111
3095,136
3096,172
3097,257
3098,199
3099,146
3100,198
3101,187
3102,98
3103,105
3104,198
3105,233
3106,131
3107,159
3108,143
3109,103
3110,183
3111,140
3112,172
3113,198
3114,231
3115,198
3116,129
3117,161
3118,145
3119,98
3120,158
3121,195
3122,153
3123,153
3124,142
3125,210
3126,175
3127,229
3128,742
3129,257
3130,459
3131,517
3132,349
3133,269
3134,389
3135,447
3136,370
3137,180
3138,213
3139,283
3140,209
3141,267
3142,445
3143,339
3144,272
3145,302
3146,272
3147,252
3148,274
3149,300
3150,278
3151,875
3152,315
3153,375
3154,402
3155,440
3156,437
3157,427
3158,347
3159,331
3160,264
3161,288
3162,187
3163,203
3164,220
3165,246
3166,420
3167,227
3168,196
3169,252
3170,470
3171,354
3172,528
3173,363
3174,428
3175,305
3176,421
3177,141
3178,318
3179,193
3180,170
3181,138
3182,222
3183,138
3184,184
3185,130
3186,190
3187,97
3188,170
3189,170
3190,187
3191,159
3192,184
3193,188
3194,160
3195,141
3196,124
3197,155
3198,164
3199,161
3200,139
3201,124
3202,120
3203,102
3204,143
3205,186
3206,271
3207,242
3208,310
3209,214
3210,210
3211,304
3212,285
3213,177
3214,233
3215,221
3216,241
3217,317
3218,159
3219,134
3220,201
3221,157
3222,166
3223,212
3224,195
3225,180
3226,191
3227,200
3228,234
3229,246
3230,214
3231,153
3232,98
3233,113
3234,160
3235,74
3236,96
3237,96
3238,99
3239,123
3240,85
3241,61
3242,63
3243,106
3244,100
3245,107
3246,68
3247,83
3248,87
3249,78
3250,162
3251,101
3252,74
3253,163
3254,131
3255,125
3256,153
3257,169
3258,172
3259,193
3260,209
3261,270
3262,237
3263,255
3264,219
3265,189
3266,271
3267,169
3268,201
3269,182
3270,243
3271,261
3272,292
3273,227
3274,177
3275,171
3276,194
3277,259
3278,249
3279,194
3280,144
3281,145
3282,180
3283,117
3284,113
3285,94
3286,100
3287,67
3288,43
3289,119
3290,55
3291,78
3292,46
3293,43
3294,50
3295,37
3296,53
3297,60
3298,38
3299,80
3300,53
3301,97
3302,41
3303,46
3304,26
3305,45
3306,34
3307,36
3308,49
3309,75
3310,71
3311,87
3312,84
3313,69
3314,36
3315,49
3316,60
3317,64
3318,71
3319,37
3320,38
3321,34
3322,71
3323,42
3324,142
3325,40
3326,20
3327,37
3328,50
3329,88
3330,100
3331,127
3332,52
3333,29
3334,47
3335,75
3336,82
3337,106
3338,78
3339,57
3340,51
3341,25
3342,31
3343,48
3344,68
3345,89
3346,78
3347,60
3348,91
3349,57
3350,36
3351,36
3352,59
3353,44
3354,42
3355,92
3356,88
3357,67
3358,23
3359,21
3360,61
3361,40
3362,64
3363,20
3364,22
3365,17
3366,42
3367,46
3368,56
3369,12
3370,42
3371,76
3372,48
3373,34
3374,34
3375,49
3376,45
3377,42
3378,82
3379,57
3380,50
3381,79
3382,58
3383,107
3384,73
3385,226
3386,80
3387,96
3388,93
3389,82
3390,69
3391,34
3392,67
3393,10
3394,52
3395,45
3396,52
3397,70
3398,65
3399,27
3400,56
3401,51
3402,35
3403,60
3404,42
3405,80
3406,35
3407,32
3408,71
3409,49
3410,45
3411,18
3412,38
3413,26
3414,68
3415,46
3416,33
3417,40
3418,42
3419,34
3420,16
3421,22
3422,30
3423,29
3424,27
3425,16
3426,15
3427,17
3428,13
3429,32
3430,38
3431,52
3432,21
3433,24
3434,17
3435,17
3436,28
3437,27
3438,31
3439,30
3440,61
3441,60
3442,23
3443,36
3444,38
3445,26
3446,22
3447,30
3448,60
3449,99
3450,63
3451,54
3452,72
3453,66
3454,59
3455,39
3456,16
3457,55
3458,44
3459,63
3460,90
3461,76
3462,67
3463,52
3464,32
3465,37
3466,38
3467,99
3468,61
3469,53
3470,108
3471,70
3472,92
3473,63
3474,33
3475,48
3476,70
3477,107
3478,101
3479,156
3480,90
3481,104
3482,71
3483,60
3484,92
3485,85
3486,23
3487,33
3488,25
3489,46
3490,64
3491,46
3492,47
3493,67
3494,43
3495,38
3496,47
3497,40
3498,20
3499,16
3500,26
3501,16
3502,43
3503,20
3504,42
3505,130
3506,94
3507,111
3508,33
3509,57
3510,70
3511,54
3512,54
3513,24
3514,8
3515,23
3516,20
3517,23
3518,60
3519,39
3520,52
3521,64
3522,45
3523,50
3524,38
3525,24
3526,22
3527,46
3528,26
3529,21
3530,27
3531,35
3532,40
3533,47
3534,68
3535,29
3536,23
3537,36
3538,49
3539,79
3540,76
3541,87
3542,178
3543,110
3544,117
3545,97
3546,43
3547,88
3548,109
3549,37
3550,104
3551,67
3552,35
3553,5
3554,7
3555,4
3556,21
3557,14
3558,12
3559,11
3560,35
3561,26
3562,63
3563,43
3564,7
3565,8
3566,6
3567,17
3568,7
3569,13
3570,6
3571,17
3572,15
3573,28
3574,17
3575,3
3576,6
3577,6
3578,23
3579,1
3580,8
3581,3
3582,8
3583,4
3584,5
3585,7
3586,12
3587,5
3588,6
3589,8
3590,14
3591,9
3592,7
3593,12
3594,3
3595,8
3596,2
3597,2
3598,7
3599,11
3600,7
3601,5
3602,14
3603,3
3604,9
3605,11
3606,10
3607,13
3608,12
3609,24
3610,22
3611,8
3612,8
3613,2
3614,11
3615,2
3616,4
3617,3
3618,8
3619,1
3620,1
3621,6
3622,8
3623,18
3624,4
3625,4
3626,3
3627,6
3628,11
3629,5
3630,3
3631,4
3632,13
3633,24
3634,18
3635,28
3636,38
3637,3
3638,7
3639,16
3640,6
3641,9
3642,2
3643,4
3644,14
3645,1
3646,13
3647,6
3648,11
3649,3
3650,5
3651,13
3652,16
3653,60
3654,27
3655,4
3656,11
3657,8
3658,23
3659,2
3660,11
3661,9
3662,3
3663,7
3664,8
3665,6
3666,17
3667,15
3668,9
3669,6
3670,10
3671,10
3672,8
3673,8
3674,11
3675,13
3676,28
3677,38
3678,18
3679,22
3680,25
3681,14
3682,32
3683,18
3684,31
3685,35
3686,37
3687,30
3688,29
3689,14
3690,26
3691,23
3692,23
3693,6
3694,6
3695,7
3696,8
3697,7
3698,9
3699,22
3700,20
3701,26
3702,30
3703,61
3704,47
3705,57
3706,45
3707,28
3708,18
3709,8
3710,7
3711,3
3712,6
3713,20
3714,20
3715,24
3716,4
3717,10
3718,4
3719,23
3720,16
3721,29
3722,5
3723,10
3724,2
3725,1
3726,4
3727,8
3728,13
3729,5
3730,67
3731,75
3732,6
3733,6
3734,1
3735,3
3736,4
3737,6
3738,8
3739,4
3740,39
3741,26
3742,1
3743,2
3744,7
3745,55
3746,16
3747,6
3748,5
3749,4
3750,4
3751,6
3752,9
3753,10
3754,53
3755,2
3756,8
3757,2
3758,9
3759,34
3760,8
3761,3
3762,12
3763,24
3764,28
3765,24
3766,47
3767,27
3768,16
3769,12
3770,4
3771,7
3772,15
3773,9
3774,10
3775,4
3776,1
3777,1
3778,5
3779,1
3780,1
3781,1
3782,5
3783,4
3784,4
3785,3
3786,4
3787,3
3788,5
3789,25
3790,46
3791,24
3792,17
3793,25
3794,29
3795,15
3796,6
3797,5
3798,15
3799,1
3800,1
3801,5
3802,4
3803,20
3804,9
3805,2
3806,7
3807,5
3808,4
3809,11
3810,5
3811,2
3812,8
3813,9
3814,10
3815,17
3816,16
3817,10
3818,1
3819,4
3820,9
3821,7
3822,1
3823,9
3824,3
3825,7
3826,7
3827,15
3828,12
3829,5
3830,8
3831,18
3832,19
3833,5
3834,6
3835,3
3836,8
3837,6
3838,1
3839,5
3841,7
3842,6
3843,7
3844,5
3845,4
3846,20
3847,9
3848,8
3849,12
3850,14
3851,6
3852,5
3853,2
3854,3
3855,3
3856,6
3857,3
3858,5
3859,6
3860,19
3861,45
3862,28
3863,8
3865,1
3866,7
3868,3
3869,18
3870,10
3871,5
3872,6
3873,2
3874,12
3875,34
3876,15
3877,9
3878,7
3879,10
3880,9
3881,10
3882,3
3883,14
3884,5
3885,3
3886,5
3887,8
3888,18
3889,43
3890,11
3891,14
3892,3
3894,13
3895,39
3896,9
3897,15
3898,3
3899,10
3900,13
3901,1
3902,13
3903,26
3904,4
3906,12
3907,8
3908,8
3909,12
3910,9
3911,33
3912,21
3913,36
3914,23
3915,21
3916,18
3917,10
3918,14
3919,24
3920,49
3921,52
3922,57
3923,50
3924,26
3925,14
3926,11
3927,2
3928,37
3929,88
3930,107
3931,65
3932,20
3933,16
3934,20
3935,18
3936,32
3937,22
3938,23
3939,14
3940,24
3941,15
3942,37
3943,18
3944,6
3945,23
3946,32
3947,29
3948,11
3949,11
3950,8
3951,13
3952,37
3953,76
3954,46
3955,26
3956,5
3957,5
3958,11
3959,19
3960,13
3961,12
3962,4
3963,13
3964,12
3965,12
3966,9
3967,2
3968,4
3969,26
3970,54
3971,8
3972,4
3973,8
3974,5
3975,9
3976,7
3977,13
3978,10
3979,3
3980,3
3981,39
3982,27
3983,20
3984,6
3985,9
3986,9
3987,12
3988,2
3989,24
3990,15
3991,12
3992,20
3993,21
3994,14
3995,6
3996,11
3997,7
3998,19
3999,15
4000,18
4001,9
4002,3
4003,13
4004,4
4005,6
4006,1
4007,7
4008,2
4009,10
4010,5
4011,1
4012,19
4013,26
4014,14
4015,10
4017,6
4018,4
4019,15
4020,6
4021,1
4022,6
4023,11
4024,15
4025,29
4026,1
4027,9
4028,20
4029,15
4030,6
4031,4
4032,7
4033,6
4034,6
4035,4
4036,4
4037,13
4038,2
4039,20
4040,29
4041,22
4042,7
4043,19
4044,20
4045,13
4046,3
4047,1
4048,2
4049,1
4050,6
4051,4
4052,9
4053,31
4054,16
4055,85
4056,19
4057,193
4058,37
4059,1
4060,3
4062,5
4063,4
4064,15
4065,8
4066,1
4067,6
4068,14
4069,30
4070,12
4071,5
4072,6
4073,1
4075,1
4076,1
4077,7
4078,6
4079,6
4080,1
4081,21
4082,18
4083,22
4084,17
4085,9
4086,10
4087,4
4088,20
4089,3
4090,7
4091,9
4092,15
4093,11
4094,13
4095,14
4096,8
4097,34
4098,9
4099,5
4100,5
4101,5
4102,7
4103,7
4104,3
4105,6
4106,9
4107,6
4108,1
4109,2
4110,17
4111,2
4112,27
4113,10
4114,10
4115,6
4116,18
4117,12
4118,5
4119,16
4120,2
4121,6
4122,7
4123,13
4124,16
4125,1
4126,8
4127,25
4128,10
4129,24
4130,13
4131,20
4132,5
4133,1
4134,3
4135,5
4136,3
4137,3
4138,8
4139,1
4140,7
4141,5
4142,4
4143,9
4144,29
4145,2
4147,6
4148,6
4149,4
4150,2
4151,3
4152,11
4153,9
4154,10
4155,1
4156,6
4157,3
4158,17
4159,27
4160,58
4161,12
4162,11
4163,3
4164,8
4165,6
4166,8
4167,8
4168,6
4169,11
4170,5
4171,5
4172,31
4173,68
4174,86
4175,87
4176,104
4177,45
4178,76
4179,62
4180,100
4181,57
4182,52
4183,63
4184,65
4185,41
4186,33
4187,43
4188,40
4189,65
4190,62
4191,53
4192,79
4193,145
4194,51
4195,19
4196,21
4197,49
4198,61
4199,146
4200,45
4201,24
4202,38
4203,70
4204,64
4205,47
4206,39
4207,22
4208,96
4209,68
4210,66
4211,31
4212,56
4213,105
4214,192
4215,71
4216,16
4217,19
4218,2
4219,19
4220,24
4221,28
4222,10
4223,7
4224,23
4225,11
4226,7
4227,8
4228,16
4229,11
4230,13
4231,10
4232,25
4233,14
4234,17
4235,14
4236,4
4237,18
4238,9
4239,8
4240,8
4241,7
4242,2
4243,6
4244,4
4245,25
4246,18
4247,11
4248,15
4249,4
4250,8
4251,18
4252,20
4253,8
4254,9
4255,15
4256,30
4257,8
4258,20
4259,20
4260,20
4261,27
4262,14
4263,17
4264,3
4265,15
4266,11
4267,2
4268,18
4269,11
4270,22
4271,12
4272,11
4273,22
4274,17
4275,14
4276,16
4277,18
4278,18
4279,21
4280,23
4281,6
4282,4
4283,9
4284,10
4285,18
4286,22
4287,10
4288,8
4289,31
4290,9
4291,1
4292,3
4293,3
4294,1
4295,2
4296,1
4298,7
4299,6
4300,12
4301,4
4303,3
4304,2
4306,5
4308,3
4309,5
4310,3
4311,16
4312,4
4313,1
4314,3
4315,5
4316,3
4318,3
4319,8
4321,6
4322,9
4323,5
4324,5
4325,8
4326,7
4327,3
