0,40646904
1,7607
2,3421
3,4149
4,3476
5,3376
6,3221
7,2332
8,2138
9,3086
10,1911
11,2460
12,4408
13,2823
14,3028
15,3391
16,2475
17,2808
18,3245
19,2716
20,2848
21,1968
22,2166
23,2071
24,1548
25,2530
26,1037
27,2627
28,2112
29,1769
30,2061
31,1880
32,1289
33,2416
34,1220
35,2774
36,1483
37,2089
38,1654
39,2780
40,1693
41,2612
42,2339
43,2025
44,2281
45,1877
46,1456
47,1854
48,1685
49,1342
50,1439
51,1398
52,1476
53,1876
54,2007
55,2048
56,2098
57,2223
58,3092
59,1660
60,1187
61,1434
62,1176
63,2174
64,2650
65,1145
66,2218
67,1285
68,1332
69,1478
70,1365
71,1351
72,1090
73,2036
74,1874
75,1453
76,1685
77,1774
78,532
79,816
80,851
81,800
82,2595
83,1303
84,911
85,894
86,1014
87,1167
88,806
89,1144
90,1122
91,532
92,944
93,772
94,671
95,986
96,824
97,1205
98,750
99,934
100,950
101,1935
102,979
103,1034
104,1738
105,1118
106,997
107,1146
108,1214
109,2271
110,1076
111,1008
112,829
113,1183
114,1403
115,1067
116,1205
117,1075
118,824
119,1267
120,1371
121,1063
122,2649
123,1212
124,1125
125,2106
126,2112
127,1343
128,1708
129,2514
130,1162
131,2715
132,1776
133,1617
134,1473
135,1566
136,1454
137,1479
138,1680
139,1585
140,721
141,2424
142,1033
143,1153
144,1110
145,1942
146,1108
147,1123
148,873
149,1170
150,1842
151,1485
152,1209
153,1178
154,1160
155,1325
156,1774
157,1802
158,2117
159,1571
160,1217
161,855
162,864
163,829
164,832
165,1322
166,1266
167,1270
168,1082
169,861
170,1127
171,1193
172,1659
173,1136
174,1593
175,1144
176,1288
177,1057
178,1120
179,1127
180,765
181,1087
182,1070
183,1617
184,1037
185,1224
186,798
187,1480
188,1297
189,1152
190,1815
191,1154
192,1299
193,1317
194,2065
195,1333
196,1759
197,1929
198,2281
199,1867
200,1896
201,1817
202,1690
203,1293
204,1837
205,1118
206,1051
207,1573
208,1182
209,1187
210,1278
211,1523
212,900
213,2131
214,1398
215,1343
216,1963
217,2178
218,1217
219,1951
220,1040
221,1209
222,738
223,1287
224,863
225,1681
226,1551
227,1669
228,1434
229,1476
230,1173
231,673
232,807
233,1049
234,1349
235,929
236,815
237,1220
238,903
239,681
240,803
241,781
242,896
243,743
244,930
245,1262
246,1966
247,1585
248,1660
249,1522
250,1437
251,1353
252,1403
253,1570
254,1145
255,1187
256,1228
257,1328
258,1097
259,1639
260,1179
261,1213
262,1244
263,829
264,1106
265,1082
266,990
267,1152
268,1188
269,1216
270,1263
271,1007
272,1303
273,1900
274,948
275,1976
276,1620
277,1956
278,1749
279,1928
280,2901
281,3240
282,2276
283,2352
284,1518
285,2529
286,1554
287,2286
288,1625
289,1564
290,1446
291,1486
292,1652
293,1158
294,2308
295,1411
296,2361
297,1532
298,1891
299,1690
300,1375
301,1305
302,1722
303,1120
304,1155
305,1470
306,1249
307,1374
308,856
309,980
310,1182
311,1068
312,1220
313,883
314,848
315,1117
316,815
317,1149
318,1175
319,1085
320,960
321,939
322,1064
323,2335
324,1436
325,1425
326,1680
327,1146
328,1314
329,1122
330,1134
331,1396
332,1241
333,1281
334,1715
335,1475
336,1788
337,1708
338,1776
339,1278
340,1153
341,1591
342,1162
343,1143
344,1297
345,1700
346,1208
347,1620
348,1269
349,1404
350,1602
351,2537
352,1649
353,2132
354,2260
355,1827
356,1674
357,2097
358,2212
359,2382
360,1317
361,1529
362,1286
363,1476
364,1594
365,2214
366,1669
367,2063
368,1751
369,1157
370,1040
371,865
372,1969
373,1339
374,2415
375,1421
376,2262
377,1685
378,2434
379,1523
380,1819
381,742
382,1917
383,1101
384,1347
385,813
386,854
387,1009
388,782
389,1050
390,1925
391,1307
392,1590
393,1188
394,1749
395,1472
396,862
397,1159
398,1176
399,1316
400,1322
401,1861
402,1125
403,936
404,1583
405,1179
406,1826
407,3910
408,1341
409,1060
410,1852
411,1894
412,1432
413,2525
414,1872
415,1619
416,2567
417,1529
418,1919
419,3068
420,1624
421,1844
422,2345
423,1369
424,2963
425,2444
426,1512
427,1268
428,3078
429,1512
430,1230
431,1388
432,1656
433,1528
434,1839
435,1599
436,2453
437,3305
438,2220
439,2860
440,3400
441,1892
442,1762
443,1553
444,4090
445,2079
446,2174
447,4964
448,2220
449,1682
450,1681
451,1553
452,1865
453,2433
454,1882
455,3827
456,2300
457,1651
458,2297
459,1692
460,1314
461,1668
462,1088
463,1590
464,1389
465,1559
466,1476
467,1248
468,1425
469,1544
470,1254
471,1731
472,1947
473,1217
474,3268
475,2087
476,1989
477,2461
478,4361
479,3597
480,2438
481,2564
482,2230
483,2778
484,2767
485,2107
486,3672
487,2218
488,2057
489,1764
490,2359
491,2385
492,2100
493,2081
494,3292
495,2151
496,2141
497,1911
498,2070
499,1846
500,1675
501,2407
502,3245
503,2724
504,2415
505,3060
506,2605
507,2282
508,2539
509,3201
510,2951
511,3373
512,3187
513,3042
514,2539
515,4246
516,3077
517,5004
518,4953
519,6114
520,5456
521,3812
522,3463
523,4994
524,4381
525,5950
526,5666
527,5476
528,5202
529,4352
530,3626
531,2922
532,4293
533,4198
534,3903
535,4049
536,4013
537,4331
538,5042
539,3922
540,5317
541,2899
542,4151
543,2752
544,3247
545,3106
546,2998
547,3265
548,2884
549,4052
550,3041
551,3600
552,3804
553,3514
554,4504
555,4632
556,4177
557,6138
558,7401
559,4966
560,6038
561,5043
562,6129
563,7478
564,6042
565,8318
566,6062
567,4733
568,5998
569,5643
570,6903
571,7224
572,8246
573,7218
574,9232
575,8564
576,11622
577,9668
578,8962
579,11320
580,9906
581,13112
582,15007
583,11880
584,11806
585,15209
586,13864
587,14514
588,14341
589,14563
590,17025
591,18564
592,16923
593,22440
594,24447
595,34700
596,38139
597,46499
598,63909
599,81269
600,543154
601,68437
602,42212
603,42220
604,38556
605,32650
606,32473
607,31963
608,30042
609,29565
610,24166
611,27610
612,25784
613,25249
614,25779
615,26872
616,22553
617,21485
618,19673
619,18537
620,20325
621,17780
622,24263
623,20398
624,17523
625,16420
626,16199
627,16938
628,17859
629,17897
630,16340
631,16613
632,15824
633,16017
634,15386
635,13980
636,13417
637,13342
638,15235
639,15089
640,14336
641,12736
642,16214
643,13246
644,14279
645,15373
646,15151
647,15907
648,15599
649,16338
650,15790
651,15386
652,15672
653,16640
654,14824
655,14503
656,13614
657,13015
658,15613
659,11982
660,12361
661,10714
662,10107
663,10813
664,10091
665,9206
666,9407
667,9512
668,9955
669,10254
670,9269
671,9059
672,9048
673,7973
674,7633
675,7044
676,6559
677,8531
678,7808
679,8046
680,8491
681,8883
682,9806
683,9823
684,9890
685,9454
686,9011
687,9619
688,8965
689,9291
690,9210
691,8991
692,9051
693,8728
694,7993
695,10192
696,10218
697,8878
698,10158
699,9413
700,8599
701,8822
702,8132
703,8684
704,8980
705,8591
706,9438
707,9057
708,10649
709,7927
710,7011
711,8290
712,8051
713,8082
714,8020
715,8308
716,7027
717,8062
718,6879
719,6669
720,5514
721,4619
722,5974
723,4742
724,4867
725,4980
726,5061
727,5503
728,5408
729,5200
730,5666
731,5896
732,5621
733,5730
734,6366
735,5766
736,5155
737,5539
738,5655
739,6198
740,5958
741,6712
742,6433
743,6552
744,7110
745,6586
746,7464
747,7008
748,8398
749,7290
750,7077
751,6710
752,6993
753,7188
754,6893
755,7411
756,8060
757,6913
758,6659
759,5778
760,5968
761,6032
762,5601
763,6287
764,7470
765,7247
766,7145
767,6261
768,7550
769,8399
770,6974
771,6598
772,7135
773,7018
774,7102
775,6672
776,6312
777,6497
778,6873
779,5489
780,5483
781,6422
782,6170
783,5199
784,5183
785,4639
786,3881
787,3897
788,4404
789,5088
790,5861
791,5038
792,5674
793,5395
794,5034
795,6585
796,7184
797,5866
798,5499
799,4953
800,5290
801,4648
802,4789
803,4838
804,4846
805,4235
806,4656
807,4485
808,3787
809,4802
810,6262
811,4334
812,4729
813,5354
814,4854
815,4053
816,3274
817,3248
818,3897
819,4254
820,4050
821,3616
822,3954
823,5491
824,4963
825,4180
826,4617
827,4763
828,4376
829,3819
830,4928
831,3746
832,4017
833,4623
834,3863
835,4273
836,3694
837,4231
838,4694
839,4375
840,3898
841,3332
842,3207
843,3407
844,3995
845,3668
846,4300
847,4380
848,4846
849,3979
850,3478
851,3781
852,4110
853,4511
854,4426
855,4240
856,4279
857,6137
858,5596
859,5438
860,4640
861,4961
862,4598
863,3640
864,3623
865,4385
866,5117
867,3819
868,4017
869,4768
870,4621
871,3781
872,3698
873,3861
874,3240
875,2648
876,4160
877,3846
878,4041
879,3588
880,3476
881,3402
882,3612
883,4441
884,4624
885,4972
886,4574
887,4562
888,4730
889,4715
890,4336
891,4044
892,3723
893,4784
894,3977
895,4352
896,3717
897,4520
898,3758
899,3321
900,2413
901,2787
902,3033
903,3115
904,3690
905,3485
906,3786
907,3386
908,3715
909,3623
910,3424
911,4312
912,4665
913,4736
914,4776
915,4919
916,4472
917,3383
918,2815
919,3790
920,3871
921,3391
922,5016
923,4235
924,5402
925,3721
926,4224
927,4352
928,3301
929,3233
930,3551
931,3565
932,3976
933,3028
934,2735
935,3871
936,3190
937,4027
938,3212
939,3800
940,4143
941,4009
942,3810
943,4473
944,4452
945,4608
946,4666
947,5842
948,3724
949,4373
950,4310
951,4117
952,3545
953,4524
954,3587
955,3203
956,3079
957,2514
958,2670
959,2944
960,2799
961,2939
962,2634
963,2273
964,2839
965,2076
966,2719
967,3063
968,3597
969,3728
970,2761
971,4059
972,3459
973,4153
974,3185
975,3578
976,2629
977,2744
978,3055
979,3226
980,2727
981,3967
982,2758
983,3621
984,3104
985,3942
986,2848
987,1996
988,2290
989,1779
990,2180
991,3003
992,2932
993,2736
994,3413
995,2569
996,4036
997,2912
998,3376
999,3204
1000,3516
1001,3566
1002,3564
1003,4715
1004,4237
1005,5554
1006,4105
1007,4145
1008,3323
1009,3358
1010,2853
1011,1924
1012,2209
1013,2479
1014,2868
1015,2785
1016,2080
1017,2470
1018,2694
1019,2184
1020,2296
1021,2755
1022,3074
1023,2764
1024,2770
1025,2897
1026,2912
1027,2208
1028,3440
1029,2353
1030,3122
1031,2012
1032,2247
1033,3302
1034,2172
1035,3181
1036,3065
1037,3355
1038,3259
1039,3893
1040,4071
1041,5096
1042,3836
1043,4745
1044,3436
1045,2814
1046,2108
1047,2564
1048,2109
1049,2135
1050,1762
1051,1813
1052,2839
1053,2343
1054,3109
1055,3025
1056,2968
1057,3634
1058,3297
1059,3642
1060,4228
1061,3638
1062,3607
1063,3816
1064,2668
1065,2082
1066,2224
1067,1807
1068,2281
1069,2158
1070,2479
1071,2484
1072,3011
1073,3044
1074,2289
1075,2321
1076,3106
1077,2742
1078,2031
1079,2718
1080,1603
1081,1253
1082,1370
1083,1540
1084,988
1085,1509
1086,2398
1087,1844
1088,2393
1089,3911
1090,4569
1091,4509
1092,4676
1093,4536
1094,3893
1095,4160
1096,4061
1097,4384
1098,3426
1099,2889
1100,2619
1101,2829
1102,4116
1103,3742
1104,4994
1105,3616
1106,2268
1107,2709
1108,3998
1109,4009
1110,2885
1111,2521
1112,2498
1113,1651
1114,2263
1115,2194
1116,2072
1117,2173
1118,2065
1119,2685
1120,1900
1121,2256
1122,2379
1123,2593
1124,1491
1125,1674
1126,1807
1127,1435
1128,1480
1129,2462
1130,2843
1131,2702
1132,1823
1133,2491
1134,3313
1135,3781
1136,2840
1137,1688
1138,1224
1139,1774
1140,2550
1141,2085
1142,1963
1143,2333
1144,1771
1145,2616
1146,2397
1147,3037
1148,2398
1149,3198
1150,2989
1151,3410
1152,3346
1153,3874
1154,2603
1155,2262
1156,2506
1157,3644
1158,2558
1159,3776
1160,2342
1161,2449
1162,2522
1163,2814
1164,2449
1165,2014
1166,2102
1167,4386
1168,2207
1169,2306
1170,2698
1171,3050
1172,3739
1173,3656
1174,3303
1175,2126
1176,2444
1177,3698
1178,5375
1179,3884
1180,4161
1181,2193
1182,2745
1183,2414
1184,2455
1185,2447
1186,2101
1187,1842
1188,1447
1189,2064
1190,2226
1191,2138
1192,2664
1193,3114
1194,4550
1195,4289
1196,3445
1197,3101
1198,2981
1199,2527
1200,2292
1201,2409
1202,2727
1203,1730
1204,2310
1205,1826
1206,2345
1207,2100
1208,2206
1209,2531
1210,2680
1211,3213
1212,3319
1213,3420
1214,3332
1215,4129
1216,3160
1217,3490
1218,3135
1219,2043
1220,1974
1221,1623
1222,1535
1223,1502
1224,1737
1225,2027
1226,1357
1227,1589
1228,2551
1229,1879
1230,2175
1231,1646
1232,1515
1233,1103
1234,1820
1235,1620
1236,1870
1237,3525
1238,3296
1239,4039
1240,2495
1241,2391
1242,2669
1243,3299
1244,2529
1245,3251
1246,3275
1247,3198
1248,2909
1249,2621
1250,2406
1251,3349
1252,2665
1253,4170
1254,5274
1255,4782
1256,3305
1257,3283
1258,2562
1259,3298
1260,4162
1261,2629
1262,2937
1263,3371
1264,3476
1265,3612
1266,4483
1267,4521
1268,5216
1269,5428
1270,4456
1271,3700
1272,3534
1273,4155
1274,6233
1275,6493
1276,7860
1277,6351
1278,5926
1279,5029
1280,4367
1281,3750
1282,3482
1283,3298
1284,2799
1285,2649
1286,2343
1287,2620
1288,2621
1289,2572
1290,2595
1291,2399
1292,3060
1293,3154
1294,2955
1295,2526
1296,2004
1297,1805
1298,1655
1299,1629
1300,1688
1301,1445
1302,1814
1303,2049
1304,2840
1305,2774
1306,2414
1307,2015
1308,2114
1309,1818
1310,1807
1311,1533
1312,1078
1313,1058
1314,1461
1315,1418
1316,1659
1317,1654
1318,1269
1319,928
1320,783
1321,817
1322,658
1323,696
1324,887
1325,945
1326,613
1327,734
1328,771
1329,748
1330,550
1331,660
1332,961
1333,739
1334,916
1335,676
1336,591
1337,735
1338,655
1339,670
1340,536
1341,648
1342,866
1343,801
1344,887
1345,993
1346,1324
1347,1024
1348,793
1349,876
1350,608
1351,615
1352,535
1353,527
1354,521
1355,501
1356,650
1357,976
1358,632
1359,576
1360,597
1361,528
1362,682
1363,769
1364,832
1365,739
1366,687
1367,642
1368,540
1369,535
1370,406
1371,446
1372,358
1373,333
1374,296
1375,359
1376,469
1377,396
1378,417
1379,367
1380,383
1381,426
1382,412
1383,401
1384,341
1385,492
1386,542
1387,651
1388,851
1389,633
1390,541
1391,538
1392,521
1393,436
1394,488
1395,570
1396,643
1397,549
1398,724
1399,725
1400,558
1401,650
1402,751
1403,580
1404,499
1405,551
1406,724
1407,538
1408,519
1409,546
1410,574
1411,651
1412,611
1413,445
1414,436
1415,452
1416,428
1417,483
1418,474
1419,547
1420,593
1421,685
1422,610
1423,888
1424,655
1425,846
1426,750
1427,696
1428,815
1429,715
1430,829
1431,708
1432,631
1433,635
1434,681
1435,598
1436,676
1437,657
1438,660
1439,568
1440,632
1441,688
1442,463
1443,409
1444,569
1445,567
1446,647
1447,542
1448,579
1449,411
1450,558
1451,470
1452,679
1453,594
1454,370
1455,462
1456,670
1457,513
1458,820
1459,530
1460,519
1461,727
1462,596
1463,798
1464,825
1465,371
1466,661
1467,342
1468,414
1469,384
1470,492
1471,1009
1472,551
1473,537
1474,525
1475,482
1476,655
1477,410
1478,516
1479,600
1480,1458
1481,336
1482,422
1483,623
1484,530
1485,538
1486,561
1487,564
1488,361
1489,579
1490,738
1491,774
1492,1347
1493,1388
1494,1194
1495,1402
1496,1299
1497,1263
1498,1129
1499,1135
1500,1126
1501,952
1502,704
1503,679
1504,896
1505,1265
1506,737
1507,713
1508,980
1509,1095
1510,1047
1511,1141
1512,1100
1513,1016
1514,737
1515,823
1516,877
1517,777
1518,684
1519,635
1520,562
1521,634
1522,591
1523,529
1524,611
1525,628
1526,608
1527,586
1528,491
1529,569
1530,676
1531,639
1532,582
1533,600
1534,570
1535,643
1536,752
1537,595
1538,535
1539,560
1540,601
1541,582
1542,633
1543,553
1544,507
1545,509
1546,670
1547,556
1548,468
1549,430
1550,485
1551,650
1552,447
1553,374
1554,383
1555,435
1556,421
1557,317
1558,412
1559,457
1560,393
1561,438
1562,525
1563,380
1564,433
1565,414
1566,420
1567,457
1568,383
1569,421
1570,466
1571,659
1572,593
1573,490
1574,259
1575,277
1576,713
1577,405
1578,461
1579,432
1580,392
1581,354
1582,593
1583,700
1584,694
1585,603
1586,537
1587,402
1588,432
1589,521
1590,569
1591,1467
1592,816
1593,752
1594,652
1595,554
1596,319
1597,358
1598,390
1599,433
1600,397
1601,638
1602,436
1603,389
1604,454
1605,379
1606,465
1607,430
1608,455
1609,385
1610,510
1611,525
1612,516
1613,389
1614,466
1615,399
1616,461
1617,530
1618,734
1619,560
1620,374
1621,481
1622,386
1623,424
1624,369
1625,353
1626,419
1627,367
1628,426
1629,538
1630,530
1631,577
1632,745
1633,649
1634,703
1635,493
1636,412
1637,415
1638,489
1639,391
1640,315
1641,566
1642,631
1643,710
1644,732
1645,847
1646,796
1647,904
1648,790
1649,732
1650,793
1651,835
1652,867
1653,751
1654,982
1655,886
1656,850
1657,588
1658,600
1659,549
1660,715
1661,875
1662,789
1663,822
1664,548
1665,685
1666,513
1667,367
1668,404
1669,418
1670,373
1671,590
1672,385
1673,463
1674,347
1675,390
1676,311
1677,325
1678,563
1679,515
1680,313
1681,289
1682,376
1683,421
1684,682
1685,751
1686,854
1687,1058
1688,995
1689,1011
1690,853
1691,996
1692,659
1693,491
1694,346
1695,293
1696,274
1697,1038
1698,466
1699,549
1700,430
1701,486
1702,522
1703,509
1704,312
1705,342
1706,414
1707,384
1708,565
1709,611
1710,624
1711,462
1712,389
1713,417
1714,622
1715,682
1716,744
1717,717
1718,592
1719,520
1720,648
1721,615
1722,733
1723,676
1724,801
1725,780
1726,757
1727,1008
1728,622
1729,543
1730,490
1731,517
1732,728
1733,807
1734,737
1735,831
1736,619
1737,726
1738,804
1739,740
1740,826
1741,700
1742,659
1743,741
1744,761
1745,536
1746,545
1747,638
1748,478
1749,569
1750,595
1751,412
1752,446
1753,387
1754,581
1755,522
1756,577
1757,609
1758,457
1759,600
1760,474
1761,491
1762,611
1763,683
1764,783
1765,947
1766,943
1767,1306
1768,888
1769,681
1770,771
1771,825
1772,740
1773,637
1774,702
1775,757
1776,806
1777,820
1778,785
1779,884
1780,1041
1781,905
1782,932
1783,843
1784,815
1785,1233
1786,844
1787,847
1788,718
1789,694
1790,486
1791,654
1792,643
1793,703
1794,910
1795,629
1796,676
1797,781
1798,840
1799,708
1800,593
1801,546
1802,623
1803,454
1804,437
1805,410
1806,563
1807,694
1808,429
1809,413
1810,445
1811,609
1812,706
1813,739
1814,963
1815,739
1816,654
1817,736
1818,849
1819,726
1820,977
1821,833
1822,908
1823,878
1824,869
1825,866
1826,770
1827,626
1828,662
1829,601
1830,486
1831,620
1832,534
1833,591
1834,484
1835,635
1836,642
1837,660
1838,509
1839,526
1840,632
1841,509
1842,547
1843,637
1844,893
1845,675
1846,648
1847,615
1848,607
1849,600
1850,869
1851,692
1852,674
1853,759
1854,610
1855,567
1856,756
1857,646
1858,665
1859,491
1860,540
1861,937
1862,910
1863,890
1864,775
1865,753
1866,763
1867,1050
1868,881
1869,914
1870,1322
1871,1484
1872,1227
1873,1288
1874,999
1875,1098
1876,1116
1877,1456
1878,1343
1879,1105
1880,680
1881,866
1882,1053
1883,837
1884,821
1885,1085
1886,1289
1887,1285
1888,1475
1889,1367
1890,975
1891,1021
1892,986
1893,1045
1894,1152
1895,921
1896,896
1897,915
1898,936
1899,839
1900,839
1901,801
1902,772
1903,728
1904,605
1905,666
1906,864
1907,903
1908,643
1909,664
1910,1115
1911,844
1912,773
1913,788
1914,653
1915,788
1916,639
1917,545
1918,540
1919,674
1920,764
1921,965
1922,1192
1923,996
1924,782
1925,710
1926,933
1927,949
1928,976
1929,1137
1930,760
1931,708
1932,700
1933,879
1934,721
1935,685
1936,739
1937,787
1938,757
1939,842
1940,961
1941,1016
1942,1042
1943,779
1944,871
1945,784
1946,1006
1947,885
1948,893
1949,1057
1950,1229
1951,1301
1952,1054
1953,1071
1954,906
1955,1129
1956,1049
1957,1544
1958,741
1959,981
1960,754
1961,1033
1962,886
1963,829
1964,828
1965,1589
1966,1379
1967,1282
1968,1045
1969,842
1970,1258
1971,760
1972,717
1973,949
1974,865
1975,764
1976,909
1977,975
1978,898
1979,887
1980,1188
1981,1030
1982,1131
1983,1533
1984,1407
1985,1254
1986,1262
1987,1660
1988,1284
1989,1668
1990,1414
1991,1290
1992,1524
1993,1113
1994,1501
1995,1345
1996,1322
1997,1179
1998,1163
1999,1438
2000,1192
2001,1022
2002,1321
2003,1598
2004,803
2005,800
2006,1132
2007,1017
2008,737
2009,698
2010,762
2011,771
2012,855
2013,684
2014,832
2015,975
2016,1158
2017,1791
2018,949
2019,747
2020,852
2021,818
2022,801
2023,892
2024,1026
2025,802
2026,806
2027,927
2028,865
2029,831
2030,823
2031,1033
2032,932
2033,917
2034,903
2035,847
2036,994
2037,601
2038,506
2039,673
2040,519
2041,571
2042,480
2043,271
2044,367
2045,522
2046,492
2047,459
2048,319
2049,584
2050,615
2051,664
2052,598
2053,880
2054,778
2055,671
2056,585
2057,476
2058,522
2059,551
2060,427
2061,463
2062,399
2063,510
2064,591
2065,653
2066,541
2067,498
2068,454
2069,373
2070,485
2071,457
2072,495
2073,471
2074,510
2075,479
2076,409
2077,420
2078,469
2079,549
2080,410
2081,477
2082,500
2083,442
2084,382
2085,365
2086,436
2087,380
2088,410
2089,376
2090,400
2091,446
2092,535
2093,527
2094,591
2095,471
2096,410
2097,595
2098,599
2099,500
2100,359
2101,408
2102,383
2103,240
2104,274
2105,330
2106,281
2107,329
2108,321
2109,372
2110,306
2111,482
2112,316
2113,246
2114,361
2115,325
2116,431
2117,324
2118,359
2119,369
2120,374
2121,419
2122,500
2123,430
2124,323
2125,435
2126,297
2127,311
2128,314
2129,357
2130,300
2131,273
2132,352
2133,292
2134,326
2135,306
2136,211
2137,270
2138,415
2139,356
2140,324
2141,394
2142,231
2143,226
2144,395
2145,462
2146,372
2147,455
2148,369
2149,282
2150,237
2151,344
2152,381
2153,500
2154,393
2155,367
2156,547
2157,379
2158,361
2159,358
2160,285
2161,331
2162,236
2163,301
2164,444
2165,131
2166,113
2167,177
2168,138
2169,124
2170,100
2171,128
2172,95
2173,81
2174,84
2175,130
2176,100
2177,165
2178,118
2179,153
2180,115
2181,159
2182,198
2183,379
2184,331
2185,492
2186,214
2187,241
2188,254
2189,322
2190,270
2191,368
2192,396
2193,420
2194,428
2195,871
2196,571
2197,713
2198,588
2199,640
2200,552
2201,1580
2202,528
2203,360
2204,430
2205,394
2206,511
2207,434
2208,415
2209,490
2210,786
2211,684
2212,420
2213,457
2214,390
2215,261
2216,274
2217,169
2218,280
2219,258
2220,309
2221,126
2222,122
2223,179
2224,124
2225,127
2226,232
2227,232
2228,230
2229,180
2230,98
2231,155
2232,104
2233,128
2234,152
2235,188
2236,148
2237,202
2238,196
2239,176
2240,279
2241,285
2242,239
2243,160
2244,94
2245,114
2246,129
2247,90
2248,163
2249,187
2250,188
2251,204
2252,153
2253,180
2254,159
2255,134
2256,133
2257,150
2258,245
2259,404
2260,385
2261,437
2262,371
2263,364
2264,235
2265,277
2266,240
2267,281
2268,280
2269,237
2270,287
2271,395
2272,466
2273,538
2274,278
2275,238
2276,209
2277,225
2278,239
2279,232
2280,386
2281,367
2282,309
2283,229
2284,151
2285,174
2286,312
2287,326
2288,470
2289,263
2290,212
2291,280
2292,178
2293,181
2294,125
2295,135
2296,154
2297,248
2298,169
2299,186
2300,134
2301,71
2302,142
2303,109
2304,121
2305,116
2306,154
2307,192
2308,268
2309,350
2310,288
2311,402
2312,310
2313,461
2314,453
2315,515
2316,366
2317,315
2318,179
2319,150
2320,145
2321,105
2322,143
2323,121
2324,186
2325,168
2326,180
2327,195
2328,175
2329,132
2330,155
2331,136
2332,275
2333,184
2334,205
2335,190
2336,134
2337,165
2338,188
2339,162
2340,231
2341,190
2342,205
2343,166
2344,116
2345,171
2346,311
2347,231
2348,215
2349,125
2350,167
2351,192
2352,137
2353,122
2354,133
2355,104
2356,138
2357,117
2358,168
2359,183
2360,108
2361,93
2362,98
2363,205
2364,228
2365,341
2366,279
2367,138
2368,166
2369,154
2370,116
2371,120
2372,100
2373,251
2374,251
2375,139
2376,124
2377,109
2378,71
2379,79
2380,50
2381,81
2382,88
2383,86
2384,73
2385,61
2386,140
2387,87
2388,76
2389,64
2390,50
2391,49
2392,45
2393,66
2394,61
2395,103
2396,49
2397,38
2398,76
2399,65
2400,86
2401,72
2402,84
2403,110
2404,115
2405,296
2406,219
2407,308
2408,463
2409,170
2410,396
2411,134
2412,361
2413,272
2414,161
2415,201
2416,152
2417,122
2418,98
2419,125
2420,177
2421,146
2422,182
2423,134
2424,88
2425,44
2426,77
2427,46
2428,37
2429,19
2430,18
2431,20
2432,35
2433,90
2434,204
2435,31
2436,30
2437,33
2438,39
2439,50
2440,61
2441,39
2442,29
2443,23
2444,25
2445,36
2446,28
2447,22
2448,34
2449,58
2450,34
2451,26
2452,18
2453,34
2454,33
2455,38
2456,86
2457,311
2458,307
2459,163
2460,179
2461,143
2462,169
2463,132
2464,117
2465,114
2466,96
2467,83
2468,165
2469,100
2470,88
2471,91
2472,76
2473,94
2474,86
2475,88
2476,96
2477,98
2478,81
2479,71
2480,84
2481,91
2482,121
2483,95
2484,122
2485,206
2486,162
2487,129
2488,180
2489,223
2490,93
2491,91
2492,229
2493,269
2494,214
2495,168
2496,151
2497,312
2498,308
2499,271
2500,483
2501,409
2502,495
2503,410
2504,452
2505,339
2506,436
2507,350
2508,255
2509,200
2510,274
2511,261
2512,162
2513,229
2514,181
2515,143
2516,184
2517,246
2518,184
2519,188
2520,206
2521,218
2522,229
2523,241
2524,193
2525,263
2526,285
2527,272
2528,159
2529,154
2530,221
2531,245
2532,232
2533,219
2534,262
2535,278
2536,262
2537,298
2538,217
2539,501
2540,512
2541,470
2542,435
2543,467
2544,612
2545,451
2546,351
2547,341
2548,292
2549,304
2550,341
2551,312
2552,297
2553,375
2554,326
2555,324
2556,321
2557,286
2558,257
2559,167
2560,224
2561,211
2562,167
2563,158
2564,95
2565,135
2566,118
2567,77
2568,92
2569,172
2570,196
2571,93
2572,51
2573,104
2574,56
2575,90
2576,123
2577,186
2578,151
2579,96
2580,91
2581,57
2582,51
2583,78
2584,100
2585,115
2586,152
2587,119
2588,116
2589,114
2590,140
2591,131
2592,95
2593,73
2594,75
2595,81
2596,52
2597,77
2598,80
2599,90
2600,103
2601,184
2602,178
2603,145
2604,110
2605,96
2606,84
2607,90
2608,132
2609,86
2610,79
2611,84
2612,83
2613,73
2614,122
2615,133
2616,107
2617,71
2618,120
2619,109
2620,172
2621,234
2622,202
2623,331
2624,292
2625,202
2626,270
2627,282
2628,326
2629,306
2630,134
2631,176
2632,132
2633,61
2634,82
2635,93
2636,98
2637,110
2638,104
2639,99
2640,104
2641,93
2642,89
2643,66
2644,47
2645,89
2646,37
2647,30
2648,27
2649,50
2650,50
2651,51
2652,54
2653,72
2654,29
2655,25
2656,33
2657,27
2658,42
2659,96
2660,231
2661,69
2662,35
2663,40
2664,38
2665,27
2666,41
2667,103
2668,127
2669,56
2670,29
2671,27
2672,37
2673,114
2674,149
2675,107
2676,122
2677,142
2678,264
2679,349
2680,314
2681,254
2682,207
2683,278
2684,239
2685,274
2686,162
2687,103
2688,82
2689,122
2690,141
2691,129
2692,157
2693,108
2694,86
2695,64
2696,89
2697,165
2698,104
2699,181
2700,167
2701,127
2702,122
2703,171
2704,177
2705,145
2706,134
2707,223
2708,99
2709,150
2710,107
2711,102
2712,96
2713,117
2714,149
2715,114
2716,102
2717,87
2718,71
2719,97
2720,78
2721,99
2722,64
2723,70
2724,130
2725,107
2726,66
2727,52
2728,61
2729,72
2730,55
2731,101
2732,155
2733,125
2734,69
2735,89
2736,90
2737,62
2738,143
2739,144
2740,120
2741,124
2742,216
2743,267
2744,259
2745,224
2746,190
2747,249
2748,227
2749,202
2750,186
2751,272
2752,293
2753,437
2754,276
2755,203
2756,159
2757,145
2758,174
2759,174
2760,164
2761,174
2762,233
2763,148
2764,152
2765,156
2766,244
2767,204
2768,214
2769,216
2770,236
2771,266
2772,256
2773,357
2774,288
2775,221
2776,278
2777,349
2778,327
2779,268
2780,203
2781,163
2782,181
2783,249
2784,99
2785,227
2786,332
2787,244
2788,254
2789,214
2790,178
2791,150
2792,147
2793,116
2794,55
2795,93
2796,73
2797,86
2798,54
2799,123
2800,124
2801,93
2802,113
2803,128
2804,113
2805,109
2806,276
2807,293
2808,273
2809,335
2810,157
2811,124
2812,140
2813,148
2814,124
2815,158
2816,176
2817,277
2818,169
2819,177
2820,182
2821,153
2822,254
2823,356
2824,205
2825,314
2826,258
2827,212
2828,164
2829,203
2830,183
2831,184
2832,176
2833,173
2834,216
2835,279
2836,284
2837,291
2838,244
2839,290
2840,288
2841,264
2842,251
2843,272
2844,318
2845,280
2846,345
2847,421
2848,386
2849,434
2850,458
2851,469
2852,348
2853,526
2854,486
2855,414
2856,375
2857,424
2858,355
2859,411
2860,376
2861,268
2862,235
2863,275
2864,393
2865,445
2866,542
2867,499
2868,323
2869,294
2870,258
2871,295
2872,423
2873,285
2874,248
2875,283
2876,255
2877,292
2878,277
2879,298
2880,399
2881,410
2882,250
2883,218
2884,191
2885,121
2886,213
2887,335
2888,319
2889,312
2890,184
2891,142
2892,173
2893,188
2894,203
2895,209
2896,224
2897,163
2898,125
2899,153
2900,168
2901,164
2902,153
2903,198
2904,205
2905,242
2906,162
2907,135
2908,197
2909,147
2910,209
2911,189
2912,278
2913,298
2914,193
2915,191
2916,295
2917,270
2918,239
2919,342
2920,288
2921,278
2922,228
2923,271
2924,327
2925,513
2926,339
2927,472
2928,367
2929,439
2930,338
2931,841
2932,208
2933,761
2934,248
2935,530
2936,264
2937,214
2938,188
2939,167
2940,388
2941,512
2942,431
2943,302
2944,349
2945,335
2946,292
2947,311
2948,185
2949,242
2950,187
2951,224
2952,163
2953,121
2954,109
2955,116
2956,109
2957,356
2958,133
2959,81
2960,96
2961,182
2962,264
2963,177
2964,138
2965,129
2966,104
2967,151
2968,234
2969,189
2970,150
2971,233
2972,168
2973,198
2974,189
2975,222
2976,223
2977,220
2978,238
2979,298
2980,240
2981,313
2982,286
2983,253
2984,259
2985,240
2986,236
2987,239
2988,286
2989,273
2990,218
2991,272
2992,252
2993,312
2994,293
2995,382
2996,339
2997,294
2998,175
2999,221
3000,167
3001,189
3002,161
3003,183
3004,211
3005,290
3006,335
3007,316
3008,310
3009,230
3010,266
3011,237
3012,172
3013,126
3014,213
3015,193
3016,144
3017,131
3018,124
3019,155
3020,108
3021,99
3022,132
3023,195
3024,167
3025,154
3026,149
3027,168
3028,223
3029,180
3030,167
3031,203
3032,194
3033,158
3034,139
3035,131
3036,196
3037,204
3038,158
3039,211
3040,298
3041,273
3042,210
3043,244
3044,266
3045,364
3046,267
3047,352
3048,310
3049,330
3050,384
3051,296
3052,414
3053,358
3054,416
3055,474
3056,271
3057,340
3058,308
3059,201
3060,225
3061,243
3062,220
3063,140
3064,173
3065,197
3066,259
3067,264
3068,257
3069,296
3070,205
3071,238
3072,304
3073,292
3074,264
3075,172
3076,76
3077,114
3078,232
3079,211
3080,93
3081,90
3082,127
3083,115
3084,101
3085,174
3086,310
3087,222
3088,158
3089,108
3090,101
3091,134
3092,124
3093,145
3094,121
3095,100
3096,137
3097,174
3098,192
3099,207
3100,215
3101,148
3102,147
3103,143
3104,130
3105,152
3106,102
3107,149
3108,207
3109,121
3110,123
3111,195
3112,107
3113,151
3114,180
3115,185
3116,124
3117,129
3118,150
3119,151
3120,308
3121,127
3122,117
3123,200
3124,152
3125,175
3126,159
3127,145
3128,586
3129,121
3130,179
3131,185
3132,267
3133,152
3134,275
3135,383
3136,479
3137,407
3138,466
3139,351
3140,365
3141,482
3142,382
3143,213
3144,238
3145,300
3146,426
3147,267
3148,285
3149,274
3150,293
3151,1008
3152,329
3153,275
3154,225
3155,228
3156,257
3157,393
3158,413
3159,462
3160,456
3161,486
3162,278
3163,314
3164,236
3165,174
3166,240
3167,192
3168,286
3169,209
3170,204
3171,352
3172,184
3173,160
3174,179
3175,263
3176,391
3177,396
3178,615
3179,204
3180,264
3181,354
3182,183
3183,196
3184,276
3185,272
3186,163
3187,109
3188,117
3189,95
3190,156
3191,186
3192,157
3193,128
3194,166
3195,190
3196,136
3197,202
3198,215
3199,206
3200,168
3201,217
3202,126
3203,139
3204,135
3205,195
3206,184
3207,312
3208,169
3209,243
3210,183
3211,156
3212,231
3213,210
3214,289
3215,316
3216,250
3217,285
3218,318
3219,340
3220,323
3221,172
3222,197
3223,185
3224,216
3225,230
3226,288
3227,223
3228,196
3229,212
3230,147
3231,183
3232,233
3233,201
3234,144
3235,133
3236,105
3237,88
3238,63
3239,106
3240,126
3241,81
3242,80
3243,94
3244,72
3245,84
3246,81
3247,121
3248,127
3249,50
3250,82
3251,88
3252,119
3253,55
3254,115
3255,115
3256,107
3257,154
3258,127
3259,197
3260,131
3261,158
3262,153
3263,133
3264,137
3265,174
3266,158
3267,180
3268,215
3269,225
3270,307
3271,208
3272,288
3273,212
3274,218
3275,203
3276,166
3277,237
3278,285
3279,211
3280,159
3281,302
3282,180
3283,138
3284,104
3285,108
3286,119
3287,72
3288,73
3289,92
3290,36
3291,99
3292,78
3293,42
3294,28
3295,60
3296,52
3297,69
3298,53
3299,54
3300,52
3301,80
3302,66
3303,70
3304,36
3305,33
3306,47
3307,87
3308,181
3309,122
3310,18
3311,45
3312,29
3313,45
3314,38
3315,66
3316,71
3317,53
3318,76
3319,161
3320,47
3321,90
3322,47
3323,61
3324,156
3325,38
3326,62
3327,46
3328,45
3329,95
3330,87
3331,51
3332,77
3333,32
3334,50
3335,67
3336,38
3337,59
3338,74
3339,55
3340,30
3341,25
3342,28
3343,44
3344,69
3345,56
3346,62
3347,76
3348,40
3349,33
3350,63
3351,49
3352,52
3353,51
3354,50
3355,82
3356,71
3357,107
3358,140
3359,111
3360,54
3361,40
3362,40
3363,52
3364,48
3365,33
3366,33
3367,47
3368,43
3369,64
3370,117
3371,71
3372,32
3373,83
3374,32
3375,45
3376,57
3377,74
3378,62
3379,54
3380,45
3381,57
3382,66
3383,100
3384,54
3385,146
3386,87
3387,195
3388,57
3389,37
3390,85
3391,32
3392,70
3393,56
3394,69
3395,100
3396,58
3397,71
3398,69
3399,35
3400,30
3401,29
3402,43
3403,56
3404,42
3405,83
3406,61
3407,34
3408,67
3409,54
3410,27
3411,27
3412,34
3413,20
3414,51
3415,50
3416,44
3417,53
3418,56
3419,30
3420,23
3421,33
3422,35
3423,28
3424,25
3425,35
3426,27
3427,16
3428,13
3429,32
3430,33
3431,34
3432,26
3433,23
3434,11
3435,16
3436,23
3437,29
3438,18
3439,27
3440,45
3441,56
3442,49
3443,67
3444,50
3445,25
3446,27
3447,16
3448,39
3449,102
3450,71
3451,70
3452,78
3453,63
3454,41
3455,47
3456,40
3457,52
3458,42
3459,68
3460,96
3461,42
3462,37
3463,36
3464,45
3465,25
3466,36
3467,57
3468,42
3469,63
3470,81
3471,35
3472,64
3473,40
3474,49
3475,53
3476,56
3477,79
3478,44
3479,75
3480,78
3481,96
3482,119
3483,122
3484,81
3485,60
3486,34
3487,60
3488,62
3489,111
3490,122
3491,121
3492,69
3493,46
3494,39
3495,61
3496,38
3497,32
3498,38
3499,28
3500,23
3501,22
3502,16
3503,37
3504,26
3505,18
3506,92
3507,99
3508,78
3509,63
3510,104
3511,30
3512,20
3513,28
3514,30
3515,48
3516,33
3517,47
3518,40
3519,42
3520,49
3521,80
3522,48
3523,38
3524,17
3525,29
3526,32
3527,38
3528,17
3529,16
3530,22
3531,18
3532,36
3533,35
3534,44
3535,50
3536,68
3537,29
3538,32
3539,33
3540,27
3541,17
3542,45
3543,37
3544,21
3545,48
3546,41
3547,31
3548,32
3549,48
3550,89
3551,74
3552,46
3553,51
3554,81
3555,53
3556,44
3557,70
3558,91
3559,56
3560,53
3561,53
3562,58
3563,99
3564,163
3565,131
3566,80
3567,73
3568,13
3569,4
3570,4
3571,8
3572,14
3573,11
3574,15
3575,27
3576,16
3577,16
3578,6
3579,9
3580,20
3581,2
3582,6
3583,8
3584,8
3585,8
3586,7
3587,9
3588,13
3589,4
3590,10
3591,16
3592,9
3593,2
3594,4
3595,4
3596,9
3597,10
3598,12
3599,4
3600,4
3601,3
3602,6
3603,6
3604,18
3605,6
3606,10
3607,11
3608,5
3609,12
3610,5
3611,20
3612,26
3613,23
3614,9
3615,7
3616,5
3617,3
3618,9
3619,3
3620,5
3621,5
3622,4
3623,5
3624,6
3625,11
3626,13
3627,2
3628,9
3629,5
3630,5
3631,4
3632,3
3633,3
3634,11
3635,16
3636,9
3637,17
3638,16
3639,38
3640,4
3641,11
3642,18
3643,7
3644,6
3645,11
3646,13
3647,8
3648,8
3649,3
3650,8
3651,4
3652,9
3653,9
3654,21
3655,46
3656,28
3657,6
3658,15
3659,13
3660,10
3661,6
3662,9
3663,15
3664,8
3665,6
3666,3
3667,12
3668,6
3669,7
3670,7
3671,6
3672,20
3673,9
3674,8
3675,9
3676,9
3677,11
3678,21
3679,41
3680,11
3681,26
3682,16
3683,7
3684,24
3685,20
3686,14
3687,14
3688,12
3689,23
3690,36
3691,27
3692,30
3693,60
3694,35
3695,24
3696,18
3697,15
3698,13
3699,6
3700,13
3701,10
3702,19
3703,6
3704,5
3705,10
3706,20
3707,49
3708,22
3709,46
3710,53
3711,43
3712,49
3713,28
3714,14
3715,19
3716,6
3717,18
3718,16
3719,11
3720,8
3721,16
3722,33
3723,4
3724,7
3725,18
3726,13
3727,3
3728,10
3729,7
3730,6
3731,59
3732,85
3733,5
3734,9
3735,9
3736,1
3737,4
3738,6
3739,10
3740,8
3741,5
3742,4
3743,2
3744,3
3745,4
3746,72
3747,39
3748,3
3749,13
3750,13
3751,3
3752,6
3753,6
3754,8
3755,42
3756,16
3757,11
3758,6
3759,2
3760,20
3761,24
3762,4
3763,11
3764,3
3765,4
3766,8
3767,6
3768,14
3769,24
3770,31
3771,24
3772,32
3773,37
3774,26
3775,29
3776,5
3777,2
3778,2
3779,4
3780,5
3781,3
3782,2
3783,2
3784,3
3785,4
3786,2
3787,2
3788,3
3789,6
3790,6
3791,24
3792,11
3793,7
3794,6
3795,42
3796,18
3797,45
3798,20
3799,25
3800,9
3801,2
3803,6
3804,5
3805,30
3807,2
3808,6
3809,6
3810,3
3811,13
3812,3
3813,3
3814,8
3815,11
3816,9
3817,16
3818,23
3819,2
3820,2
3821,4
3822,4
3823,4
3824,4
3825,10
3826,6
3827,13
3828,3
3829,5
3830,13
3831,11
3832,20
3833,5
3834,6
3835,1
3836,7
3837,13
3838,16
3839,3
3840,3
3841,3
3842,5
3843,4
3844,5
3845,3
3846,5
3847,19
3848,13
3849,13
3850,9
3851,9
3852,10
3853,6
3854,3
3855,4
3856,9
3857,4
3858,6
3859,7
3860,4
3861,6
3862,11
3863,19
3864,14
3865,4
3866,2
3867,4
3868,7
3869,13
3870,21
3871,27
3872,27
3873,3
3874,4
3875,9
3876,31
3877,20
3878,19
3879,11
3880,6
3881,4
3882,4
3883,4
3884,9
3885,11
3886,3
3887,6
3888,15
3889,17
3890,39
3891,17
3892,14
3893,9
3894,6
3895,37
3896,2
3897,5
3898,13
3899,9
3900,8
3901,13
3902,3
3903,18
3904,21
3906,2
3907,10
3908,5
3909,3
3910,7
3911,23
3912,2
3913,12
3914,19
3915,4
3916,2
3917,11
3918,26
3919,26
3920,64
3921,18
3922,7
3923,13
3924,42
3925,61
3926,80
3927,24
3928,16
3929,6
3930,82
3931,109
3932,47
3933,9
3934,17
3935,17
3936,35
3937,52
3938,26
3939,25
3940,24
3941,19
3942,32
3943,19
3944,21
3945,13
3946,23
3947,34
3948,24
3949,27
3950,13
3951,3
3952,12
3953,17
3954,58
3955,52
3956,49
3957,27
3958,4
3959,26
3960,27
3961,13
3963,4
3964,5
3965,6
3966,15
3967,6
3968,4
3969,6
3970,13
3971,68
3972,1
3973,8
3974,4
3975,9
3976,6
3977,19
3978,4
3979,3
3980,5
3981,11
3982,10
3983,32
3984,32
3985,9
3986,13
3987,18
3988,2
3989,19
3990,9
3991,19
3992,15
3993,5
3994,28
3995,21
3996,14
3997,13
3998,9
3999,2
4000,7
4001,32
4002,2
4003,3
4004,7
4005,9
4006,4
4008,7
4009,1
4010,11
4011,7
4012,9
4014,17
4015,18
4016,6
4017,1
4018,12
4019,6
4020,10
4021,4
4022,2
4023,9
4024,2
4025,25
4026,7
4027,15
4028,5
4029,16
4030,15
4031,4
4032,2
4033,13
4034,6
4035,18
4036,6
4037,10
4038,4
4039,7
4041,22
4042,32
4043,4
4044,12
4045,13
4046,15
4047,13
4048,9
4049,8
4050,17
4051,1
4052,5
4054,4
4055,44
4056,45
4057,68
4058,83
4059,107
4060,30
4061,2
4062,3
4063,28
4064,2
4066,5
4068,8
4069,4
4070,27
4071,38
4072,2
4073,2
4074,10
4077,3
4078,1
4079,8
4080,6
4081,2
4082,5
4083,15
4084,10
4085,33
4086,2
4087,3
4088,7
4089,11
4090,12
4091,19
4092,2
4093,7
4094,7
4095,7
4096,12
4097,9
4098,13
4099,47
4100,2
4101,7
4102,10
4103,8
4104,2
4105,14
4106,11
4107,3
4108,6
4109,2
4110,1
4111,5
4112,13
4113,29
4114,9
4115,7
4117,6
4118,2
4119,8
4120,2
4121,2
4122,4
4123,14
4124,19
4125,16
4126,15
4127,13
4128,21
4129,9
4130,9
4131,35
4132,12
4133,3
4134,16
4135,1
4137,8
4138,1
4139,11
4140,3
4141,12
4143,16
4144,7
4145,4
4146,8
4147,8
4148,2
4149,10
4150,2
4151,8
4152,5
4153,1
4154,4
4155,8
4156,4
4157,4
4158,3
4159,17
4160,25
4161,24
4162,44
4163,14
4164,12
4165,1
4166,18
4167,3
4168,7
4169,17
4170,4
4171,6
4172,5
4173,38
4174,11
4175,6
4176,27
4177,48
4178,36
4179,80
4180,87
4181,60
4182,59
4183,74
4184,89
4185,91
4186,51
4187,46
4188,42
4189,49
4190,70
4191,79
4192,69
4193,49
4194,35
4195,30
4196,101
4197,92
4198,18
4199,57
4200,52
4201,34
4202,84
4203,112
4204,61
4205,32
4206,47
4207,74
4208,88
4209,21
4210,24
4211,18
4212,70
4213,53
4214,91
4215,91
4216,131
4217,186
4218,65
4219,9
4220,31
4221,20
4222,4
4223,10
4224,20
4225,35
4226,34
4227,7
4228,10
4229,9
4230,11
4231,3
4232,7
4233,7
4234,12
4235,14
4236,12
4237,16
4238,13
4239,19
4240,3
4241,24
4242,9
4243,5
4244,6
4246,2
4247,5
4248,1
4249,8
4250,14
4251,21
4252,17
4253,9
4254,6
4255,17
4256,7
4257,9
4258,16
4259,13
4260,8
4261,24
4262,5
4263,16
4264,9
4265,16
4266,11
4267,64
4268,20
4269,5
4270,5
4271,13
4272,4
4273,19
4274,14
4275,12
4276,9
4277,10
4278,8
4279,9
4280,7
4281,11
4282,11
4283,17
4284,26
4285,29
4286,20
4287,8
4288,6
4289,8
4290,18
4291,15
4292,27
4293,11
4294,5
4295,3
4296,3
4297,16
4298,18
4299,3
4300,2
4301,3
4302,8
4303,6
4304,11
4305,28
4306,13
4307,1
4308,1
4309,1
4310,1
4311,3
4312,2
4313,4
4314,4
4315,11
4316,9
4317,11
4319,5
4320,5
4323,3
4324,7
4325,3
4326,3
4327,5
4328,12
4329,4
4330,7
4331,8
4332,3
4333,3
4334,9
