0,40795196
1,6837
2,2896
3,3150
4,2751
5,3396
6,3323
7,2376
8,2483
9,3184
10,2042
11,2516
12,3533
13,2157
14,2826
15,2148
16,2038
17,2785
18,2348
19,2415
20,2846
21,1791
22,1755
23,1917
24,1974
25,2172
26,1266
27,2654
28,2410
29,1533
30,2123
31,1954
32,994
33,2293
34,1126
35,2586
36,1370
37,1729
38,1419
39,2578
40,1504
41,2401
42,2103
43,1285
44,1643
45,1148
46,943
47,1420
48,1424
49,1270
50,1415
51,1321
52,1243
53,1634
54,1813
55,1906
56,2169
57,2246
58,3025
59,1577
60,1268
61,1008
62,1058
63,1930
64,2544
65,1166
66,1888
67,794
68,1069
69,1092
70,585
71,1165
72,639
73,1705
74,1624
75,1222
76,1796
77,1900
78,644
79,704
80,808
81,558
82,2438
83,1102
84,917
85,1378
86,1100
87,1027
88,1000
89,834
90,1044
91,605
92,969
93,992
94,912
95,1066
96,1057
97,1027
98,757
99,779
100,715
101,1466
102,1029
103,1035
104,1936
105,1076
106,1054
107,1257
108,1380
109,1706
110,890
111,881
112,725
113,1041
114,1221
115,922
116,955
117,1200
118,648
119,1337
120,1069
121,936
122,2455
123,1072
124,1077
125,2098
126,1792
127,1589
128,1707
129,2037
130,687
131,2838
132,1596
133,1141
134,1284
135,1066
136,1324
137,797
138,1528
139,1176
140,1012
141,2466
142,1208
143,1064
144,1248
145,2016
146,941
147,1190
148,891
149,1015
150,1660
151,1328
152,1123
153,1045
154,1418
155,791
156,975
157,1202
158,1686
159,968
160,1035
161,895
162,880
163,854
164,831
165,1387
166,1188
167,998
168,835
169,680
170,1141
171,1229
172,1119
173,967
174,1116
175,1316
176,1402
177,1665
178,1875
179,1478
180,761
181,873
182,790
183,1511
184,985
185,973
186,891
187,1178
188,1126
189,1065
190,1108
191,797
192,947
193,889
194,1045
195,933
196,749
197,1005
198,944
199,1583
200,1415
201,1359
202,1300
203,1278
204,1338
205,932
206,864
207,1440
208,993
209,939
210,1208
211,1295
212,794
213,1845
214,800
215,1168
216,1422
217,2206
218,804
219,1637
220,898
221,1052
222,583
223,1164
224,745
225,1614
226,1167
227,1465
228,1026
229,1672
230,1242
231,914
232,914
233,1462
234,1436
235,1137
236,1026
237,1367
238,1004
239,906
240,917
241,880
242,926
243,951
244,908
245,1108
246,1459
247,1488
248,1595
249,1083
250,1513
251,1698
252,1527
253,1487
254,960
255,966
256,909
257,998
258,855
259,1237
260,1069
261,1218
262,1175
263,942
264,1083
265,1117
266,1273
267,1308
268,1004
269,1019
270,979
271,830
272,1296
273,903
274,934
275,1529
276,1279
277,1056
278,911
279,1454
280,2936
281,2537
282,1777
283,1756
284,899
285,1286
286,1357
287,1393
288,1322
289,1378
290,1417
291,1700
292,1846
293,1468
294,2304
295,1377
296,2556
297,1264
298,1628
299,1835
300,1043
301,956
302,1802
303,1156
304,1230
305,1483
306,1366
307,1882
308,996
309,1171
310,1401
311,1117
312,1261
313,1143
314,1191
315,1150
316,1215
317,1377
318,1219
319,1231
320,963
321,997
322,1366
323,1582
324,1203
325,1138
326,1676
327,1071
328,1269
329,1035
330,969
331,1226
332,1075
333,1026
334,1013
335,1109
336,1440
337,1278
338,1201
339,989
340,860
341,1274
342,1341
343,1487
344,1536
345,1756
346,1894
347,1687
348,1296
349,1224
350,952
351,1053
352,985
353,1014
354,1413
355,1248
356,1027
357,1620
358,1313
359,1263
360,985
361,1294
362,961
363,1095
364,1263
365,1400
366,1416
367,2192
368,1283
369,920
370,1031
371,1001
372,1485
373,1313
374,2131
375,1436
376,1996
377,1469
378,2140
379,1618
380,1703
381,868
382,1859
383,1116
384,1093
385,1095
386,1037
387,1244
388,913
389,1014
390,1248
391,1181
392,1681
393,1529
394,1843
395,1643
396,943
397,1379
398,1095
399,1131
400,1325
401,1939
402,1409
403,1393
404,1788
405,1330
406,1611
407,3249
408,1187
409,1056
410,1516
411,1748
412,1202
413,2427
414,1694
415,1465
416,2212
417,1397
418,1771
419,3192
420,1602
421,1395
422,2153
423,1255
424,2339
425,1977
426,1180
427,933
428,2239
429,1063
430,1248
431,1384
432,1437
433,1315
434,1110
435,1684
436,1502
437,2791
438,2047
439,2755
440,3272
441,1843
442,1258
443,1983
444,3231
445,2059
446,1737
447,4088
448,1563
449,2283
450,1644
451,1682
452,1815
453,1721
454,1377
455,3571
456,2012
457,1440
458,1957
459,1618
460,1250
461,2163
462,1523
463,1512
464,1296
465,1047
466,1277
467,1406
468,1678
469,1728
470,1579
471,1419
472,1321
473,1400
474,2997
475,1680
476,2075
477,2577
478,4175
479,3625
480,2384
481,2211
482,1897
483,2196
484,2877
485,2702
486,3824
487,1569
488,1770
489,1962
490,2069
491,2061
492,3004
493,2612
494,3104
495,1672
496,1734
497,1160
498,1491
499,1394
500,2157
501,2329
502,3293
503,3102
504,2261
505,2722
506,2817
507,2064
508,2691
509,2803
510,2732
511,3168
512,3161
513,2646
514,2266
515,2967
516,2488
517,4043
518,3154
519,3942
520,4806
521,3139
522,2752
523,2974
524,3344
525,4572
526,4790
527,4392
528,4469
529,3526
530,3356
531,2671
532,4021
533,3942
534,4408
535,4240
536,4533
537,4413
538,5196
539,3985
540,5655
541,2904
542,4537
543,3781
544,3523
545,2872
546,2799
547,2991
548,3082
549,3496
550,4433
551,3613
552,3014
553,2919
554,3431
555,3830
556,4127
557,4813
558,7123
559,4861
560,6292
561,4875
562,6459
563,10264
564,5747
565,7028
566,5321
567,4401
568,5642
569,5200
570,7402
571,8131
572,7224
573,6119
574,8054
575,8342
576,10954
577,8991
578,9839
579,11072
580,10125
581,12978
582,14695
583,12201
584,12064
585,14955
586,14265
587,14446
588,15121
589,13672
590,15795
591,19633
592,15597
593,20365
594,23031
595,33505
596,38559
597,45514
598,62816
599,79742
600,533808
601,69617
602,41414
603,41060
604,38747
605,32616
606,31960
607,30120
608,28970
609,31907
610,26459
611,26727
612,25256
613,24256
614,25147
615,23593
616,22428
617,21004
618,18735
619,19242
620,22546
621,18855
622,25174
623,18403
624,17242
625,16001
626,16368
627,18794
628,18349
629,17675
630,15532
631,15788
632,13924
633,15540
634,14713
635,14634
636,13726
637,12383
638,12983
639,11693
640,11905
641,12488
642,16127
643,15580
644,15192
645,13948
646,13714
647,14566
648,14728
649,14935
650,14816
651,14635
652,16372
653,15884
654,14185
655,13839
656,13627
657,13461
658,16219
659,13405
660,12424
661,12477
662,10591
663,11181
664,9255
665,9566
666,8988
667,8512
668,9675
669,10120
670,9769
671,9835
672,10021
673,8915
674,8332
675,9400
676,8790
677,8883
678,8204
679,8896
680,8992
681,9740
682,9293
683,8616
684,8100
685,7698
686,7474
687,8738
688,10365
689,10159
690,10087
691,9508
692,9168
693,9960
694,9467
695,9047
696,9317
697,9389
698,10072
699,10313
700,9141
701,9640
702,9473
703,8524
704,9091
705,9864
706,9887
707,8693
708,9775
709,8237
710,7433
711,7805
712,7391
713,7304
714,6905
715,8386
716,8200
717,8111
718,7610
719,6247
720,5994
721,5266
722,6004
723,6791
724,5802
725,5371
726,5343
727,5863
728,5050
729,5520
730,5210
731,5068
732,5338
733,5007
734,4973
735,5041
736,5399
737,5526
738,5883
739,5876
740,5754
741,6304
742,5630
743,5859
744,5578
745,6432
746,7032
747,6823
748,7954
749,6206
750,6008
751,6094
752,5922
753,6156
754,6009
755,6067
756,7569
757,9023
758,8459
759,5722
760,6116
761,5953
762,5337
763,5855
764,7224
765,7282
766,7269
767,6178
768,6441
769,8381
770,8166
771,6737
772,6459
773,6545
774,5725
775,6250
776,5720
777,5561
778,6752
779,5205
780,5129
781,5898
782,6306
783,5730
784,6552
785,5136
786,4842
787,4533
788,4586
789,4782
790,6265
791,5761
792,5955
793,5843
794,5743
795,5686
796,5840
797,5592
798,5448
799,4992
800,4793
801,3850
802,4319
803,4115
804,3805
805,3379
806,4075
807,4282
808,3409
809,3822
810,5719
811,3934
812,4322
813,4395
814,4172
815,4126
816,3151
817,3660
818,3608
819,3563
820,3622
821,3539
822,4084
823,5033
824,4729
825,3916
826,4806
827,4326
828,4199
829,3759
830,4943
831,3726
832,3969
833,4558
834,4094
835,5366
836,4768
837,5298
838,5066
839,4093
840,3549
841,3338
842,3362
843,3006
844,3791
845,3663
846,3900
847,4116
848,4455
849,4704
850,4520
851,4804
852,5171
853,5785
854,4732
855,4084
856,5012
857,5824
858,4217
859,4889
860,4560
861,4622
862,3883
863,4445
864,4188
865,3919
866,4535
867,3221
868,3643
869,4474
870,4561
871,4047
872,4592
873,4470
874,3649
875,3194
876,4987
877,4399
878,4124
879,4316
880,4032
881,3931
882,4305
883,4452
884,4376
885,4701
886,4551
887,4521
888,4709
889,4908
890,4156
891,4302
892,3445
893,4283
894,4117
895,4548
896,3633
897,5061
898,3844
899,4379
900,3046
901,3317
902,3646
903,3365
904,3737
905,3195
906,3057
907,2769
908,3538
909,3589
910,3467
911,4215
912,4462
913,5008
914,4756
915,4956
916,4323
917,3484
918,2602
919,3571
920,3903
921,3910
922,4828
923,4362
924,5374
925,3854
926,4072
927,3919
928,3124
929,3694
930,3300
931,3277
932,3437
933,3096
934,2981
935,4249
936,3279
937,4011
938,3478
939,3395
940,3685
941,4133
942,3010
943,3905
944,4399
945,4571
946,4747
947,5638
948,3460
949,4280
950,3830
951,3744
952,3449
953,3924
954,2901
955,2844
956,2867
957,2419
958,2435
959,2690
960,2725
961,3044
962,3002
963,2601
964,2863
965,2733
966,3429
967,2671
968,3216
969,3461
970,2666
971,3719
972,3186
973,3912
974,3039
975,3819
976,2848
977,2906
978,2756
979,3126
980,2522
981,3799
982,2832
983,3563
984,3069
985,4192
986,3204
987,2825
988,3034
989,2618
990,2461
991,3111
992,3098
993,2403
994,3489
995,2731
996,3968
997,3321
998,3612
999,3009
1000,3416
1001,3928
1002,3581
1003,4497
1004,4113
1005,5188
1006,3777
1007,3717
1008,3838
1009,3672
1010,3130
1011,2158
1012,2568
1013,2515
1014,3044
1015,2895
1016,2010
1017,2114
1018,2673
1019,2332
1020,2271
1021,2962
1022,2779
1023,2659
1024,2511
1025,2749
1026,2498
1027,1788
1028,3007
1029,2121
1030,2927
1031,2179
1032,2560
1033,3367
1034,2449
1035,3108
1036,3187
1037,3280
1038,3039
1039,3948
1040,3827
1041,5132
1042,3631
1043,4618
1044,3425
1045,2842
1046,1967
1047,2437
1048,2061
1049,2115
1050,1951
1051,1853
1052,3206
1053,2464
1054,3146
1055,2897
1056,2934
1057,3385
1058,3565
1059,3595
1060,4516
1061,3755
1062,3622
1063,3744
1064,2498
1065,1900
1066,1900
1067,1908
1068,2247
1069,2036
1070,2403
1071,2506
1072,2952
1073,3058
1074,2412
1075,2197
1076,2598
1077,2699
1078,2749
1079,2798
1080,1960
1081,1537
1082,1391
1083,1365
1084,1213
1085,1882
1086,2620
1087,1737
1088,2370
1089,3758
1090,4382
1091,4345
1092,4682
1093,4540
1094,3774
1095,3806
1096,3828
1097,4562
1098,3723
1099,2993
1100,3017
1101,3268
1102,4182
1103,3890
1104,5220
1105,3816
1106,2503
1107,3023
1108,4298
1109,4127
1110,3121
1111,2781
1112,2472
1113,1663
1114,2204
1115,2145
1116,2003
1117,2232
1118,1987
1119,2411
1120,1794
1121,2353
1122,2290
1123,2655
1124,1519
1125,1749
1126,1626
1127,1353
1128,1471
1129,2551
1130,2935
1131,2842
1132,1949
1133,2474
1134,3012
1135,3416
1136,2989
1137,1600
1138,1457
1139,1826
1140,2435
1141,2334
1142,2454
1143,2845
1144,2346
1145,2900
1146,2634
1147,3321
1148,2743
1149,3499
1150,3360
1151,3408
1152,3282
1153,3600
1154,2692
1155,2477
1156,2669
1157,3430
1158,2527
1159,3279
1160,2280
1161,2016
1162,2356
1163,2372
1164,1925
1165,1615
1166,1589
1167,3614
1168,2077
1169,2118
1170,2405
1171,2824
1172,3825
1173,3131
1174,2951
1175,2235
1176,2686
1177,3217
1178,5050
1179,3418
1180,3713
1181,2242
1182,2726
1183,2509
1184,2511
1185,2102
1186,2100
1187,1632
1188,1241
1189,1727
1190,2005
1191,2134
1192,2805
1193,3009
1194,4137
1195,4415
1196,3712
1197,2945
1198,2859
1199,2581
1200,2439
1201,2594
1202,3202
1203,1917
1204,2416
1205,2125
1206,2596
1207,2632
1208,2441
1209,2843
1210,2445
1211,2874
1212,3233
1213,2916
1214,3136
1215,4016
1216,3049
1217,3254
1218,3041
1219,2077
1220,2062
1221,1468
1222,1332
1223,1186
1224,1814
1225,2184
1226,1350
1227,1273
1228,2480
1229,2130
1230,2401
1231,1694
1232,2009
1233,1319
1234,2115
1235,1835
1236,1711
1237,3233
1238,3039
1239,4137
1240,2846
1241,2618
1242,2454
1243,3232
1244,2584
1245,3366
1246,3169
1247,3110
1248,2728
1249,2785
1250,2298
1251,3241
1252,2459
1253,3940
1254,5101
1255,4530
1256,3037
1257,3452
1258,2452
1259,3400
1260,4407
1261,2820
1262,3071
1263,3583
1264,3627
1265,4004
1266,4473
1267,4365
1268,5881
1269,5621
1270,3911
1271,3823
1272,3455
1273,4220
1274,6129
1275,6813
1276,8360
1277,6907
1278,6031
1279,4951
1280,3945
1281,3375
1282,3773
1283,3848
1284,3212
1285,3063
1286,2979
1287,2553
1288,2479
1289,2102
1290,3491
1291,3580
1292,3147
1293,2897
1294,2162
1295,1766
1296,1631
1297,1812
1298,2049
1299,1714
1300,1995
1301,1924
1302,2468
1303,2364
1304,2308
1305,2036
1306,1949
1307,1924
1308,1994
1309,1449
1310,843
1311,921
1312,1264
1313,1343
1314,1532
1315,1694
1316,1650
1317,1075
1318,644
1319,609
1320,882
1321,922
1322,760
1323,641
1324,637
1325,1065
1326,843
1327,841
1328,667
1329,656
1330,670
1331,607
1332,598
1333,481
1334,502
1335,876
1336,655
1337,765
1338,722
1339,680
1340,613
1341,736
1342,710
1343,756
1344,829
1345,838
1346,1102
1347,797
1348,755
1349,810
1350,638
1351,561
1352,459
1353,458
1354,430
1355,485
1356,418
1357,528
1358,1060
1359,803
1360,784
1361,799
1362,881
1363,413
1364,483
1365,574
1366,680
1367,502
1368,625
1369,512
1370,506
1371,496
1372,382
1373,640
1374,389
1375,451
1376,508
1377,417
1378,368
1379,386
1380,454
1381,566
1382,476
1383,511
1384,500
1385,443
1386,425
1387,580
1388,811
1389,738
1390,897
1391,499
1392,383
1393,609
1394,741
1395,475
1396,493
1397,390
1398,361
1399,574
1400,432
1401,473
1402,450
1403,538
1404,552
1405,549
1406,505
1407,481
1408,404
1409,355
1410,371
1411,537
1412,479
1413,588
1414,447
1415,492
1416,618
1417,545
1418,636
1419,636
1420,815
1421,784
1422,763
1423,834
1424,809
1425,681
1426,711
1427,626
1428,741
1429,741
1430,850
1431,637
1432,473
1433,504
1434,479
1435,394
1436,469
1437,376
1438,586
1439,537
1440,487
1441,508
1442,493
1443,359
1444,440
1445,395
1446,640
1447,594
1448,613
1449,611
1450,642
1451,610
1452,583
1453,493
1454,658
1455,640
1456,506
1457,518
1458,722
1459,473
1460,833
1461,757
1462,916
1463,884
1464,625
1465,715
1466,637
1467,580
1468,397
1469,382
1470,365
1471,365
1472,399
1473,408
1474,358
1475,524
1476,505
1477,643
1478,555
1479,502
1480,2243
1481,1079
1482,707
1483,958
1484,638
1485,569
1486,489
1487,868
1488,639
1489,972
1490,1267
1491,1125
1492,1085
1493,1083
1494,1162
1495,1284
1496,1485
1497,1187
1498,1459
1499,1410
1500,1369
1501,814
1502,767
1503,894
1504,834
1505,834
1506,857
1507,902
1508,1107
1509,979
1510,1137
1511,1184
1512,1075
1513,1226
1514,1092
1515,1059
1516,796
1517,670
1518,559
1519,739
1520,580
1521,591
1522,478
1523,529
1524,526
1525,585
1526,571
1527,560
1528,504
1529,466
1530,505
1531,584
1532,666
1533,469
1534,435
1535,683
1536,705
1537,546
1538,700
1539,563
1540,560
1541,798
1542,538
1543,419
1544,481
1545,389
1546,513
1547,527
1548,537
1549,622
1550,520
1551,761
1552,468
1553,384
1554,433
1555,392
1556,460
1557,328
1558,519
1559,328
1560,429
1561,336
1562,433
1563,522
1564,438
1565,384
1566,417
1567,353
1568,330
1569,536
1570,748
1571,910
1572,603
1573,475
1574,377
1575,312
1576,674
1577,334
1578,323
1579,399
1580,434
1581,465
1582,523
1583,687
1584,621
1585,602
1586,737
1587,729
1588,505
1589,614
1590,677
1591,1101
1592,619
1593,738
1594,753
1595,765
1596,486
1597,558
1598,408
1599,498
1600,567
1601,360
1602,383
1603,381
1604,339
1605,326
1606,428
1607,339
1608,389
1609,315
1610,386
1611,385
1612,410
1613,396
1614,446
1615,341
1616,477
1617,417
1618,721
1619,452
1620,423
1621,390
1622,594
1623,448
1624,496
1625,394
1626,354
1627,342
1628,233
1629,263
1630,367
1631,507
1632,642
1633,487
1634,435
1635,418
1636,463
1637,451
1638,476
1639,425
1640,485
1641,565
1642,495
1643,707
1644,839
1645,741
1646,845
1647,867
1648,632
1649,670
1650,651
1651,710
1652,690
1653,1007
1654,938
1655,1093
1656,982
1657,810
1658,716
1659,648
1660,643
1661,844
1662,899
1663,733
1664,698
1665,573
1666,577
1667,597
1668,576
1669,614
1670,500
1671,573
1672,552
1673,571
1674,646
1675,687
1676,683
1677,917
1678,876
1679,617
1680,543
1681,727
1682,494
1683,483
1684,474
1685,387
1686,522
1687,1193
1688,614
1689,647
1690,722
1691,836
1692,582
1693,444
1694,297
1695,331
1696,308
1697,402
1698,616
1699,732
1700,967
1701,512
1702,395
1703,507
1704,556
1705,580
1706,674
1707,514
1708,450
1709,622
1710,556
1711,489
1712,495
1713,433
1714,488
1715,513
1716,800
1717,855
1718,796
1719,490
1720,471
1721,436
1722,498
1723,667
1724,457
1725,601
1726,571
1727,647
1728,522
1729,649
1730,726
1731,693
1732,800
1733,790
1734,536
1735,494
1736,535
1737,806
1738,684
1739,681
1740,751
1741,689
1742,649
1743,501
1744,491
1745,478
1746,440
1747,521
1748,613
1749,608
1750,513
1751,536
1752,576
1753,406
1754,444
1755,540
1756,561
1757,671
1758,646
1759,608
1760,508
1761,521
1762,592
1763,652
1764,986
1765,1085
1766,1083
1767,1558
1768,1352
1769,1223
1770,1001
1771,1138
1772,1146
1773,1119
1774,848
1775,983
1776,829
1777,860
1778,735
1779,638
1780,606
1781,632
1782,601
1783,924
1784,773
1785,712
1786,736
1787,812
1788,697
1789,786
1790,848
1791,809
1792,808
1793,733
1794,674
1795,609
1796,631
1797,523
1798,489
1799,527
1800,533
1801,472
1802,571
1803,553
1804,496
1805,736
1806,780
1807,819
1808,759
1809,826
1810,790
1811,712
1812,790
1813,799
1814,972
1815,1027
1816,742
1817,561
1818,698
1819,620
1820,662
1821,702
1822,561
1823,633
1824,689
1825,603
1826,596
1827,671
1828,695
1829,687
1830,606
1831,527
1832,505
1833,668
1834,704
1835,622
1836,737
1837,672
1838,468
1839,573
1840,625
1841,565
1842,610
1843,581
1844,556
1845,590
1846,543
1847,543
1848,437
1849,614
1850,543
1851,586
1852,727
1853,829
1854,852
1855,607
1856,668
1857,869
1858,996
1859,1098
1860,1205
1861,881
1862,1630
1863,1243
1864,1240
1865,1413
1866,883
1867,1082
1868,1136
1869,1594
1870,1110
1871,980
1872,1249
1873,1080
1874,1131
1875,861
1876,992
1877,1140
1878,849
1879,732
1880,1659
1881,958
1882,934
1883,715
1884,892
1885,1087
1886,1129
1887,1085
1888,1449
1889,1010
1890,886
1891,1064
1892,921
1893,801
1894,855
1895,851
1896,813
1897,676
1898,680
1899,719
1900,449
1901,449
1902,685
1903,798
1904,783
1905,693
1906,707
1907,719
1908,854
1909,703
1910,827
1911,622
1912,842
1913,805
1914,577
1915,604
1916,713
1917,584
1918,841
1919,776
1920,715
1921,761
1922,935
1923,743
1924,934
1925,766
1926,693
1927,914
1928,1014
1929,1520
1930,1276
1931,1322
1932,1632
1933,1195
1934,1142
1935,1258
1936,1131
1937,1383
1938,1163
1939,1214
1940,1279
1941,900
1942,1023
1943,1714
1944,993
1945,880
1946,899
1947,920
1948,911
1949,1047
1950,1020
1951,806
1952,841
1953,900
1954,999
1955,1184
1956,1132
1957,896
1958,914
1959,862
1960,826
1961,823
1962,839
1963,645
1964,650
1965,875
1966,686
1967,904
1968,799
1969,1061
1970,1607
1971,1269
1972,962
1973,1149
1974,1093
1975,1212
1976,1586
1977,1603
1978,1514
1979,1271
1980,1358
1981,1374
1982,1548
1983,1240
1984,1255
1985,1660
1986,1028
1987,1297
1988,1466
1989,1329
1990,1527
1991,1170
1992,1217
1993,928
1994,831
1995,995
1996,1074
1997,1213
1998,1496
1999,1339
2000,814
2001,776
2002,997
2003,796
2004,1024
2005,1182
2006,906
2007,1506
2008,1480
2009,851
2010,997
2011,913
2012,890
2013,872
2014,770
2015,799
2016,737
2017,863
2018,924
2019,953
2020,1011
2021,969
2022,973
2023,990
2024,1069
2025,744
2026,495
2027,538
2028,498
2029,409
2030,457
2031,456
2032,405
2033,486
2034,644
2035,589
2036,610
2037,494
2038,407
2039,648
2040,375
2041,532
2042,438
2043,355
2044,433
2045,480
2046,544
2047,532
2048,642
2049,663
2050,631
2051,806
2052,575
2053,560
2054,510
2055,484
2056,619
2057,629
2058,526
2059,568
2060,592
2061,656
2062,799
2063,797
2064,721
2065,706
2066,672
2067,543
2068,466
2069,563
2070,525
2071,472
2072,595
2073,615
2074,614
2075,637
2076,738
2077,670
2078,577
2079,632
2080,827
2081,661
2082,650
2083,633
2084,514
2085,329
2086,254
2087,308
2088,339
2089,313
2090,280
2091,515
2092,357
2093,376
2094,333
2095,464
2096,369
2097,259
2098,221
2099,301
2100,264
2101,220
2102,239
2103,249
2104,273
2105,278
2106,255
2107,148
2108,159
2109,155
2110,217
2111,261
2112,252
2113,221
2114,183
2115,224
2116,223
2117,258
2118,223
2119,213
2120,351
2121,240
2122,252
2123,446
2124,399
2125,258
2126,207
2127,189
2128,157
2129,173
2130,160
2131,224
2132,230
2133,290
2134,386
2135,418
2136,352
2137,260
2138,351
2139,367
2140,211
2141,181
2142,165
2143,139
2144,277
2145,275
2146,388
2147,374
2148,310
2149,251
2150,340
2151,662
2152,447
2153,459
2154,204
2155,136
2156,189
2157,161
2158,282
2159,257
2160,207
2161,211
2162,215
2163,189
2164,122
2165,125
2166,115
2167,115
2168,148
2169,133
2170,172
2171,160
2172,186
2173,394
2174,502
2175,432
2176,540
2177,559
2178,549
2179,414
2180,573
2181,530
2182,492
2183,640
2184,452
2185,420
2186,324
2187,497
2188,1562
2189,816
2190,577
2191,391
2192,485
2193,352
2194,289
2195,328
2196,266
2197,307
2198,219
2199,230
2200,207
2201,215
2202,312
2203,201
2204,192
2205,143
2206,174
2207,185
2208,165
2209,178
2210,353
2211,146
2212,141
2213,135
2214,180
2215,205
2216,255
2217,173
2218,257
2219,185
2220,218
2221,111
2222,111
2223,121
2224,190
2225,260
2226,367
2227,185
2228,148
2229,125
2230,116
2231,134
2232,179
2233,181
2234,135
2235,264
2236,242
2237,114
2238,189
2239,134
2240,123
2241,143
2242,230
2243,189
2244,254
2245,139
2246,100
2247,137
2248,134
2249,117
2250,148
2251,127
2252,156
2253,244
2254,205
2255,246
2256,177
2257,131
2258,211
2259,151
2260,153
2261,227
2262,303
2263,537
2264,366
2265,307
2266,331
2267,313
2268,340
2269,275
2270,239
2271,309
2272,485
2273,442
2274,242
2275,373
2276,364
2277,437
2278,316
2279,309
2280,472
2281,298
2282,270
2283,239
2284,150
2285,201
2286,325
2287,415
2288,461
2289,231
2290,283
2291,254
2292,278
2293,284
2294,185
2295,166
2296,251
2297,102
2298,102
2299,158
2300,79
2301,96
2302,183
2303,189
2304,156
2305,153
2306,125
2307,134
2308,159
2309,140
2310,100
2311,120
2312,226
2313,357
2314,395
2315,603
2316,526
2317,519
2318,273
2319,236
2320,201
2321,80
2322,126
2323,188
2324,194
2325,112
2326,170
2327,184
2328,206
2329,225
2330,243
2331,226
2332,261
2333,131
2334,153
2335,136
2336,133
2337,173
2338,172
2339,149
2340,194
2341,129
2342,207
2343,136
2344,168
2345,189
2346,134
2347,169
2348,191
2349,121
2350,194
2351,137
2352,126
2353,209
2354,169
2355,208
2356,165
2357,135
2358,133
2359,144
2360,178
2361,157
2362,176
2363,235
2364,120
2365,123
2366,131
2367,161
2368,185
2369,169
2370,118
2371,278
2372,191
2373,282
2374,135
2375,76
2376,73
2377,49
2378,94
2379,92
2380,193
2381,103
2382,61
2383,59
2384,72
2385,50
2386,50
2387,147
2388,93
2389,76
2390,94
2391,61
2392,44
2393,67
2394,93
2395,82
2396,69
2397,53
2398,48
2399,54
2400,60
2401,59
2402,66
2403,44
2404,24
2405,99
2406,217
2407,369
2408,575
2409,246
2410,295
2411,152
2412,304
2413,232
2414,230
2415,264
2416,167
2417,136
2418,137
2419,123
2420,125
2421,161
2422,180
2423,139
2424,32
2425,27
2426,86
2427,123
2428,52
2429,42
2430,27
2431,16
2432,115
2433,162
2434,55
2435,40
2436,38
2437,23
2438,14
2439,11
2440,19
2441,13
2442,23
2443,25
2444,23
2445,21
2446,28
2447,15
2448,16
2449,23
2450,27
2451,35
2452,40
2453,30
2454,187
2455,234
2456,150
2457,173
2458,237
2459,217
2460,200
2461,137
2462,175
2463,162
2464,140
2465,222
2466,163
2467,115
2468,62
2469,76
2470,66
2471,61
2472,144
2473,230
2474,288
2475,291
2476,392
2477,366
2478,331
2479,273
2480,354
2481,224
2482,315
2483,330
2484,157
2485,198
2486,234
2487,222
2488,205
2489,253
2490,281
2491,170
2492,297
2493,351
2494,388
2495,368
2496,264
2497,365
2498,258
2499,330
2500,324
2501,301
2502,278
2503,241
2504,248
2505,268
2506,495
2507,277
2508,237
2509,307
2510,345
2511,360
2512,279
2513,286
2514,339
2515,452
2516,357
2517,525
2518,305
2519,349
2520,270
2521,352
2522,476
2523,469
2524,227
2525,196
2526,246
2527,217
2528,181
2529,178
2530,251
2531,208
2532,225
2533,206
2534,163
2535,256
2536,249
2537,254
2538,177
2539,110
2540,82
2541,112
2542,144
2543,191
2544,122
2545,158
2546,146
2547,148
2548,112
2549,179
2550,159
2551,199
2552,188
2553,162
2554,154
2555,106
2556,106
2557,151
2558,149
2559,97
2560,186
2561,125
2562,107
2563,114
2564,168
2565,163
2566,112
2567,145
2568,150
2569,74
2570,127
2571,83
2572,111
2573,114
2574,69
2575,119
2576,107
2577,86
2578,107
2579,115
2580,149
2581,117
2582,82
2583,106
2584,150
2585,72
2586,120
2587,204
2588,108
2589,125
2590,78
2591,70
2592,93
2593,161
2594,103
2595,101
2596,126
2597,103
2598,127
2599,122
2600,119
2601,96
2602,140
2603,133
2604,128
2605,102
2606,99
2607,63
2608,50
2609,57
2610,171
2611,199
2612,151
2613,282
2614,158
2615,198
2616,215
2617,187
2618,260
2619,178
2620,153
2621,183
2622,139
2623,180
2624,166
2625,242
2626,264
2627,146
2628,146
2629,182
2630,74
2631,109
2632,132
2633,154
2634,307
2635,355
2636,226
2637,198
2638,251
2639,167
2640,228
2641,229
2642,247
2643,365
2644,120
2645,127
2646,156
2647,121
2648,159
2649,85
2650,144
2651,130
2652,195
2653,92
2654,60
2655,101
2656,256
2657,75
2658,106
2659,128
2660,137
2661,96
2662,99
2663,128
2664,125
2665,83
2666,90
2667,103
2668,115
2669,169
2670,230
2671,96
2672,93
2673,82
2674,91
2675,85
2676,90
2677,232
2678,87
2679,127
2680,191
2681,129
2682,132
2683,121
2684,190
2685,142
2686,146
2687,170
2688,183
2689,156
2690,128
2691,216
2692,177
2693,123
2694,109
2695,87
2696,60
2697,93
2698,101
2699,106
2700,117
2701,99
2702,100
2703,90
2704,130
2705,223
2706,165
2707,84
2708,113
2709,130
2710,101
2711,96
2712,104
2713,105
2714,108
2715,90
2716,75
2717,101
2718,117
2719,90
2720,68
2721,80
2722,102
2723,126
2724,129
2725,174
2726,55
2727,47
2728,121
2729,105
2730,91
2731,153
2732,117
2733,158
2734,153
2735,156
2736,123
2737,162
2738,165
2739,173
2740,228
2741,180
2742,202
2743,244
2744,205
2745,178
2746,225
2747,206
2748,206
2749,168
2750,230
2751,170
2752,201
2753,226
2754,195
2755,257
2756,242
2757,252
2758,327
2759,203
2760,217
2761,274
2762,172
2763,208
2764,335
2765,296
2766,254
2767,251
2768,280
2769,287
2770,245
2771,202
2772,203
2773,247
2774,224
2775,229
2776,254
2777,251
2778,234
2779,239
2780,190
2781,181
2782,234
2783,228
2784,143
2785,140
2786,154
2787,209
2788,221
2789,147
2790,116
2791,112
2792,101
2793,98
2794,96
2795,89
2796,95
2797,112
2798,79
2799,169
2800,128
2801,156
2802,105
2803,144
2804,121
2805,94
2806,267
2807,197
2808,238
2809,381
2810,134
2811,218
2812,232
2813,276
2814,224
2815,304
2816,191
2817,271
2818,181
2819,223
2820,218
2821,158
2822,174
2823,268
2824,152
2825,187
2826,229
2827,274
2828,220
2829,245
2830,239
2831,223
2832,283
2833,275
2834,231
2835,238
2836,328
2837,272
2838,342
2839,315
2840,334
2841,400
2842,367
2843,290
2844,394
2845,533
2846,442
2847,434
2848,391
2849,421
2850,357
2851,504
2852,462
2853,371
2854,260
2855,336
2856,365
2857,366
2858,388
2859,389
2860,248
2861,267
2862,235
2863,276
2864,357
2865,336
2866,354
2867,473
2868,343
2869,276
2870,349
2871,302
2872,280
2873,349
2874,396
2875,282
2876,291
2877,253
2878,253
2879,301
2880,182
2881,305
2882,267
2883,227
2884,220
2885,187
2886,167
2887,196
2888,227
2889,155
2890,165
2891,168
2892,168
2893,191
2894,159
2895,161
2896,158
2897,230
2898,175
2899,138
2900,163
2901,328
2902,293
2903,265
2904,224
2905,240
2906,211
2907,198
2908,169
2909,187
2910,220
2911,240
2912,248
2913,272
2914,225
2915,222
2916,325
2917,296
2918,188
2919,296
2920,264
2921,354
2922,207
2923,217
2924,181
2925,144
2926,175
2927,183
2928,210
2929,232
2930,245
2931,251
2932,281
2933,352
2934,470
2935,482
2936,339
2937,421
2938,249
2939,273
2940,240
2941,198
2942,233
2943,186
2944,237
2945,180
2946,148
2947,98
2948,121
2949,151
2950,142
2951,155
2952,90
2953,106
2954,138
2955,126
2956,207
2957,269
2958,134
2959,212
2960,178
2961,144
2962,174
2963,215
2964,177
2965,279
2966,227
2967,191
2968,165
2969,157
2970,208
2971,192
2972,212
2973,217
2974,218
2975,209
2976,275
2977,260
2978,273
2979,301
2980,369
2981,243
2982,192
2983,248
2984,192
2985,242
2986,284
2987,291
2988,283
2989,295
2990,269
2991,399
2992,370
2993,258
2994,257
2995,155
2996,161
2997,205
2998,199
2999,140
3000,178
3001,139
3002,134
3003,152
3004,235
3005,212
3006,163
3007,223
3008,294
3009,279
3010,218
3011,204
3012,220
3013,269
3014,169
3015,139
3016,186
3017,225
3018,218
3019,160
3020,164
3021,209
3022,158
3023,182
3024,165
3025,146
3026,237
3027,174
3028,135
3029,217
3030,142
3031,147
3032,301
3033,283
3034,260
3035,229
3036,231
3037,257
3038,280
3039,365
3040,296
3041,409
3042,282
3043,384
3044,428
3045,374
3046,430
3047,333
3048,307
3049,302
3050,365
3051,358
3052,341
3053,164
3054,216
3055,243
3056,221
3057,179
3058,237
3059,232
3060,216
3061,256
3062,179
3063,234
3064,212
3065,174
3066,133
3067,118
3068,148
3069,71
3070,141
3071,158
3072,188
3073,402
3074,302
3075,256
3076,186
3077,196
3078,164
3079,172
3080,157
3081,224
3082,257
3083,141
3084,103
3085,115
3086,89
3087,76
3088,68
3089,66
3090,63
3091,116
3092,119
3093,104
3094,179
3095,181
3096,167
3097,213
3098,176
3099,129
3100,135
3101,143
3102,140
3103,136
3104,172
3105,187
3106,135
3107,127
3108,148
3109,167
3110,180
3111,146
3112,196
3113,199
3114,244
3115,163
3116,169
3117,184
3118,93
3119,108
3120,120
3121,195
3122,222
3123,123
3124,114
3125,175
3126,201
3127,213
3128,721
3129,268
3130,366
3131,407
3132,363
3133,392
3134,315
3135,313
3136,597
3137,354
3138,261
3139,264
3140,293
3141,231
3142,340
3143,256
3144,334
3145,200
3146,193
3147,309
3148,284
3149,371
3150,244
3151,909
3152,390
3153,388
3154,336
3155,435
3156,476
3157,283
3158,374
3159,295
3160,321
3161,262
3162,262
3163,166
3164,246
3165,199
3166,251
3167,236
3168,189
3169,394
3170,286
3171,336
3172,219
3173,318
3174,299
3175,258
3176,473
3177,173
3178,336
3179,194
3180,220
3181,150
3182,154
3183,175
3184,209
3185,110
3186,123
3187,137
3188,160
3189,221
3190,181
3191,134
3192,190
3193,163
3194,184
3195,244
3196,169
3197,164
3198,132
3199,116
3200,149
3201,194
3202,179
3203,169
3204,196
3205,312
3206,300
3207,412
3208,275
3209,309
3210,304
3211,312
3212,202
3213,235
3214,203
3215,354
3216,257
3217,153
3218,103
3219,128
3220,183
3221,200
3222,227
3223,178
3224,153
3225,155
3226,262
3227,352
3228,257
3229,186
3230,133
3231,91
3232,179
3233,143
3234,89
3235,89
3236,74
3237,99
3238,115
3239,107
3240,63
3241,90
3242,85
3243,95
3244,128
3245,82
3246,78
3247,72
3248,79
3249,153
3250,93
3251,117
3252,144
3253,165
3254,145
3255,177
3256,149
3257,130
3258,133
3259,128
3260,173
3261,217
3262,248
3263,227
3264,247
3265,181
3266,284
3267,256
3268,258
3269,223
3270,215
3271,193
3272,248
3273,162
3274,178
3275,234
3276,260
3277,193
3278,165
3279,87
3280,103
3281,214
3282,117
3283,89
3284,101
3285,113
3286,121
3287,104
3288,121
3289,95
3290,37
3291,36
3292,34
3293,34
3294,96
3295,65
3296,87
3297,101
3298,127
3299,65
3300,104
3301,74
3302,49
3303,43
3304,33
3305,39
3306,64
3307,44
3308,63
3309,52
3310,40
3311,46
3312,105
3313,57
3314,44
3315,86
3316,86
3317,42
3318,46
3319,82
3320,20
3321,36
3322,69
3323,43
3324,21
3325,133
3326,73
3327,80
3328,78
3329,70
3330,85
3331,58
3332,66
3333,69
3334,40
3335,72
3336,94
3337,88
3338,68
3339,41
3340,49
3341,64
3342,44
3343,91
3344,111
3345,67
3346,64
3347,81
3348,48
3349,55
3350,32
3351,35
3352,29
3353,34
3354,100
3355,89
3356,69
3357,55
3358,53
3359,40
3360,21
3361,35
3362,27
3363,41
3364,29
3365,43
3366,22
3367,37
3368,23
3369,72
3370,66
3371,39
3372,34
3373,39
3374,33
3375,33
3376,19
3377,39
3378,112
3379,74
3380,88
3381,48
3382,242
3383,135
3384,71
3385,98
3386,100
3387,71
3388,56
3389,68
3390,13
3391,24
3392,60
3393,20
3394,38
3395,44
3396,70
3397,77
3398,39
3399,26
3400,54
3401,34
3402,49
3403,51
3404,43
3405,68
3406,44
3407,44
3408,76
3409,44
3410,25
3411,37
3412,67
3413,23
3414,47
3415,25
3416,38
3417,50
3418,30
3419,27
3420,24
3421,38
3422,29
3423,26
3424,25
3425,24
3426,25
3427,10
3428,14
3429,19
3430,39
3431,34
3432,28
3433,49
3434,17
3435,16
3436,32
3437,37
3438,35
3439,31
3440,33
3441,48
3442,40
3443,24
3444,17
3445,10
3446,38
3447,51
3448,20
3449,18
3450,60
3451,66
3452,93
3453,65
3454,74
3455,73
3456,43
3457,45
3458,36
3459,53
3460,43
3461,56
3462,35
3463,65
3464,53
3465,56
3466,81
3467,58
3468,42
3469,46
3470,53
3471,69
3472,90
3473,69
3474,57
3475,50
3476,50
3477,85
3478,85
3479,127
3480,66
3481,76
3482,67
3483,67
3484,76
3485,137
3486,113
3487,86
3488,55
3489,40
3490,68
3491,37
3492,38
3493,70
3494,71
3495,64
3496,79
3497,49
3498,55
3499,14
3500,14
3501,20
3502,60
3503,78
3504,111
3505,137
3506,76
3507,43
3508,36
3509,41
3510,32
3511,36
3512,28
3513,21
3514,51
3515,38
3516,25
3517,43
3518,40
3519,54
3520,40
3521,39
3522,31
3523,34
3524,37
3525,48
3526,53
3527,14
3528,30
3529,33
3530,27
3531,26
3532,39
3533,37
3534,26
3535,48
3536,40
3537,34
3538,47
3539,48
3540,40
3541,80
3542,113
3543,92
3544,79
3545,95
3546,85
3547,182
3548,66
3549,29
3550,65
3551,59
3552,29
3553,17
3554,61
3555,22
3556,52
3557,91
3558,42
3559,47
3560,41
3561,59
3562,44
3563,5
3564,8
3565,2
3566,8
3567,17
3568,10
3569,13
3570,6
3571,10
3572,36
3573,9
3574,10
3575,4
3576,7
3577,25
3578,3
3579,6
3580,8
3581,5
3582,7
3583,5
3584,9
3585,16
3586,9
3587,14
3588,20
3589,6
3590,1
3591,6
3592,5
3593,7
3594,9
3595,4
3596,7
3597,4
3598,6
3599,7
3600,10
3601,5
3602,12
3603,10
3604,11
3605,8
3606,11
3607,15
3608,27
3609,16
3610,3
3611,5
3612,7
3613,8
3614,3
3615,2
3616,6
3617,5
3618,6
3619,4
3620,4
3621,10
3622,15
3623,3
3624,7
3625,1
3626,12
3627,6
3628,4
3629,3
3630,14
3631,25
3632,11
3633,21
3634,32
3635,28
3636,5
3637,9
3638,2
3639,12
3640,3
3641,6
3642,17
3643,4
3644,11
3645,9
3646,7
3647,2
3648,7
3649,3
3650,10
3651,39
3652,48
3653,12
3654,6
3655,12
3656,16
3657,7
3658,8
3659,10
3660,10
3661,7
3662,7
3663,22
3664,10
3665,10
3666,8
3667,6
3668,10
3669,5
3670,10
3671,4
3672,17
3673,22
3674,16
3675,23
3676,34
3677,34
3678,20
3679,38
3680,34
3681,40
3682,29
3683,32
3684,26
3685,24
3686,7
3687,13
3688,11
3689,17
3690,20
3691,19
3692,5
3693,7
3694,4
3695,6
3696,11
3697,21
3698,31
3699,43
3700,70
3701,64
3702,43
3703,28
3704,23
3705,26
3706,7
3707,8
3708,14
3709,8
3710,7
3711,16
3712,16
3713,12
3714,9
3715,11
3716,16
3717,16
3718,13
3719,23
3720,13
3721,2
3722,6
3723,5
3724,5
3725,6
3726,3
3727,5
3728,5
3729,56
3730,90
3731,10
3732,3
3733,6
3735,14
3736,13
3737,30
3738,15
3739,3
3740,7
3741,12
3742,5
3743,1
3744,42
3745,24
3746,4
3747,9
3748,11
3749,6
3750,5
3751,4
3752,9
3753,50
3754,1
3755,4
3756,6
3757,13
3758,29
3759,30
3760,21
3761,39
3762,34
3763,40
3764,10
3765,18
3766,6
3767,5
3768,2
3769,1
3770,7
3771,11
3772,13
3773,7
3774,3
3775,3
3776,3
3777,4
3778,2
3779,1
3781,7
3782,6
3783,2
3784,2
3785,4
3786,6
3787,6
3788,88
3789,22
3790,45
3791,4
3792,11
3793,11
3794,10
3795,5
3796,2
3797,5
3799,1
3800,3
3801,5
3802,27
3803,2
3804,2
3805,9
3806,5
3807,5
3808,6
3809,4
3810,9
3811,5
3812,18
3813,9
3814,25
3815,14
3816,5
3818,5
3819,12
3820,2
3821,7
3822,6
3823,12
3824,11
3825,4
3826,5
3827,9
3828,13
3829,23
3830,8
3831,2
3832,8
3833,5
3834,7
3835,4
3836,4
3837,5
3838,2
3839,2
3840,8
3841,9
3842,3
3843,4
3844,10
3845,22
3846,10
3847,5
3848,10
3849,13
3850,5
3851,6
3852,2
3853,1
3855,4
3856,8
3857,3
3858,10
3859,2
3860,22
3861,41
3862,16
3863,15
3864,11
3865,15
3866,8
3867,8
3868,3
3869,10
3870,7
3871,5
3872,11
3873,8
3874,31
3875,15
3876,5
3877,7
3878,6
3879,9
3880,5
3881,12
3882,15
3883,18
3884,3
3885,6
3886,10
3887,7
3888,36
3889,22
3890,9
3891,2
3892,4
3893,3
3894,6
3895,44
3896,15
3897,2
3898,20
3899,12
3900,1
3901,15
3902,24
3903,5
3904,1
3905,7
3906,10
3907,9
3908,25
3909,12
3910,23
3911,52
3912,43
3913,27
3914,25
3915,24
3916,38
3917,65
3918,47
3919,38
3920,11
3921,1
3922,4
3923,2
3924,1
3925,13
3926,28
3927,64
3928,153
3929,89
3930,23
3931,32
3932,30
3933,44
3934,10
3935,12
3936,5
3937,11
3938,43
3939,40
3940,20
3941,17
3942,22
3943,3
3944,4
3945,18
3946,13
3947,8
3948,3
3949,8
3950,6
3951,12
3952,59
3953,66
3954,44
3955,6
3956,2
3957,15
3958,13
3959,20
3960,1
3961,14
3962,5
3963,16
3964,9
3965,12
3966,12
3967,8
3968,12
3969,58
3970,4
3971,6
3972,10
3973,5
3974,7
3975,7
3976,7
3977,24
3978,8
3979,20
3980,29
3981,41
3982,24
3983,13
3984,7
3985,7
3986,8
3987,17
3988,7
3989,9
3990,27
3991,6
3992,4
3993,4
3994,7
3995,7
3996,1
3997,8
3998,13
3999,30
4000,10
4001,1
4002,3
4003,2
4004,2
4005,1
4006,1
4007,1
4008,5
4009,8
4010,6
4012,22
4013,26
4014,5
4015,11
4016,8
4018,11
4019,8
4020,2
4021,5
4022,5
4023,15
4024,29
4025,12
4026,3
4027,7
4028,9
4029,12
4030,22
4031,1
4032,2
4033,7
4034,7
4035,8
4036,9
4037,4
4038,5
4039,13
4040,49
4041,16
4042,17
4043,10
4044,14
4045,16
4047,1
4049,3
4050,19
4051,2
4052,4
4053,21
4054,45
4055,57
4056,175
4057,76
4058,4
4059,5
4060,12
4061,8
4062,1
4063,2
4064,10
4065,1
4067,12
4068,23
4069,30
4070,2
4071,10
4072,2
4073,1
4076,6
4077,12
4078,9
4079,7
4080,2
4081,6
4082,12
4083,20
4084,9
4085,20
4086,3
4087,16
4088,19
4089,3
4090,10
4091,7
4092,7
4093,14
4094,12
4095,8
4096,9
4097,34
4098,11
4099,2
4100,15
4101,4
4102,3
4103,1
4104,6
4105,4
4106,2
4107,6
4108,10
4109,2
4110,9
4111,7
4112,21
4113,8
4114,4
4115,7
4116,3
4117,13
4118,2
4119,20
4120,5
4121,20
4122,17
4123,11
4124,7
4125,9
4126,11
4127,15
4128,26
4129,19
4130,4
4131,23
4132,2
4133,3
4134,2
4135,3
4136,3
4137,4
4139,12
4140,9
4141,5
4142,5
4143,23
4144,3
4145,3
4146,2
4147,4
4148,5
4149,2
4150,1
4151,5
4152,4
4153,16
4154,5
4155,5
4156,13
4157,10
4158,39
4159,45
4160,22
4161,8
4162,3
4163,13
4164,2
4165,5
4166,11
4167,4
4168,30
4169,47
4170,51
4171,81
4172,88
4173,114
4174,91
4175,73
4176,81
4177,59
4178,63
4179,42
4180,55
4181,45
4182,50
4183,51
4184,37
4185,13
4186,33
4187,59
4188,126
4189,81
4190,78
4191,67
4192,23
4193,24
4194,44
4195,91
4196,75
4197,76
4198,41
4199,43
4200,79
4201,72
4202,24
4203,34
4204,33
4205,74
4206,85
4207,53
4208,28
4209,21
4210,53
4211,208
4212,143
4213,25
4214,13
4215,13
4216,28
4217,30
4218,3
4219,11
4220,6
4221,22
4222,24
4223,14
4224,15
4225,21
4226,16
4227,10
4228,15
4229,9
4230,19
4231,14
4232,4
4233,7
4234,13
4235,11
4236,22
4237,1
4238,3
4239,3
4240,5
4241,14
4242,19
4243,21
4244,4
4246,7
4247,1
4248,14
4249,19
4250,14
4251,9
4252,31
4253,7
4254,4
4255,11
4256,5
4257,24
4258,13
4259,17
4260,24
4261,3
4262,18
4263,23
4264,3
4265,39
4266,14
4267,16
4268,8
4269,7
4270,15
4271,1
4272,7
4273,20
4274,17
4275,14
4276,29
4277,12
4278,12
4279,21
4280,11
4281,1
4282,17
4283,10
4284,20
4285,9
4286,14
4287,6
4288,9
4289,5
4290,3
4291,4
4292,1
4293,17
4294,15
4295,6
4296,8
4297,16
4298,20
4299,1
4301,1
4302,1
4303,2
4304,4
4306,2
4307,10
4308,14
4309,9
4310,2
4311,3
4312,8
4313,1
4315,3
4316,3
4317,5
4318,2
4319,12
4320,10
4321,4
4322,6
4323,8
4324,7
4325,5
