0,52498
237,5
238,1
241,4
242,2
243,1
245,3
246,3
247,5
248,7
249,4
250,3
251,3
252,3
253,2
254,9
256,6
257,1
258,3
259,2
260,4
262,1
263,4
265,4
266,1
267,7
268,3
269,2
270,3
271,5
273,9
274,4
276,6
277,3
278,6
279,2
281,2
282,1
283,9
284,2
285,5
286,5
287,6
288,1
289,1
290,14
291,39
292,28
293,36
294,83
295,17
296,9
297,5
298,8
299,2
300,24
301,19
302,37
303,43
304,7
305,24
306,3
307,3
308,6
309,17
310,27
311,32
312,8
313,2
314,1
315,1
316,2
317,4
318,1
319,2
321,5
322,2
324,3
325,2
326,3
327,1
328,4
329,3
330,4
331,3
333,1
334,1
335,5
336,5
337,2
338,1
340,1
341,2
342,4
343,1
344,4
345,3
347,2
349,7
350,2
351,5
352,4
353,4
354,2
355,1
356,3
357,2
358,4
360,1
362,22
363,36
364,30
365,13
366,80
367,84
368,24
369,23
370,23
371,9
372,10
373,19
374,34
375,3
376,33
377,96
378,28
379,1
380,1
381,2
385,3
386,4
387,1
388,1
390,4
391,1
394,4
396,1
397,4
398,2
399,5
402,1
403,3
404,3
405,2
406,2
407,1
408,1
409,2
410,1
411,1
412,5
413,3
414,3
416,1
417,4
418,1
419,1
420,3
422,1
423,4
424,8
426,2
427,6
428,5
429,2
430,2
433,1
434,3
435,1
436,1
437,2
438,2
439,4
440,2
441,2
442,1
443,8
444,20
445,32
446,3
447,1
448,1
449,2
450,3
451,2
452,1
453,2
455,3
456,2
457,15
458,2
459,2
460,1
461,2
462,1
463,3
464,1
465,4
466,1
467,3
468,4
469,3
470,2
473,7
474,2
475,3
476,1
477,7
478,6
481,4
482,10
483,4
484,1
485,2
486,2
487,4
488,2
490,1
492,2
493,9
494,4
495,3
496,4
497,2
498,7
499,24
500,10
501,5
502,15
503,12
504,15
505,13
506,9
507,42
508,3
509,12
510,18
511,10
512,17
513,5
514,6
515,10
516,1
517,13
518,24
519,8
520,20
521,28
522,7
523,22
524,21
525,6
526,7
527,7
528,11
529,14
530,6
531,17
532,6
533,22
534,10
535,15
536,6
537,3
538,11
539,25
540,52
541,20
542,14
543,12
544,32
545,25
546,10
547,5
548,14
549,18
550,19
551,5
552,14
553,43
554,202
555,159
556,69
557,10
558,12
559,7
560,7
561,3
562,15
563,5
564,3
565,12
566,4
567,3
568,9
569,10
570,5
571,6
572,7
573,10
574,8
575,6
576,14
577,16
578,13
579,4
580,15
581,7
582,8
583,12
584,3
585,4
586,4
587,16
588,18
589,5
590,6
591,3
592,4
593,4
594,14
595,4
596,3
597,9
598,3
599,13
600,5
601,4
602,2
603,10
604,3
605,4
606,9
607,8
608,7
609,8
610,6
611,7
612,3
613,3
614,5
615,9
616,5
617,8
618,8
619,2
620,9
621,4
622,14
623,6
624,18
625,27
626,60
627,41
628,59
629,34
630,74
631,40
632,25
633,18
634,19
635,26
636,69
637,40
638,23
639,9
640,6
641,12
642,9
643,10
644,9
645,8
646,4
647,4
648,8
649,2
650,5
651,5
652,11
653,6
654,25
655,30
656,15
657,28
658,18
659,86
660,22
661,48
662,42
663,31
664,51
665,26
666,21
667,31
668,47
669,14
670,7
671,8
672,5
673,1
674,5
675,10
676,5
677,8
678,4
679,6
680,11
681,3
682,10
683,25
684,84
685,55
686,88
687,49
688,64
689,30
690,58
691,58
692,20
693,7
694,5
695,4
696,13
697,8
698,8
699,5
700,14
701,6
702,5
703,7
704,5
705,4
706,6
707,6
708,5
709,3
710,13
711,2
712,5
713,10
714,7
715,51
716,25
717,1
718,2
719,9
720,1
721,11
722,13
723,10
724,5
725,2
726,10
727,5
728,6
729,5
730,11
731,4
732,20
733,7
734,11
735,17
736,8
737,16
738,11
739,5
741,4
742,15
743,3
744,15
745,1
746,11
747,6
748,8
749,4
750,1
751,6
752,11
753,24
754,13
755,3
756,1
757,5
758,1
759,2
760,4
762,2
763,5
764,3
765,1
766,2
767,4
768,4
769,3
770,2
771,2
772,4
773,2
774,1
775,2
776,3
778,1
779,2
780,4
781,3
782,2
783,4
784,3
785,2
786,5
789,4
791,9
794,3
795,5
797,2
798,2
799,6
800,1
801,5
802,4
803,5
804,10
805,1
806,2
807,4
808,3
809,5
810,1
812,1
813,2
814,3
815,5
816,3
817,5
818,7
820,1
821,3
822,2
823,1
824,3
826,3
827,1
829,3
830,3
831,3
832,3
833,3
837,3
838,3
839,1
840,4
841,2
842,1
843,3
846,6
850,2
851,1
852,2
853,1
855,4
856,2
857,1
859,3
860,53
861,1
863,1
864,2
865,3
866,2
867,2
868,2
869,3
870,2
871,1
872,1
873,5
874,2
875,9
876,3
877,4
878,1
881,6
883,3
884,5
885,6
886,1
887,3
889,6
890,1
891,2
892,1
893,20
894,6
895,9
896,15
897,17
898,4
899,13
900,4
901,2
902,1
903,1
904,5
905,25
906,6
907,3
908,1
909,4
910,3
912,3
913,4
916,5
918,1
919,2
920,1
921,3
922,2
926,3
927,3
929,2
930,2
931,1
932,2
933,1
934,4
935,3
936,3
938,2
939,1
940,2
942,1
943,6
944,6
945,1
946,1
947,5
948,2
949,2
950,1
951,3
952,2
953,4
954,4
955,2
956,1
957,2
959,2
961,4
962,4
963,2
964,1
965,3
967,3
969,1
970,1
971,1
972,1
975,8
976,8
977,11
978,8
979,11
980,7
981,3
983,2
984,3
985,5
987,7
988,2
989,1
990,3
991,2
992,1
993,3
994,1
995,8
996,2
997,1
998,1
1000,1
1001,2
1002,6
1003,3
1004,9
1005,11
1006,1
1007,2
1008,1
1009,2
1010,2
1011,4
1012,2
1013,2
1015,3
1016,4
1018,1
1019,1
1021,4
1022,4
1023,2
1024,1
1025,5
1026,2
1028,1
1029,3
1030,3
1031,1
1033,1
1034,1
1035,3
1036,1
1037,1
1038,39
1039,87
1040,2
1041,4
1042,2
1043,1
1044,4
1045,3
1046,2
1047,1
1048,1
1049,1
1051,4
1052,1
1053,3
1054,1
1055,1
1056,4
1058,5
1059,3
1060,1
1061,2
1062,1
1063,1
1064,35
1065,30
1066,10
1067,28
1068,2
1069,20
1070,34
1071,33
1072,13
1073,1
1074,2
1075,3
1076,1
1077,3
1078,2
1079,2
1081,1
1082,1
1083,1
1085,5
1086,2
1087,1
1088,3
1089,5
1090,1
1092,2
1094,2
1095,3
1096,2
1097,1
1098,2
1100,2
1101,1
1102,13
1103,22
1104,58
1105,17
1106,16
1108,3
1109,1
1110,1
1111,2
1113,1
1114,1
1115,3
1116,4
1117,1
1118,3
1120,2
1121,2
1122,4
1123,2
1124,4
1125,2
1126,1
1128,1
1129,3
1130,1
1131,2
1132,1
1133,2
1134,3
1135,2
1136,1
1137,2
1140,28
1141,26
1142,2
1143,1
1144,1
1145,4
1146,1
1148,5
1149,2
1150,2
1151,4
1152,5
1153,13
1154,5
1155,3
1156,5
1157,4
1158,15
1159,51
1160,56
1161,22
1162,14
1163,46
1164,24
1165,20
1166,31
1167,27
1168,27
1169,36
1170,6
1171,16
1172,4
1173,5
1174,13
1175,3
1176,11
1177,7
1178,2
1179,15
1180,7
1181,10
1182,2
1183,1
1184,5
1185,9
1186,5
1187,2
1188,3
1189,7
1190,12
1191,3
1192,3
1193,9
1194,3
1195,5
1196,7
1197,15
1198,6
1199,3
1200,3
1201,2
1202,2
1203,4
1204,9
1205,22
1206,15
1207,20
1208,8
1209,63
1210,81
1211,45
1212,147
1213,14
1214,7
1215,12
1216,17
1217,23
1218,27
1219,66
1220,27
1221,22
1222,23
1223,1
1224,4
1225,7
1226,3
1227,9
1228,23
1229,22
1230,9
1231,8
1232,8
1233,14
1234,9
1235,8
1236,23
1237,13
1238,12
1239,2
1240,8
1241,16
1242,18
1243,15
1244,18
1245,30
1246,24
1247,17
1248,9
1249,6
1250,10
1251,10
1252,12
1253,17
1254,24
1255,10
1256,21
1257,11
1258,20
1259,18
1260,18
1261,12
1262,22
1263,18
1264,20
1265,164
1266,18
1267,20
1268,29
1269,54
1270,86
1271,89
1272,43
1273,46
1274,94
1275,39
1276,38
1277,73
1278,90
1279,83
1280,48
1281,44
1282,70
1283,94
1284,149
1285,158
1286,64
1287,122
1288,434
1289,88
1290,83
1291,95
1292,95
1293,85
1294,144
1295,71
1296,47
1297,81
1298,180
1299,118
1300,118
1301,65
1302,42
1303,99
1304,51
1305,46
1306,62
1307,69
1308,74
1309,70
1310,118
1311,48
1312,71
1313,100
1314,64
1315,111
1316,32
1317,87
1318,121
1319,60
1320,40
1321,38
1322,24
1323,24
1324,138
1325,27
1326,123
1327,74
1328,61
1329,55
1330,81
1331,68
1332,133
1333,94
1334,63
1335,89
1336,72
1337,61
1338,39
1339,72
1340,58
1341,30
1342,44
1343,21
1344,23
1345,13
1346,13
1347,20
1348,18
1349,79
1350,31
1351,25
1352,63
1353,66
1354,33
1355,149
1356,86
1357,95
1358,82
1359,117
1360,116
1361,111
1362,57
1363,71
1364,61
1365,63
1366,53
1367,330
1368,138
1369,139
1370,53
1371,198
1372,61
1373,104
1374,60
1375,36
1376,61
1377,58
1378,40
1379,55
1380,71
1381,69
1382,42
1383,64
1384,58
1385,74
1386,50
1387,159
1388,53
1389,72
1390,27
1391,70
1392,122
1393,101
1394,109
1395,69
1396,75
1397,298
1398,158
1399,86
1400,119
1401,89
1402,95
1403,172
1404,226
1405,283
1406,399
1407,277
1408,290
1409,238
1410,113
1411,153
1412,151
1413,158
1414,162
1415,184
1416,375
1417,557
1418,602
1419,369
1420,377
1421,338
1422,315
1423,387
1424,345
1425,657
1426,403
1427,320
1428,204
1429,217
1430,258
1431,373
1432,318
1433,248
1434,184
1435,472
1436,199
1437,159
1438,278
1439,138
1440,174
1441,205
1442,215
1443,199
1444,181
1445,148
1446,125
1447,118
1448,120
1449,125
1450,291
1451,106
1452,184
1453,196
1454,129
1455,161
1456,85
1457,113
1458,113
1459,106
1460,106
1461,149
1462,198
1463,119
1464,290
1465,301
1466,240
1467,310
1468,316
1469,320
1470,370
1471,521
1472,335
1473,303
1474,254
1475,264
1476,177
1477,890
1478,1631
1479,362
1480,455
1481,286
1482,371
1483,196
1484,140
1485,301
1486,161
1487,181
1488,180
1489,215
1490,352
1491,329
1492,288
1493,290
1494,259
1495,243
1496,228
1497,242
1498,396
1499,152
1500,244
1501,381
1502,221
1503,258
1504,166
1505,144
1506,113
1507,187
1508,241
1509,493
1510,289
1511,273
1512,291
1513,344
1514,191
1515,217
1516,204
1517,192
1518,209
1519,215
1520,165
1521,186
1522,283
1523,461
1524,203
1525,437
1526,476
1527,440
1528,273
1529,368
1530,291
1531,296
1532,286
1533,339
1534,325
1535,313
1536,427
1537,447
1538,430
1539,418
1540,457
1541,375
1542,451
1543,284
1544,393
1545,327
1546,448
1547,337
1548,298
1549,516
1550,436
1551,345
1552,327
1553,156
1554,204
1555,204
1556,193
1557,260
1558,181
1559,201
1560,334
1561,389
1562,189
1563,279
1564,189
1565,280
1566,230
1567,450
1568,905
1569,423
1570,347
1571,433
1572,408
1573,295
1574,367
1575,312
1576,417
1577,333
1578,295
1579,334
1580,399
1581,461
1582,1171
1583,413
1584,392
1585,470
1586,404
1587,419
1588,516
1589,364
1590,614
1591,849
1592,840
1593,567
1594,795
1595,668
1596,555
1597,835
1598,927
1599,958
1600,605
1601,564
1602,739
1603,744
1604,785
1605,724
1606,849
1607,755
1608,979
1609,576
1610,738
1611,674
1612,589
1613,1080
1614,1027
1615,874
1616,827
1617,784
1618,964
1619,884
1620,887
1621,1051
1622,846
1623,866
1624,997
1625,1410
1626,1052
1627,893
1628,1542
1629,680
1630,565
1631,838
1632,805
1633,955
1634,1423
1635,1232
1636,1347
1637,1472
1638,1142
1639,1271
1640,2414
1641,1745
1642,2077
1643,1605
1644,911
1645,1034
1646,979
1647,762
1648,839
1649,869
1650,876
1651,2103
1652,1136
1653,1019
1654,1109
1655,1061
1656,1717
1657,1220
1658,1448
1659,1959
1660,2127
1661,1914
1662,2507
1663,2448
1664,2790
1665,1649
1666,1934
1667,1962
1668,1657
1669,1905
1670,2536
1671,2293
1672,3077
1673,3252
1674,2966
1675,2214
1676,2402
1677,2106
1678,2343
1679,2419
1680,1833
1681,2051
1682,1996
1683,2633
1684,2125
1685,2029
1686,2054
1687,2572
1688,2568
1689,2893
1690,3038
1691,3400
1692,3763
1693,3531
1694,3520
1695,3254
1696,2995
1697,3041
1698,3244
1699,2941
1700,5492
1701,3779
1702,4198
1703,3357
1704,3786
1705,3934
1706,4233
1707,4453
1708,3953
1709,4602
1710,3859
1711,5031
1712,4888
1713,5508
1714,5748
1715,6075
1716,6886
1717,6182
1718,5247
1719,7097
1720,6385
1721,6785
1722,6743
1723,6887
1724,6679
1725,6329
1726,7290
1727,6685
1728,7932
1729,6742
1730,7423
1731,6509
1732,6411
1733,6305
1734,8576
1735,7146
1736,7958
1737,8069
1738,8090
1739,8564
1740,9137
1741,10496
1742,10793
1743,9996
1744,11673
1745,11185
1746,12489
1747,12836
1748,12374
1749,13023
1750,12980
1751,14597
1752,17581
1753,14828
1754,14685
1755,14888
1756,15320
1757,16695
1758,18517
1759,16599
1760,18478
1761,23512
1762,19071
1763,21454
1764,21979
1765,21924
1766,29169
1767,28004
1768,28816
1769,36034
1770,30590
1771,32347
1772,33826
1773,35784
1774,36631
1775,40237
1776,40930
1777,42207
1778,45843
1779,56769
1780,58621
1781,61925
1782,68174
1783,71816
1784,93592
1785,100266
1786,102923
1787,119283
1788,138093
1789,150012
1790,163708
1791,195802
1792,231358
1793,276761
1794,380298
1795,463873
1796,589487
1797,814625
1798,1282975
1799,2855264
1800,28397232
1801,38448
1802,27487
1803,27833
1804,25320
1805,25515
1806,26047
1807,28618
1808,26479
1809,23422
1810,28434
1811,29269
1812,28484
1813,30121
1814,27481
1815,27369
1816,22739
1817,22022
1818,21238
1819,22920
1820,20595
1821,19982
1822,19218
1823,19211
1824,20950
1825,21153
1826,19453
1827,18733
1828,18368
1829,18122
1830,17667
1831,19208
1832,19786
1833,21878
1834,22370
1835,20738
1836,16713
1837,18058
1838,17966
1839,19848
1840,19481
1841,17224
1842,17158
1843,15821
1844,15268
1845,16149
1846,15592
1847,18348
1848,17025
1849,17162
1850,14249
1851,14842
1852,14594
1853,13622
1854,14019
1855,15473
1856,17067
1857,14721
1858,16268
1859,20152
1860,15306
1861,16428
1862,16303
1863,18769
1864,16427
1865,16775
1866,17975
1867,18655
1868,18650
1869,18006
1870,18590
1871,18002
1872,17573
1873,18407
1874,19931
1875,19418
1876,17328
1877,16554
1878,15537
1879,14634
1880,15542
1881,15331
1882,16293
1883,16156
1884,15776
1885,16183
1886,14646
1887,14206
1888,13964
1889,16160
1890,14007
1891,15113
1892,16330
1893,20882
1894,17221
1895,14443
1896,11869
1897,10887
1898,12649
1899,14336
1900,13951
1901,13504
1902,12089
1903,11664
1904,11570
1905,12704
1906,10786
1907,10849
1908,10931
1909,12740
1910,15033
1911,16784
1912,13088
1913,13190
1914,14710
1915,13183
1916,13059
1917,10623
1918,11246
1919,10580
1920,10964
1921,11804
1922,10908
1923,11856
1924,12807
1925,9741
1926,10418
1927,9662
1928,10468
1929,9667
1930,10127
1931,9712
1932,9490
1933,8927
1934,9405
1935,9686
1936,9461
1937,11635
1938,11094
1939,10648
1940,12294
1941,10522
1942,9896
1943,10625
1944,10528
1945,10715
1946,10377
1947,9675
1948,9947
1949,10241
1950,10280
1951,9141
1952,10630
1953,10769
1954,9319
1955,7439
1956,9264
1957,8872
1958,8954
1959,8405
1960,9033
1961,9366
1962,8708
1963,9178
1964,9923
1965,10619
1966,10352
1967,11537
1968,9565
1969,9881
1970,11254
1971,10185
1972,9254
1973,9948
1974,8313
1975,8287
1976,6688
1977,7616
1978,7306
1979,8283
1980,8729
1981,7979
1982,8203
1983,8717
1984,8849
1985,9598
1986,10363
1987,9898
1988,8772
1989,8024
1990,7881
1991,8930
1992,8748
1993,7355
1994,8071
1995,8926
1996,10041
1997,12701
1998,13783
1999,13220
2000,10837
2001,9477
2002,9387
2003,8582
2004,8275
2005,6936
2006,6810
2007,8110
2008,8273
2009,8053
2010,8424
2011,9257
2012,8379
2013,7966
2014,7490
2015,8838
2016,8715
2017,8489
2018,9290
2019,9227
2020,8830
2021,10756
2022,11749
2023,13935
2024,13860
2025,11781
2026,12523
2027,11000
2028,11927
2029,11861
2030,11734
2031,11009
2032,11948
2033,12583
2034,13439
2035,12034
2036,14224
2037,12378
2038,11600
2039,11272
2040,9691
2041,9265
2042,9127
2043,8971
2044,7470
2045,8294
2046,7928
2047,8731
2048,7363
2049,7368
2050,6915
2051,8707
2052,9574
2053,9788
2054,11085
2055,10442
2056,11184
2057,12291
2058,13110
2059,11244
2060,10601
2061,11272
2062,11390
2063,11858
2064,13850
2065,14651
2066,14164
2067,14792
2068,14063
2069,12680
2070,12613
2071,13284
2072,12734
2073,11703
2074,11168
2075,11652
2076,11782
2077,13858
2078,12882
2079,13093
2080,13135
2081,13891
2082,15226
2083,14134
2084,15715
2085,17512
2086,13979
2087,14450
2088,11884
2089,14567
2090,14961
2091,11736
2092,10775
2093,10409
2094,9220
2095,8894
2096,8971
2097,10538
2098,11874
2099,12887
2100,14172
2101,16203
2102,19795
2103,22228
2104,25589
2105,25285
2106,28104
2107,26297
2108,25245
2109,23382
2110,21675
2111,18766
2112,15659
2113,16118
2114,15634
2115,16456
2116,17594
2117,15368
2118,14442
2119,10883
2120,10659
2121,10780
2122,9911
2123,11338
2124,11326
2125,9665
2126,8801
2127,8563
2128,9680
2129,9633
2130,8144
2131,8996
2132,10681
2133,9205
2134,9702
2135,8799
2136,7774
2137,7615
2138,5797
2139,6672
2140,7825
2141,8108
2142,8043
2143,7890
2144,7030
2145,6083
2146,5920
2147,6441
2148,7325
2149,6876
2150,6792
2151,7823
2152,8610
2153,7271
2154,6213
2155,7034
2156,7045
2157,6812
2158,7244
2159,7384
2160,7119
2161,6622
2162,6684
2163,7881
2164,8660
2165,8308
2166,6399
2167,6304
2168,7010
2169,7159
2170,7171
2171,8080
2172,7119
2173,8166
2174,7334
2175,7592
2176,7587
2177,7634
2178,8245
2179,7428
2180,7790
2181,7496
2182,7722
2183,6957
2184,8062
2185,8352
2186,9139
2187,7183
2188,6950
2189,7351
2190,8522
2191,9105
2192,9069
2193,8549
2194,7981
2195,8596
2196,8015
2197,7358
2198,7033
2199,7968
2200,8395
2201,8529
2202,7269
2203,6339
2204,5640
2205,5983
2206,5720
2207,5588
2208,6181
2209,6950
2210,7272
2211,6434
2212,6618
2213,6340
2214,7298
2215,7266
2216,6562
2217,6230
2218,6471
2219,6376
2220,6393
2221,7020
2222,6818
2223,6044
2224,6343
2225,5596
2226,4994
2227,5505
2228,5297
2229,5413
2230,5915
2231,6051
2232,5240
2233,4223
2234,4442
2235,5471
2236,5688
2237,5898
2238,5837
2239,5856
2240,6157
2241,6313
2242,6663
2243,6365
2244,7176
2245,7779
2246,7170
2247,7191
2248,6901
2249,7306
2250,7287
2251,6976
2252,6061
2253,5663
2254,5744
2255,6072
2256,6077
2257,5949
2258,6003
2259,6234
2260,6141
2261,7355
2262,7213
2263,8390
2264,7828
2265,7228
2266,6757
2267,6168
2268,5811
2269,5819
2270,5500
2271,5487
2272,5267
2273,5922
2274,6002
2275,6423
2276,6244
2277,6518
2278,6331
2279,6322
2280,5852
2281,5800
2282,5322
2283,6028
2284,7500
2285,5707
2286,5806
2287,5647
2288,5733
2289,5964
2290,6119
2291,6892
2292,6220
2293,4979
2294,5090
2295,5894
2296,5075
2297,4473
2298,5087
2299,5745
2300,6253
2301,6984
2302,7025
2303,6279
2304,6195
2305,6191
2306,5368
2307,6107
2308,5779
2309,5295
2310,5433
2311,4822
2312,4605
2313,5365
2314,5857
2315,6273
2316,6329
2317,6126
2318,5915
2319,4962
2320,4946
2321,5463
2322,5288
2323,6076
2324,5417
2325,5921
2326,5251
2327,5369
2328,5229
2329,5396
2330,5390
2331,4801
2332,5176
2333,5052
2334,5364
2335,5449
2336,5705
2337,5256
2338,5211
2339,4813
2340,5334
2341,4883
2342,4855
2343,4940
2344,4812
2345,4731
2346,4824
2347,4999
2348,4861
2349,4952
2350,4913
2351,4407
2352,4581
2353,4588
2354,4788
2355,4338
2356,4346
2357,4268
2358,3779
2359,4029
2360,4288
2361,4638
2362,4863
2363,4940
2364,5770
2365,5983
2366,5350
2367,5527
2368,4769
2369,4573
2370,4436
2371,4527
2372,3653
2373,3955
2374,3953
2375,3736
2376,3751
2377,4762
2378,5158
2379,5141
2380,4571
2381,3702
2382,4014
2383,3789
2384,3717
2385,3382
2386,3498
2387,3592
2388,3818
2389,3568
2390,3663
2391,4638
2392,4086
2393,4726
2394,4399
2395,3558
2396,3249
2397,3414
2398,2947
2399,3582
2400,3894
2401,4080
2402,4223
2403,4560
2404,4388
2405,3784
2406,4011
2407,3986
2408,3786
2409,3914
2410,4827
2411,4735
2412,5038
2413,4280
2414,4564
2415,4374
2416,4236
2417,4091
2418,4461
2419,5146
2420,5507
2421,5751
2422,9925
2423,5505
2424,4663
2425,4322
2426,4674
2427,5168
2428,6158
2429,5529
2430,5247
2431,5388
2432,5801
2433,6727
2434,6552
2435,6181
2436,7755
2437,9133
2438,7019
2439,6609
2440,6468
2441,5520
2442,6245
2443,5858
2444,6359
2445,5496
2446,6950
2447,6132
2448,6586
2449,6574
2450,6187
2451,7111
2452,8790
2453,7983
2454,8635
2455,9474
2456,9058
2457,9064
2458,9501
2459,8223
2460,8471
2461,8382
2462,8625
2463,7984
2464,8792
2465,8989
2466,8214
2467,9685
2468,8771
2469,7929
2470,7139
2471,7495
2472,7474
2473,7214
2474,7654
2475,6548
2476,6586
2477,5759
2478,5326
2479,5995
2480,5489
2481,5534
2482,5409
2483,4798
2484,4308
2485,4265
2486,4228
2487,4800
2488,6549
2489,4288
2490,4587
2491,5230
2492,5788
2493,5203
2494,4976
2495,5345
2496,5393
2497,5214
2498,4922
2499,4575
2500,4432
2501,4984
2502,5411
2503,5440
2504,5102
2505,4977
2506,6566
2507,6179
2508,5665
2509,5637
2510,5255
2511,5846
2512,5772
2513,5344
2514,5864
2515,5638
2516,4672
2517,4567
2518,4661
2519,5219
2520,6028
2521,5738
2522,4708
2523,5866
2524,5907
2525,4789
2526,5013
2527,4347
2528,3537
2529,3010
2530,3332
2531,3206
2532,3153
2533,4291
2534,4913
2535,4327
2536,2713
2537,2874
2538,3343
2539,4237
2540,4407
2541,5152
2542,5802
2543,5542
2544,5971
2545,5167
2546,4734
2547,3950
2548,4355
2549,3509
2550,3570
2551,3370
2552,3355
2553,3816
2554,3725
2555,3676
2556,3816
2557,4937
2558,3824
2559,3018
2560,4620
2561,5010
2562,5955
2563,4118
2564,4048
2565,5121
2566,5107
2567,3745
2568,4161
2569,3853
2570,3428
2571,4087
2572,3095
2573,3806
2574,4187
2575,5568
2576,5333
2577,4161
2578,4076
2579,3777
2580,3215
2581,3593
2582,3098
2583,2939
2584,2664
2585,3712
2586,3670
2587,2719
2588,3024
2589,3573
2590,3583
2591,3764
2592,3228
2593,3868
2594,4191
2595,3627
2596,4609
2597,4915
2598,4891
2599,5211
2600,4465
2601,5183
2602,4378
2603,4032
2604,3412
2605,3949
2606,5562
2607,4721
2608,5665
2609,4784
2610,4686
2611,5194
2612,4439
2613,4077
2614,4674
2615,4452
2616,4287
2617,4628
2618,4509
2619,3324
2620,3974
2621,4545
2622,3827
2623,3830
2624,5890
2625,4713
2626,3706
2627,4377
2628,4750
2629,5126
2630,4217
2631,4464
2632,4899
2633,5170
2634,4865
2635,3489
2636,4344
2637,4503
2638,4176
2639,3998
2640,4383
2641,4094
2642,3948
2643,3338
2644,2353
2645,3221
2646,3192
2647,4562
2648,4241
2649,5105
2650,3943
2651,4231
2652,4935
2653,4633
2654,4360
2655,4118
2656,3502
2657,3756
2658,3727
2659,4129
2660,4955
2661,4501
2662,3642
2663,3669
2664,3162
2665,3906
2666,3247
2667,2726
2668,2939
2669,2974
2670,3114
2671,3813
2672,3879
2673,4305
2674,5525
2675,5067
2676,4813
2677,5257
2678,6128
2679,5033
2680,4625
2681,4167
2682,3996
2683,4415
2684,4952
2685,4205
2686,5340
2687,5108
2688,4281
2689,3635
2690,3338
2691,3974
2692,3148
2693,3690
2694,3234
2695,3066
2696,3065
2697,2968
2698,3148
2699,2808
2700,2768
2701,2715
2702,2386
2703,2247
2704,2845
2705,2849
2706,2581
2707,3252
2708,3992
2709,4207
2710,3864
2711,3305
2712,3677
2713,2908
2714,3609
2715,3088
2716,3124
2717,2611
2718,3703
2719,2815
2720,3022
2721,2907
2722,3005
2723,2966
2724,2849
2725,2937
2726,3429
2727,3744
2728,4287
2729,4552
2730,3422
2731,2937
2732,2637
2733,3825
2734,3271
2735,3717
2736,3112
2737,4062
2738,2773
2739,3390
2740,3451
2741,3655
2742,3129
2743,3266
2744,2578
2745,2859
2746,2575
2747,2639
2748,3278
2749,2897
2750,3152
2751,2676
2752,2819
2753,2416
2754,2544
2755,2625
2756,2473
2757,3177
2758,2661
2759,3130
2760,2188
2761,2394
2762,2735
2763,2822
2764,3125
2765,2141
2766,2559
2767,2260
2768,2035
2769,2820
2770,1967
2771,2502
2772,2569
2773,2459
2774,2330
2775,3067
2776,2964
2777,3822
2778,2573
2779,2442
2780,2912
2781,2039
2782,2767
2783,1714
2784,2138
2785,3854
2786,2616
2787,2815
2788,3168
2789,2415
2790,2951
2791,3897
2792,3627
2793,2917
2794,2544
2795,2796
2796,2147
2797,2058
2798,2990
2799,2991
2800,1831
2801,2089
2802,2088
2803,2086
2804,2968
2805,1617
2806,1819
2807,1671
2808,1914
2809,1976
2810,1655
2811,2667
2812,2605
2813,4097
2814,3050
2815,2910
2816,3133
2817,3003
2818,2886
2819,2927
2820,2976
2821,2135
2822,2853
2823,1878
2824,3348
2825,3157
2826,3282
2827,3459
2828,2832
2829,1894
2830,2080
2831,2845
2832,3176
2833,2883
2834,1877
2835,2571
2836,1603
2837,2277
2838,1561
2839,2380
2840,2059
2841,2755
2842,3211
2843,4208
2844,3322
2845,2530
2846,2967
2847,2337
2848,1780
2849,1778
2850,1764
2851,2131
2852,1986
2853,1870
2854,1944
2855,1626
2856,1642
2857,1734
2858,2030
2859,1901
2860,2220
2861,2253
2862,2404
2863,1862
2864,2284
2865,2232
2866,2653
2867,1808
2868,1782
2869,2097
2870,2914
2871,1928
2872,1404
2873,2229
2874,1378
2875,1861
2876,1427
2877,1773
2878,2219
2879,2457
2880,1929
2881,2239
2882,2690
2883,2631
2884,2587
2885,3825
2886,4545
2887,3363
2888,3338
2889,1644
2890,2763
2891,2143
2892,2779
2893,2763
2894,2705
2895,2838
2896,2418
2897,2682
2898,3545
2899,3700
2900,4111
2901,4689
2902,4644
2903,4450
2904,5973
2905,4602
2906,3776
2907,2865
2908,2941
2909,2190
2910,2757
2911,2450
2912,3093
2913,2751
2914,3234
2915,2556
2916,2544
2917,2316
2918,1958
2919,1477
2920,2219
2921,3568
2922,4817
2923,4074
2924,3916
2925,3095
2926,2445
2927,2517
2928,1736
2929,2273
2930,1870
2931,2166
2932,1426
2933,1492
2934,2220
2935,2735
2936,2579
2937,2135
2938,2494
2939,2393
2940,1707
2941,1674
2942,1941
2943,2750
2944,1867
2945,3336
2946,3030
2947,2838
2948,3004
2949,2797
2950,2285
2951,2283
2952,2472
2953,2293
2954,1953
2955,1782
2956,1631
2957,1311
2958,1673
2959,1431
2960,1782
2961,1909
2962,2435
2963,1859
2964,1756
2965,2163
2966,2886
2967,1988
2968,2472
2969,1914
2970,2370
2971,1488
2972,2372
2973,1216
2974,1740
2975,1662
2976,2869
2977,3696
2978,3833
2979,3707
2980,3580
2981,2574
2982,3097
2983,3190
2984,2619
2985,2815
2986,3387
2987,2936
2988,3022
2989,2781
2990,2954
2991,2691
2992,2219
2993,2438
2994,2602
2995,2082
2996,2360
2997,2665
2998,2710
2999,3857
3000,4199
3001,4739
3002,3494
3003,3313
3004,3116
3005,2558
3006,2756
3007,2249
3008,2205
3009,2639
3010,2461
3011,1694
3012,2251
3013,2210
3014,3137
3015,3728
3016,3431
3017,2305
3018,2473
3019,2465
3020,2159
3021,2321
3022,2768
3023,3239
3024,3314
3025,3062
3026,2656
3027,3128
3028,4345
3029,3505
3030,2389
3031,2209
3032,2404
3033,2204
3034,1725
3035,1753
3036,1921
3037,1923
3038,1449
3039,1144
3040,1113
3041,945
3042,1330
3043,1387
3044,1127
3045,951
3046,960
3047,2024
3048,1491
3049,1789
3050,1210
3051,1569
3052,1597
3053,1942
3054,1915
3055,2581
3056,4181
3057,4747
3058,3270
3059,2361
3060,2386
3061,1645
3062,1888
3063,2309
3064,1738
3065,2201
3066,2502
3067,2475
3068,2724
3069,2457
3070,2529
3071,2659
3072,3224
3073,2651
3074,2173
3075,2419
3076,2326
3077,2715
3078,2469
3079,2242
3080,1513
3081,1930
3082,1589
3083,1339
3084,1930
3085,2047
3086,2501
3087,3027
3088,3613
3089,3483
3090,3878
3091,4738
3092,3480
3093,2610
3094,1896
3095,1632
3096,1520
3097,2299
3098,3045
3099,3760
3100,4113
3101,6291
3102,7566
3103,9558
3104,9976
3105,7852
3106,6024
3107,5006
3108,4708
3109,3880
3110,2507
3111,1859
3112,2627
3113,2583
3114,1919
3115,2523
3116,3518
3117,3423
3118,2940
3119,2196
3120,1323
3121,1091
3122,989
3123,723
3124,737
3125,942
3126,834
3127,760
3128,751
3129,675
3130,699
3131,566
3132,687
3133,530
3134,606
3135,619
3136,495
3137,664
3138,912
3139,908
3140,769
3141,659
3142,854
3143,696
3144,860
3145,720
3146,704
3147,885
3148,799
3149,1039
3150,1109
3151,1061
3152,987
3153,960
3154,914
3155,792
3156,897
3157,881
3158,1157
3159,791
3160,967
3161,926
3162,962
3163,849
3164,889
3165,901
3166,1040
3167,1133
3168,1098
3169,770
3170,599
3171,686
3172,674
3173,455
3174,713
3175,839
3176,665
3177,805
3178,867
3179,845
3180,575
3181,517
3182,555
3183,498
3184,436
3185,320
3186,408
3187,417
3188,365
3189,417
3190,491
3191,462
3192,432
3193,405
3194,788
3195,888
3196,552
3197,688
3198,481
3199,429
3200,492
3201,604
3202,652
3203,789
3204,691
3205,586
3206,515
3207,410
3208,838
3209,657
3210,431
3211,544
3212,627
3213,805
3214,1060
3215,1002
3216,1024
3217,969
3218,1069
3219,1152
3220,986
3221,689
3222,786
3223,699
3224,433
3225,533
3226,532
3227,924
3228,628
3229,638
3230,847
3231,725
3232,669
3233,666
3234,854
3235,651
3236,712
3237,612
3238,618
3239,608
3240,454
3241,346
3242,405
3243,427
3244,380
3245,347
3246,485
3247,611
3248,664
3249,584
3250,463
3251,464
3252,550
3253,573
3254,587
3255,588
3256,814
3257,549
3258,460
3259,410
3260,537
3261,644
3262,463
3263,497
3264,504
3265,477
3266,739
3267,523
3268,485
3269,641
3270,544
3271,408
3272,452
3273,562
3274,461
3275,469
3276,590
3277,802
3278,510
3279,667
3280,1188
3281,384
3282,596
3283,692
3284,702
3285,915
3286,848
3287,689
3288,534
3289,416
3290,374
3291,547
3292,574
3293,545
3294,583
3295,460
3296,429
3297,583
3298,625
3299,409
3300,461
3301,398
3302,434
3303,407
3304,387
3305,428
3306,442
3307,458
3308,399
3309,611
3310,505
3311,523
3312,641
3313,495
3314,571
3315,577
3316,686
3317,554
3318,650
3319,508
3320,461
3321,424
3322,411
3323,433
3324,500
3325,455
3326,439
3327,412
3328,443
3329,462
3330,465
3331,524
3332,681
3333,481
3334,637
3335,438
3336,443
3337,619
3338,486
3339,357
3340,463
3341,416
3342,517
3343,500
3344,539
3345,746
3346,593
3347,820
3348,703
3349,761
3350,933
3351,809
3352,824
3353,862
3354,895
3355,760
3356,715
3357,776
3358,906
3359,693
3360,752
3361,938
3362,1047
3363,1112
3364,895
3365,1104
3366,850
3367,1179
3368,1071
3369,844
3370,697
3371,633
3372,642
3373,607
3374,644
3375,635
3376,557
3377,760
3378,581
3379,471
3380,388
3381,648
3382,735
3383,536
3384,459
3385,558
3386,456
3387,520
3388,574
3389,714
3390,659
3391,660
3392,853
3393,689
3394,692
3395,592
3396,543
3397,616
3398,595
3399,574
3400,696
3401,814
3402,784
3403,852
3404,463
3405,519
3406,712
3407,666
3408,783
3409,770
3410,726
3411,1076
3412,858
3413,867
3414,1012
3415,1015
3416,974
3417,1163
3418,1044
3419,873
3420,714
3421,680
3422,602
3423,702
3424,563
3425,718
3426,620
3427,715
3428,835
3429,821
3430,704
3431,916
3432,778
3433,762
3434,964
3435,1205
3436,898
3437,725
3438,842
3439,783
3440,844
3441,1059
3442,658
3443,741
3444,1731
3445,1108
3446,1120
3447,945
3448,721
3449,744
3450,755
3451,974
3452,816
3453,909
3454,675
3455,448
3456,559
3457,729
3458,830
3459,815
3460,648
3461,494
3462,585
3463,564
3464,634
3465,739
3466,782
3467,813
3468,1143
3469,1041
3470,772
3471,859
3472,922
3473,862
3474,792
3475,625
3476,637
3477,612
3478,753
3479,747
3480,952
3481,731
3482,838
3483,771
3484,705
3485,709
3486,774
3487,1133
3488,941
3489,1253
3490,1254
3491,1042
3492,1271
3493,1114
3494,1002
3495,968
3496,1068
3497,873
3498,829
3499,632
3500,730
3501,884
3502,876
3503,1014
3504,984
3505,911
3506,810
3507,687
3508,726
3509,816
3510,852
3511,972
3512,783
3513,741
3514,1060
3515,1590
3516,1377
3517,1185
3518,1098
3519,1151
3520,1129
3521,986
3522,1010
3523,719
3524,911
3525,1326
3526,1033
3527,1166
3528,991
3529,1059
3530,1279
3531,1177
3532,984
3533,1203
3534,1213
3535,1173
3536,1101
3537,1016
3538,1249
3539,1063
3540,1096
3541,1146
3542,1165
3543,1255
3544,1125
3545,1399
3546,1129
3547,620
3548,746
3549,666
3550,790
3551,1079
3552,1084
3553,981
3554,1055
3555,1174
3556,1021
3557,1017
3558,860
3559,1183
3560,793
3561,783
3562,701
3563,637
3564,659
3565,671
3566,739
3567,788
3568,1169
3569,1003
3570,987
3571,975
3572,695
3573,928
3574,641
3575,673
3576,802
3577,749
3578,849
3579,854
3580,777
3581,1000
3582,730
3583,797
3584,891
3585,803
3586,746
3587,766
3588,741
3589,709
3590,798
3591,1187
3592,1171
3593,648
3594,542
3595,742
3596,934
3597,906
3598,622
3599,866
3600,844
3601,646
3602,739
3603,600
3604,734
3605,856
3606,749
3607,812
3608,591
3609,520
3610,611
3611,701
3612,633
3613,655
3614,725
3615,545
3616,444
3617,638
3618,777
3619,807
3620,639
3621,589
3622,761
3623,799
3624,957
3625,950
3626,986
3627,1080
3628,883
3629,706
3630,699
3631,789
3632,636
3633,738
3634,811
3635,1065
3636,866
3637,714
3638,666
3639,840
3640,698
3641,591
3642,638
3643,603
3644,721
3645,639
3646,674
3647,780
3648,612
3649,622
3650,533
3651,1346
3652,537
3653,424
3654,634
3655,632
3656,757
3657,604
3658,636
3659,737
3660,740
3661,631
3662,543
3663,599
3664,779
3665,741
3666,654
3667,681
3668,568
3669,527
3670,556
3671,879
3672,1026
3673,871
3674,836
3675,805
3676,1198
3677,1012
3678,1153
3679,1188
3680,776
3681,632
3682,683
3683,800
3684,757
3685,680
3686,716
3687,649
3688,698
3689,584
3690,901
3691,1177
3692,1277
3693,1339
3694,1632
3695,1266
3696,1389
3697,1561
3698,1657
3699,1601
3700,1477
3701,1733
3702,1491
3703,1393
3704,1812
3705,1983
3706,1895
3707,2099
3708,1653
3709,1781
3710,1921
3711,1943
3712,1657
3713,1722
3714,1507
3715,1301
3716,902
3717,939
3718,999
3719,1277
3720,1312
3721,1567
3722,972
3723,621
3724,606
3725,646
3726,659
3727,664
3728,895
3729,936
3730,730
3731,1960
3732,643
3733,630
3734,773
3735,694
3736,554
3737,633
3738,713
3739,801
3740,697
3741,799
3742,796
3743,712
3744,674
3745,732
3746,511
3747,583
3748,716
3749,555
3750,684
3751,674
3752,583
3753,499
3754,549
3755,535
3756,540
3757,536
3758,382
3759,465
3760,449
3761,540
3762,562
3763,561
3764,386
3765,351
3766,395
3767,478
3768,459
3769,418
3770,475
3771,590
3772,533
3773,469
3774,370
3775,243
3776,311
3777,354
3778,484
3779,426
3780,416
3781,407
3782,466
3783,508
3784,738
3785,553
3786,802
3787,498
3788,469
3789,497
3790,592
3791,455
3792,507
3793,483
3794,544
3795,423
3796,464
3797,527
3798,448
3799,431
3800,506
3801,533
3802,687
3803,616
3804,783
3805,831
3806,767
3807,864
3808,675
3809,575
3810,599
3811,503
3812,640
3813,527
3814,511
3815,446
3816,518
3817,484
3818,450
3819,338
3820,370
3821,260
3822,238
3823,346
3824,394
3825,302
3826,349
3827,293
3828,332
3829,346
3830,403
3831,414
3832,532
3833,480
3834,717
3835,406
3836,384
3837,377
3838,374
3839,377
3840,311
3841,412
3842,262
3843,258
3844,272
3845,318
3846,358
3847,430
3848,258
3849,235
3850,397
3851,329
3852,453
3853,470
3854,397
3855,420
3856,297
3857,256
3858,206
3859,220
3860,236
3861,359
3862,265
3863,308
3864,328
3865,277
3866,362
3867,389
3868,310
3869,834
3870,530
3871,451
3872,335
3873,348
3874,294
3875,332
3876,356
3877,538
3878,375
3879,383
3880,429
3881,490
3882,566
3883,566
3884,512
3885,543
3886,357
3887,354
3888,547
3889,458
3890,487
3891,542
3892,468
3893,547
3894,419
3895,509
3896,461
3897,435
3898,482
3899,577
3900,462
3901,340
3902,317
3903,332
3904,306
3905,357
3906,426
3907,498
3908,498
3909,520
3910,504
3911,437
3912,444
3913,440
3914,1531
3915,472
3916,380
3917,373
3918,449
3919,549
3920,898
3921,745
3922,644
3923,611
3924,515
3925,597
3926,510
3927,623
3928,422
3929,438
3930,504
3931,649
3932,689
3933,785
3934,744
3935,565
3936,611
3937,506
3938,563
3939,494
3940,607
3941,602
3942,386
3943,376
3944,465
3945,764
3946,624
3947,333
3948,365
3949,375
3950,361
3951,452
3952,517
3953,518
3954,393
3955,581
3956,446
3957,402
3958,234
3959,180
3960,166
3961,187
3962,216
3963,240
3964,232
3965,285
3966,246
3967,195
3968,151
3969,156
3970,121
3971,192
3972,296
3973,329
3974,223
3975,128
3976,196
3977,199
3978,169
3979,190
3980,122
3981,161
3982,178
3983,156
3984,206
3985,238
3986,94
3987,43
3988,60
3989,70
3990,88
3991,75
3992,63
3993,92
3994,59
3995,35
3996,35
3997,41
3998,45
3999,59
4000,32
4001,43
4002,41
4003,42
4004,50
4005,57
4006,65
4007,169
4008,65
4009,139
4010,193
4011,99
4012,49
4013,92
4014,87
4015,166
4016,89
4017,96
4018,72
4019,60
4020,84
4021,88
4022,68
4023,74
4024,75
4025,57
4026,55
4027,89
4028,108
4029,100
4030,111
4031,123
4032,61
4033,59
4034,80
4035,70
4036,96
4037,89
4038,137
4039,84
4040,89
4041,55
4042,47
4043,80
4044,95
4045,116
4046,133
4047,89
4048,79
4049,69
4050,89
4051,109
4052,105
4053,102
4054,99
4055,210
4056,153
4057,192
4058,194
4059,108
4060,108
4061,161
4062,124
4063,63
4064,55
4065,115
4066,487
4067,496
4068,268
4069,578
4070,565
4071,332
4072,322
4073,371
4074,229
4075,118
4076,153
4077,260
4078,142
4079,90
4080,92
4081,125
4082,121
4083,165
4084,123
4085,96
4086,83
4087,92
4088,103
4089,105
4090,70
4091,115
4092,112
4093,108
4094,129
4095,184
4096,167
4097,248
4098,123
4099,100
4100,91
4101,130
4102,174
4103,62
4104,91
4105,81
4106,85
4107,83
4108,98
4109,94
4110,148
4111,114
4112,83
4113,96
4114,113
4115,59
4116,59
4117,47
4118,75
4119,104
4120,212
4121,185
4122,172
4123,114
4124,142
4125,86
4126,56
4127,56
4128,46
4129,35
4130,39
4131,78
4132,81
4133,86
4134,132
4135,109
4136,115
4137,122
4138,104
4139,141
4140,595
4141,585
4142,471
4143,622
4144,632
4145,580
4146,534
4147,531
4148,425
4149,492
4150,791
4151,242
4152,273
4153,362
4154,336
4155,322
4156,280
4157,295
4158,264
4159,222
4160,324
4161,221
4162,308
4163,232
4164,324
4165,386
4166,394
4167,427
4168,468
4169,364
4170,430
4171,372
4172,309
4173,278
4174,260
4175,368
4176,154
4177,174
4178,200
4179,103
4180,100
4181,127
4182,153
4183,144
4184,106
4185,135
4186,101
4187,117
4188,94
4189,137
4190,212
4191,147
4192,174
4193,143
4194,178
4195,103
4196,103
4197,98
4198,85
4199,120
4200,134
4201,134
4202,117
4203,149
4204,121
4205,205
4206,248
4207,174
4208,119
4209,148
4210,133
4211,148
4212,96
4213,49
4214,63
4215,56
4216,74
4217,57
4218,92
4219,73
4220,79
4221,65
4222,105
4223,124
4224,67
4225,88
4226,106
4227,161
4228,210
4229,184
4230,94
4231,94
4232,97
4233,117
4234,66
4235,73
4236,75
4237,64
4238,99
4239,124
4240,154
4241,158
4242,143
4243,126
4244,65
4245,92
4246,133
4247,129
4248,65
4249,103
4250,103
4251,124
4252,192
4253,184
4254,139
4255,182
4256,199
4257,281
4258,251
4259,215
4260,164
4261,113
4262,195
4263,223
4264,276
4265,320
4266,320
4267,472
4268,427
4269,273
4270,216
4271,275
4272,121
4273,148
4274,159
4275,136
4276,101
4277,122
4278,116
4279,128
4280,167
4281,186
4282,225
4283,220
4284,255
4285,260
4286,234
4287,165
4288,107
4289,114
4290,78
4291,99
4292,121
4293,176
4294,280
4295,148
4296,171
4297,174
4298,174
4299,163
4300,131
4301,140
4302,180
4303,260
4304,118
4305,196
4306,151
4307,144
4308,141
4309,119
4310,171
4311,202
4312,173
4313,166
4314,212
4315,164
4316,164
4317,146
4318,105
4319,111
4320,107
4321,137
4322,106
4323,112
4324,142
4325,78
4326,93
4327,62
4328,68
4329,58
4330,85
4331,80
4332,105
4333,95
4334,51
4335,62
4336,200
4337,142
4338,62
4339,73
4340,65
4341,60
4342,94
4343,133
4344,92
4345,55
4346,61
4347,84
4348,87
4349,101
4350,214
4351,403
4352,454
4353,375
4354,439
4355,492
4356,371
4357,370
4358,508
4359,498
4360,380
4361,314
4362,244
4363,263
4364,266
4365,322
4366,299
4367,303
4368,199
4369,174
4370,228
4371,224
4372,274
4373,387
4374,255
4375,243
4376,260
4377,201
4378,186
4379,184
4380,303
4381,166
4382,199
4383,250
4384,241
4385,229
4386,167
4387,192
4388,174
4389,201
4390,184
4391,189
4392,154
4393,145
4394,151
4395,237
4396,196
4397,189
4398,183
4399,270
4400,297
4401,317
4402,258
4403,218
4404,292
4405,267
4406,198
4407,262
4408,130
4409,186
4410,191
4411,133
4412,200
4413,121
4414,169
4415,168
4416,202
4417,255
4418,203
4419,231
4420,227
4421,196
4422,200
4423,201
4424,268
4425,227
4426,192
4427,206
4428,160
4429,230
4430,249
4431,297
4432,234
4433,218
4434,214
4435,319
4436,376
4437,539
4438,490
4439,609
4440,400
4441,304
4442,318
4443,354
4444,295
4445,382
4446,309
4447,301
4448,281
4449,366
4450,285
4451,355
4452,315
4453,285
4454,253
4455,232
4456,327
4457,306
4458,276
4459,242
4460,289
4461,285
4462,268
4463,313
4464,234
4465,290
4466,288
4467,267
4468,316
4469,328
4470,223
4471,250
4472,218
4473,176
4474,186
4475,193
4476,247
4477,271
4478,474
4479,369
4480,298
4481,352
4482,333
4483,337
4484,434
4485,372
4486,243
4487,395
4488,449
4489,328
4490,301
4491,253
4492,273
4493,373
4494,343
4495,384
4496,327
4497,283
4498,288
4499,200
4500,208
4501,240
4502,227
4503,176
4504,128
4505,108
4506,146
4507,199
4508,149
4509,182
4510,176
4511,178
4512,130
4513,201
4514,307
4515,213
4516,211
4517,302
4518,214
4519,231
4520,249
4521,190
4522,147
4523,224
4524,233
4525,232
4526,214
4527,327
4528,267
4529,275
4530,275
4531,264
4532,320
4533,241
4534,248
4535,219
4536,305
4537,309
4538,381
4539,309
4540,265
4541,313
4542,356
4543,304
4544,320
4545,382
4546,321
4547,317
4548,262
4549,265
4550,359
4551,308
4552,248
4553,330
4554,306
4555,314
4556,435
4557,391
4558,382
4559,310
4560,290
4561,293
4562,294
4563,295
4564,276
4565,277
4566,293
4567,224
4568,285
4569,200
4570,142
4571,132
4572,83
4573,101
4574,86
4575,120
4576,105
4577,105
4578,117
4579,217
4580,178
4581,195
4582,195
4583,172
4584,160
4585,211
4586,100
4587,103
4588,126
4589,141
4590,152
4591,134
4592,142
4593,120
4594,101
4595,176
4596,185
4597,192
4598,105
4599,93
4600,180
4601,193
4602,159
4603,122
4604,131
4605,130
4606,161
4607,174
4608,151
4609,158
4610,167
4611,180
4612,136
4613,140
4614,187
4615,131
4616,78
4617,87
4618,161
4619,169
4620,147
4621,159
4622,187
4623,173
4624,159
4625,174
4626,140
4627,194
4628,183
4629,183
4630,193
4631,150
4632,191
4633,375
4634,271
4635,237
4636,414
4637,283
4638,323
4639,459
4640,248
4641,317
4642,302
4643,181
4644,112
4645,185
4646,237
4647,232
4648,182
4649,161
4650,194
4651,229
4652,185
4653,149
4654,153
4655,172
4656,120
4657,132
4658,123
4659,167
4660,191
4661,186
4662,237
4663,364
4664,339
4665,250
4666,223
4667,238
4668,197
4669,216
4670,242
4671,192
4672,158
4673,216
4674,214
4675,282
4676,194
4677,253
4678,181
4679,265
4680,260
4681,206
4682,200
4683,143
4684,143
4685,127
4686,149
4687,124
4688,142
4689,181
4690,166
4691,167
4692,237
4693,182
4694,163
4695,170
4696,215
4697,235
4698,200
4699,218
4700,171
4701,145
4702,173
4703,174
4704,124
4705,139
4706,93
4707,106
4708,118
4709,115
4710,133
4711,116
4712,116
4713,136
4714,127
4715,132
4716,166
4717,203
4718,176
4719,182
4720,184
4721,244
4722,166
4723,158
4724,230
4725,236
4726,195
4727,190
4728,291
4729,380
4730,400
4731,476
4732,517
4733,695
4734,437
4735,412
4736,266
4737,299
4738,348
4739,339
4740,266
4741,231
4742,214
4743,280
4744,331
4745,213
4746,271
4747,234
4748,209
4749,208
4750,254
4751,321
4752,320
4753,277
4754,261
4755,294
4756,254
4757,255
4758,300
4759,325
4760,212
4761,208
4762,250
4763,206
4764,232
4765,166
4766,169
4767,246
4768,221
4769,220
4770,246
4771,271
4772,294
4773,330
4774,279
4775,206
4776,344
4777,396
4778,312
4779,162
4780,176
4781,143
4782,152
4783,149
4784,185
4785,290
4786,244
4787,148
4788,118
4789,167
4790,162
4791,230
4792,204
4793,156
4794,146
4795,184
4796,94
4797,101
4798,126
4799,274
4800,105
4801,124
4802,66
4803,118
4804,213
4805,147
4806,156
4807,206
4808,253
4809,119
4810,79
4811,103
4812,99
4813,69
4814,98
4815,48
4816,69
4817,80
4818,114
4819,95
4820,94
4821,63
4822,92
4823,80
4824,64
4825,51
4826,68
4827,55
4828,59
4829,87
4830,166
4831,134
4832,83
4833,75
4834,68
4835,102
4836,124
4837,127
4838,162
4839,139
4840,117
4841,84
4842,99
4843,83
4844,80
4845,98
4846,85
4847,80
4848,82
4849,92
4850,131
4851,104
4852,68
4853,78
4854,89
4855,75
4856,106
4857,61
4858,83
4859,50
4860,50
4861,55
4862,126
4863,121
4864,160
4865,122
4866,117
4867,197
4868,110
4869,78
4870,144
4871,138
4872,111
4873,88
4874,261
4875,158
4876,173
4877,151
4878,109
4879,157
4880,212
4881,190
4882,142
4883,191
4884,201
4885,290
4886,245
4887,180
4888,245
4889,356
4890,400
4891,290
4892,347
4893,322
4894,309
4895,236
4896,268
4897,266
4898,243
4899,287
4900,472
4901,337
4902,462
4903,273
4904,489
4905,360
4906,298
4907,241
4908,308
4909,444
4910,221
4911,378
4912,324
4913,276
4914,250
4915,386
4916,291
4917,163
4918,243
4919,286
4920,338
4921,274
4922,184
4923,319
4924,286
4925,224
4926,266
4927,251
4928,323
4929,338
4930,258
4931,253
4932,173
4933,189
4934,126
4935,143
4936,93
4937,102
4938,59
4939,59
4940,67
4941,97
4942,84
4943,64
4944,159
4945,165
4946,180
4947,89
4948,99
4949,47
4950,109
4951,78
4952,105
4953,108
4954,109
4955,80
4956,109
4957,160
4958,180
4959,136
4960,221
4961,118
4962,134
4963,142
4964,115
4965,81
4966,89
4967,88
4968,103
4969,101
4970,55
4971,62
4972,85
4973,98
4974,95
4975,157
4976,134
4977,116
4978,107
4979,117
4980,114
4981,169
4982,224
4983,226
4984,210
4985,248
4986,295
4987,239
4988,200
4989,139
4990,151
4991,128
4992,98
4993,149
4994,82
4995,97
4996,104
4997,97
4998,106
4999,79
5000,43
5001,66
5002,49
5003,61
5004,78
5005,70
5006,58
5007,174
5008,89
5009,118
5010,92
5011,106
5012,64
5013,112
5014,128
5015,186
5016,63
5017,92
5018,85
5019,74
5020,58
5021,81
5022,79
5023,82
5024,41
5025,69
5026,70
5027,78
5028,88
5029,110
5030,42
5031,61
5032,64
5033,85
5034,41
5035,43
5036,43
5037,54
5038,99
5039,66
5040,47
5041,44
5042,44
5043,53
5044,38
5045,68
5046,93
5047,73
5048,72
5049,97
5050,65
5051,97
5052,134
5053,114
5054,134
5055,123
5056,270
5057,150
5058,105
5059,61
5060,65
5061,72
5062,121
5063,120
5064,83
5065,113
5066,98
5067,68
5068,49
5069,48
5070,59
5071,50
5072,22
5073,47
5074,23
5075,34
5076,47
5077,25
5078,19
5079,30
5080,22
5081,40
5082,33
5083,45
5084,42
5085,29
5086,48
5087,34
5088,25
5089,15
5090,27
5091,29
5092,28
5093,33
5094,50
5095,50
5096,57
5097,48
5098,26
5099,32
5100,32
5101,28
5102,19
5103,20
5104,19
5105,22
5106,16
5107,71
5108,51
5109,44
5110,34
5111,33
5112,27
5113,35
5114,31
5115,28
5116,40
5117,51
5118,64
5119,41
5120,76
5121,55
5122,49
5123,52
5124,72
5125,35
5126,54
5127,89
5128,91
5129,91
5130,86
5131,146
5132,102
5133,101
5134,71
5135,90
5136,40
5137,29
5138,21
5139,56
5140,85
5141,29
5142,23
5143,43
5144,35
5145,39
5146,42
5147,30
5148,42
5149,35
5150,55
5151,21
5152,67
5153,35
5154,27
5155,23
5156,33
5157,16
5158,59
5159,91
5160,63
5161,55
5162,103
5163,36
5164,11
5165,19
5166,16
5167,19
5168,20
5169,18
5170,20
5171,36
5172,57
5173,30
5174,51
5175,33
5176,19
5177,18
5178,24
5179,20
5180,22
5181,28
5182,34
5183,34
5184,53
5185,55
5186,59
5187,70
5188,90
5189,91
5190,125
5191,156
5192,284
5193,174
5194,54
5195,63
5196,76
5197,89
5198,60
5199,32
5200,60
5201,36
5202,52
5203,36
5204,48
5205,52
5206,28
5207,48
5208,66
5209,57
5210,71
5211,39
5212,77
5213,95
5214,95
5215,100
5216,53
5217,67
5218,57
5219,49
5220,45
5221,58
5222,46
5223,87
5224,92
5225,30
5226,34
5227,14
5228,9
5229,31
5230,14
5231,16
5232,11
5233,25
5234,15
5235,12
5236,17
5237,26
5238,18
5239,22
5240,15
5241,24
5242,20
5243,23
5244,12
5245,19
5246,22
5247,22
5248,12
5249,25
5250,28
5251,36
5252,23
5253,36
5254,57
5255,80
5256,79
5257,115
5258,83
5259,101
5260,64
5261,29
5262,52
5263,38
5264,28
5265,27
5266,22
5267,29
5268,73
5269,29
5270,27
5271,36
5272,37
5273,25
5274,31
5275,30
5276,36
5277,39
5278,41
5279,52
5280,51
5281,29
5282,15
5283,39
5284,37
5285,55
5286,47
5287,31
5288,49
5289,19
5290,42
5291,37
5292,35
5293,22
5294,22
5295,16
5296,29
5297,47
5298,41
5299,17
5300,21
5301,20
5302,7
5303,8
5304,12
5305,50
5306,30
5307,20
5308,12
5309,9
5310,7
5311,10
5312,5
5313,6
5314,2
5315,10
5316,4
5317,5
5318,6
5319,3
5320,3
5321,6
5322,5
5323,4
5324,9
5325,6
5326,4
5327,5
5328,8
5329,4
5330,24
5331,22
5332,3
5333,7
5334,7
5335,5
5336,8
5337,3
5338,2
5339,4
5340,1
5341,1
5342,9
5343,8
5344,11
5345,26
5346,3
5347,5
5348,6
5349,7
5350,7
5351,5
5352,6
5353,8
5354,12
5355,6
5356,3
5357,10
5358,6
5359,27
5360,5
5361,12
5362,6
5363,7
5364,13
5365,8
5366,6
5367,14
5368,4
5369,7
5370,10
5371,7
5372,19
5373,25
5374,6
5375,6
5376,8
5377,3
5378,7
5379,6
5380,7
5381,25
5382,79
5383,95
5384,12
5385,6
5386,7
5387,9
5388,12
5389,9
5390,5
5391,10
5392,6
5393,5
5394,13
5395,10
5396,12
5397,49
5398,39
5399,36
5400,22
5401,30
5402,46
5403,22
5404,53
5405,114
5406,39
5407,31
5408,38
5409,24
5410,35
5411,12
5412,8
5413,4
5414,6
5415,8
5416,8
5417,7
5418,8
5419,9
5420,24
5421,14
5422,9
5423,21
5424,30
5425,67
5426,38
5427,53
5428,52
5429,17
5430,27
5431,13
5432,5
5433,4
5434,11
5435,18
5436,32
5437,8
5438,13
5439,9
5440,20
5441,13
5442,13
5443,12
5444,2
5445,7
5446,15
5447,11
5448,35
5449,5
5450,4
5451,10
5452,15
5453,5
5454,7
5455,3
5456,12
5457,11
5458,12
5459,8
5460,17
5461,34
5462,19
5463,20
5464,23
5465,2
5466,11
5467,2
5468,5
5469,2
5470,7
5471,11
5472,4
5473,7
5474,7
5475,6
5476,23
5477,16
5478,2
5479,9
5480,8
5481,8
5482,6
5483,5
5484,5
5485,4
5486,6
5487,6
5488,9
5489,7
5490,23
5491,78
5492,36
5493,26
5494,29
5495,20
5496,13
5497,3
5498,2
5499,6
5500,4
5501,3
5502,5
5503,9
5504,5
5505,6
5506,13
5507,31
5508,6
5509,8
5510,8
5511,3
5512,1
5513,5
5514,4
5515,4
5516,10
5517,4
5518,7
5519,4
5520,19
5521,35
5522,10
5523,4
5524,6
5525,6
5526,6
5527,10
5528,50
5529,43
5530,6
5531,19
5532,20
5533,21
5534,53
5535,24
5536,3
5537,10
5538,6
5539,2
5540,5
5541,1
5542,11
5543,2
5544,7
5545,11
5546,3
5547,4
5548,13
5549,32
5550,51
5551,11
5552,3
5553,8
5554,1
5555,10
5556,27
5557,13
5558,10
5559,5
5560,9
5561,3
5562,2
5563,3
5564,12
5565,6
5566,28
5567,4
5568,5
5569,3
5570,7
5571,4
5572,2
5573,3
5574,7
5575,109
5576,91
5577,38
5578,23
5579,9
5580,10
5581,10
5582,6
5583,4
5584,7
5585,6
5586,8
5587,8
5588,20
5589,15
5590,6
5591,11
5592,12
5593,4
5594,22
5595,31
5596,34
5597,61
5598,28
5599,20
5600,13
5601,13
5602,11
5604,3
5605,5
5606,10
5607,8
5608,6
5609,5
5610,19
5611,57
5612,4
5613,10
5614,9
5615,9
5616,8
5617,6
5618,65
5619,17
5620,29
5621,61
5622,53
5623,32
5624,8
5625,25
5626,5
5627,15
5628,10
5629,25
5630,27
5631,27
5632,9
5633,6
5635,5
5636,10
5637,24
5638,3
5639,6
5640,9
5641,5
5642,1
5643,5
5644,4
5645,3
5646,10
5647,6
5648,6
5649,35
5650,31
5651,21
5652,22
5653,41
5654,13
5655,6
5656,8
5657,5
5658,18
5659,32
5660,19
5661,10
5662,11
5663,4
5664,4
5665,24
5666,13
5667,21
5668,21
5669,13
5670,12
5671,13
5672,15
5673,25
5674,49
5675,11
5676,14
5677,15
5678,12
5679,1
5680,1
5681,4
5682,1
5683,9
5685,11
5686,47
5687,63
5688,148
5689,111
5690,15
5691,15
5692,27
5693,18
5694,19
5695,23
5696,11
5697,20
5698,2
5699,27
5700,55
5701,4
5702,11
5703,8
5704,7
5705,8
5706,7
5707,13
5708,8
5709,14
5710,5
5711,6
5712,24
5713,16
5714,25
5715,32
5716,10
5717,12
5718,17
5719,8
5720,8
5721,4
5722,5
5723,4
5724,6
5725,7
5726,17
5727,7
5728,39
5729,8
5730,3
5731,1
5732,11
5733,3
5734,1
5735,3
5736,4
5737,3
5738,8
5739,14
5740,9
5741,9
5742,17
5743,17
5744,18
5745,9
5746,7
5747,7
5748,17
5749,3
5750,4
5751,2
5752,11
5753,13
5754,15
5755,24
5756,25
5757,31
5758,23
5759,69
5760,9
5761,2
5762,6
5763,6
5764,5
5765,11
5766,2
5767,5
5768,3
5769,3
5770,5
5771,17
5772,4
5773,11
5774,21
5775,3
5776,1
5777,9
5778,22
5779,7
5780,11
5781,20
5782,16
5783,4
5784,7
5785,1
5786,5
5787,16
5788,21
5789,54
5790,34
5791,5
5792,1
5793,34
5794,6
5795,9
5796,8
5797,9
5798,10
5799,10
5800,1
5801,16
5803,21
5804,14
5805,4
5806,4
5807,12
5808,1
5809,2
5810,9
5811,16
5812,15
5813,1
5814,17
5815,2
5816,8
5817,28
5818,33
5819,44
5820,31
5821,10
5822,18
5823,22
5824,11
5825,7
5826,21
5827,33
5828,54
5829,13
5830,4
5831,89
5832,333
5833,249
5834,99
5835,154
5836,111
5837,85
5838,70
5839,135
5840,233
5841,254
5842,185
5843,36
5844,48
5845,7
5846,6
5847,3
5848,4
5849,3
5850,7
5851,40
5852,30
5853,8
5854,9
5855,6
5856,2
5857,10
5858,7
5859,6
5860,2
5861,7
5862,16
5863,46
5864,28
5865,19
5866,5
5867,2
5869,7
5870,3
5871,13
5872,4
5874,2
5875,5
5877,8
5878,15
5879,21
5880,76
5881,11
5882,4
5883,10
5884,16
5885,3
5886,5
5887,3
5888,7
5889,5
5890,1
5891,2
5892,9
5893,5
5894,28
5895,2
5896,3
5897,9
5898,6
5899,22
5900,6
5901,6
5902,2
5903,16
5904,9
5905,12
5906,7
5907,14
5908,5
5909,24
5910,7
5911,12
5912,18
5913,5
5914,12
5915,12
5916,5
5918,3
5919,2
5920,1
5921,1
5922,22
5923,10
5924,51
5925,14
5926,2
5927,15
5928,8
5929,6
5930,10
5931,10
5932,5
5933,18
5934,7
5935,4
5936,23
5937,23
5938,20
5939,6
5940,14
5941,6
5942,4
5943,6
5944,6
5945,6
5946,6
5947,14
5948,25
5949,28
5950,53
5951,44
5952,20
5953,25
5954,16
5955,17
5956,6
5957,10
5958,11
5959,7
5960,23
5961,19
5962,5
5963,20
5964,37
5965,23
5966,6
5967,4
5968,1
5969,2
5970,28
5971,21
5972,9
5973,43
5974,26
5975,29
5976,29
5977,23
5978,12
5979,3
5980,24
5981,4
5982,4
5983,3
5984,7
5985,12
5986,8
5987,6
5988,26
5989,13
5990,5
5991,7
5992,16
5993,4
5994,18
5995,13
5996,7
5997,13
5998,8
5999,20
6000,2
6001,10
6002,19
6003,23
6004,1
6005,2
6006,3
6007,7
6008,14
6009,5
6010,8
6011,2
6012,1
6013,11
6014,4
6015,35
6016,25
6017,5
6018,4
6019,17
6020,7
6021,9
6022,5
6024,5
6025,14
6026,18
6027,4
6028,17
6029,11
6030,18
6031,17
6032,39
6033,21
6034,35
6035,31
6036,52
6037,44
6038,47
6039,64
6040,23
