0,107171
1,305
2,133
3,91
4,123
5,32
6,7
7,2
8,6
9,10
10,12
11,19
13,11
14,3
16,1
17,5
18,10
19,8
20,6
21,9
22,6
23,1
24,3
25,4
26,7
27,2
28,5
29,1
30,17
31,12
32,5
33,13
34,6
35,9
36,15
37,13
38,4
39,9
40,8
41,12
42,13
43,5
44,10
45,4
46,2
47,8
48,1
49,8
50,2
51,6
52,8
53,1
54,25
55,20
56,16
57,26
58,22
59,86
60,21
61,42
62,52
63,27
64,50
65,26
66,21
67,18
68,34
69,10
70,7
71,2
72,2
73,4
74,1
75,6
76,1
77,1
78,5
79,4
80,4
82,4
83,1
84,14
85,33
86,11
87,2
88,2
89,7
90,2
91,3
92,4
94,2
96,1
97,2
98,9
99,1
100,4
101,2
102,1
103,1
104,1
105,7
106,1
109,1
110,3
112,5
113,1
114,2
115,3
118,1
119,8
120,2
121,2
122,4
123,3
124,1
125,2
126,4
128,2
129,2
130,1
131,6
133,1
134,4
135,3
136,5
137,2
138,4
139,2
141,1
143,1
144,3
146,5
147,4
148,1
149,3
150,1
151,2
152,1
153,9
154,2
155,2
157,4
158,5
160,2
161,4
163,1
164,1
165,2
166,2
167,2
168,4
169,3
170,2
172,3
173,1
174,1
175,3
176,1
178,1
180,4
181,4
182,2
183,2
184,3
185,1
186,1
191,7
193,1
194,6
195,5
197,2
198,3
199,2
200,1
201,3
203,1
204,3
205,1
206,2
208,1
209,1
210,2
212,1
214,1
215,4
216,2
217,3
218,14
219,2
220,7
221,20
222,26
223,24
224,40
225,15
226,49
227,39
228,19
229,25
230,25
231,23
232,27
233,32
234,28
235,19
236,11
237,6
238,8
239,5
240,8
241,10
242,8
243,18
244,7
245,9
246,13
247,9
248,16
249,6
250,13
251,14
252,15
253,6
254,15
255,10
256,12
257,15
258,7
259,9
260,59
261,6
262,2
263,5
264,6
265,10
266,8
267,12
268,5
269,7
270,13
271,4
272,8
273,6
274,8
275,9
276,7
277,8
278,9
279,11
280,5
281,11
282,3
283,9
284,11
285,19
286,7
287,11
288,18
289,33
290,27
291,68
292,25
293,92
294,43
295,71
296,45
297,59
298,28
299,15
300,6
301,1
302,3
303,1
304,4
305,29
306,7
307,7
308,5
309,6
310,5
311,3
312,2
313,8
314,4
316,4
317,7
318,1
319,2
320,3
321,4
322,8
323,3
325,6
326,4
327,4
328,13
329,8
330,11
331,11
332,4
333,18
334,33
335,2
336,25
337,23
338,2
339,4
340,21
341,1
342,3
343,18
344,6
345,26
346,3
347,22
348,21
349,16
350,11
351,10
352,13
353,21
354,41
355,20
356,28
357,33
358,28
359,18
360,8
361,3
362,7
363,26
364,23
365,45
366,4
367,25
368,8
369,11
370,5
371,3
372,12
373,12
374,29
375,2
376,2
377,1
378,1
379,3
380,1
381,1
383,2
384,3
385,1
387,4
388,2
389,1
390,1
391,2
392,1
393,1
394,1
395,8
396,1
397,1
398,1
400,1
401,2
402,1
403,1
404,3
405,1
406,1
407,2
408,2
409,2
411,4
412,1
413,1
416,4
418,1
419,1
421,4
422,2
423,2
424,1
425,3
426,2
427,1
428,1
429,3
430,1
431,1
434,1
435,3
436,1
437,1
438,35
439,89
440,3
441,2
442,2
444,2
445,3
446,2
447,1
448,1
449,1
450,1
451,4
452,1
453,1
454,1
455,1
456,2
458,3
459,3
460,1
461,2
462,1
463,1
464,35
465,30
466,10
467,28
468,2
469,18
470,34
471,34
472,12
473,1
474,2
475,4
476,1
477,3
478,2
479,2
481,2
482,1
483,1
485,1
486,2
487,1
488,1
489,5
490,1
492,2
494,2
495,1
496,2
497,1
498,2
501,1
502,13
503,20
504,58
505,17
506,14
508,3
509,2
511,2
513,1
514,1
515,3
516,2
517,1
520,2
521,2
522,3
523,2
524,4
525,2
526,1
528,2
529,3
530,1
531,2
532,2
533,2
534,1
535,1
536,1
537,2
540,28
541,25
542,2
543,1
544,1
545,6
546,1
548,5
549,2
550,2
551,3
552,7
553,13
554,4
555,3
556,5
557,4
558,15
559,51
560,55
561,23
562,12
563,48
564,23
565,17
566,32
567,26
568,26
569,36
570,6
571,17
572,7
573,5
574,13
575,2
576,12
577,7
578,5
579,15
580,8
581,11
582,8
583,3
584,10
585,8
586,7
587,2
588,8
589,7
590,13
591,2
592,3
593,7
594,3
595,5
596,14
597,16
598,10
599,5
600,2
601,7
602,4
603,6
604,4
605,23
606,15
607,28
608,8
609,60
610,84
611,42
612,140
613,17
614,11
615,13
616,16
617,21
618,29
619,55
620,39
621,23
622,12
623,1
624,6
625,10
626,17
627,9
628,33
629,26
630,5
631,6
632,7
633,14
634,11
635,11
636,17
637,10
638,12
639,3
640,5
641,13
642,13
643,18
644,22
645,27
646,18
647,13
648,6
649,3
650,5
651,8
652,7
653,14
654,19
655,15
656,19
657,9
658,18
659,12
660,10
661,15
662,16
663,20
664,21
665,182
666,31
667,32
668,35
669,60
670,34
671,41
672,34
673,108
674,139
675,45
676,46
677,72
678,92
679,83
680,47
681,62
682,81
683,82
684,143
685,181
686,77
687,76
688,469
689,101
690,79
691,73
692,68
693,76
694,95
695,71
696,64
697,68
698,213
699,73
700,131
701,53
702,47
703,113
704,57
705,51
706,74
707,51
708,55
709,106
710,66
711,48
712,72
713,55
714,110
715,103
716,42
717,62
718,152
719,48
720,56
721,48
722,25
723,33
724,41
725,124
726,26
727,178
728,61
729,67
730,73
731,82
732,87
733,70
734,138
735,105
736,67
737,74
738,43
739,33
740,42
741,46
742,73
743,18
744,34
745,28
746,23
747,40
748,25
749,121
750,34
751,39
752,63
753,81
754,52
755,150
756,48
757,35
758,119
759,123
760,104
761,129
762,97
763,59
764,69
765,86
766,158
767,364
768,86
769,58
770,146
771,75
772,113
773,77
774,53
775,40
776,55
777,34
778,35
779,49
780,74
781,52
782,53
783,66
784,69
785,63
786,58
787,156
788,71
789,92
790,110
791,82
792,250
793,215
794,141
795,101
796,55
797,285
798,139
799,87
800,127
801,88
802,112
803,184
804,153
805,250
806,338
807,202
808,258
809,189
810,98
811,154
812,146
813,146
814,245
815,135
816,313
817,554
818,698
819,388
820,324
821,343
822,371
823,354
824,295
825,702
826,445
827,328
828,198
829,226
830,253
831,314
832,319
833,324
834,222
835,457
836,190
837,163
838,268
839,133
840,161
841,221
842,236
843,196
844,125
845,201
846,178
847,122
848,128
849,123
850,342
851,162
852,134
853,145
854,247
855,147
856,94
857,100
858,120
859,141
860,127
861,188
862,225
863,172
864,271
865,190
866,134
867,284
868,323
869,347
870,414
871,398
872,389
873,278
874,205
875,261
876,187
877,815
878,1619
879,389
880,499
881,277
882,386
883,253
884,148
885,441
886,185
887,225
888,190
889,179
890,407
891,379
892,337
893,338
894,285
895,249
896,194
897,479
898,453
899,859
900,473
901,520
902,202
903,131
904,187
905,222
906,134
907,146
908,133
909,231
910,191
911,367
912,508
913,457
914,212
915,301
916,232
917,203
918,176
919,188
920,186
921,223
922,245
923,452
924,216
925,433
926,518
927,612
928,420
929,328
930,300
931,329
932,339
933,336
934,296
935,360
936,389
937,470
938,455
939,390
940,365
941,292
942,382
943,205
944,397
945,370
946,473
947,327
948,274
949,515
950,436
951,273
952,384
953,179
954,166
955,170
956,157
957,341
958,213
959,179
960,332
961,420
962,212
963,277
964,198
965,269
966,221
967,450
968,883
969,470
970,382
971,498
972,349
973,249
974,246
975,410
976,402
977,350
978,356
979,391
980,470
981,385
982,1163
983,513
984,369
985,483
986,489
987,445
988,492
989,520
990,678
991,861
992,856
993,542
994,725
995,682
996,542
997,828
998,894
999,950
1000,700
1001,670
1002,844
1003,792
1004,841
1005,856
1006,974
1007,813
1008,1029
1009,662
1010,814
1011,761
1012,749
1013,1123
1014,946
1015,1001
1016,990
1017,1084
1018,1051
1019,903
1020,1131
1021,1060
1022,908
1023,992
1024,886
1025,1113
1026,917
1027,1714
1028,1513
1029,783
1030,740
1031,939
1032,925
1033,939
1034,1291
1035,1086
1036,1227
1037,1214
1038,1003
1039,958
1040,2449
1041,1912
1042,1854
1043,1741
1044,1056
1045,973
1046,941
1047,920
1048,945
1049,983
1050,947
1051,2141
1052,1140
1053,2122
1054,1583
1055,1272
1056,1716
1057,1288
1058,1364
1059,2111
1060,2096
1061,1648
1062,2324
1063,2316
1064,2673
1065,1639
1066,1954
1067,1957
1068,1638
1069,1939
1070,2587
1071,2362
1072,3003
1073,3066
1074,2897
1075,2265
1076,2596
1077,2437
1078,2555
1079,2582
1080,2349
1081,2265
1082,2204
1083,3032
1084,2306
1085,2142
1086,2364
1087,2461
1088,2644
1089,3282
1090,2913
1091,4390
1092,4029
1093,3297
1094,3538
1095,3430
1096,3123
1097,3185
1098,3428
1099,3250
1100,5531
1101,3480
1102,3883
1103,3095
1104,3802
1105,4159
1106,4083
1107,4427
1108,4325
1109,5186
1110,4106
1111,5351
1112,5251
1113,5972
1114,6004
1115,5967
1116,7213
1117,5597
1118,5234
1119,6740
1120,6593
1121,6899
1122,6594
1123,7015
1124,6353
1125,6531
1126,6896
1127,6879
1128,8107
1129,7143
1130,7344
1131,6204
1132,6098
1133,6775
1134,8520
1135,7146
1136,8214
1137,8584
1138,8381
1139,8959
1140,9632
1141,11392
1142,10602
1143,10098
1144,11184
1145,11103
1146,12478
1147,12212
1148,12388
1149,12910
1150,12782
1151,14365
1152,17417
1153,15425
1154,14859
1155,14853
1156,14866
1157,17066
1158,18440
1159,16411
1160,18331
1161,22823
1162,18156
1163,21609
1164,23165
1165,22203
1166,29374
1167,28440
1168,29434
1169,36662
1170,30452
1171,32071
1172,33893
1173,36381
1174,37648
1175,40224
1176,41981
1177,43807
1178,47089
1179,57549
1180,58114
1181,61138
1182,69566
1183,72552
1184,92119
1185,99227
1186,101074
1187,116288
1188,136554
1189,148604
1190,162486
1191,196901
1192,229265
1193,275979
1194,377807
1195,462933
1196,594079
1197,817104
1198,1282933
1199,2865174
1200,28310376
1201,37358
1202,26572
1203,27457
1204,27002
1205,25552
1206,25727
1207,29329
1208,27660
1209,28043
1210,29937
1211,28809
1212,31542
1213,29880
1214,27551
1215,27394
1216,25200
1217,23507
1218,21141
1219,23114
1220,21219
1221,19101
1222,17945
1223,17806
1224,17634
1225,18293
1226,17989
1227,18144
1228,17954
1229,17158
1230,19154
1231,18466
1232,19594
1233,21418
1234,21087
1235,18559
1236,17328
1237,17873
1238,18829
1239,18438
1240,17276
1241,16645
1242,15225
1243,15125
1244,14379
1245,14230
1246,16118
1247,17417
1248,16989
1249,17971
1250,15099
1251,16025
1252,15841
1253,14730
1254,16288
1255,19588
1256,18068
1257,16844
1258,14517
1259,19307
1260,17507
1261,20004
1262,17289
1263,17532
1264,15577
1265,15997
1266,13370
1267,16339
1268,16832
1269,18034
1270,17342
1271,18610
1272,17223
1273,18241
1274,17151
1275,19604
1276,16637
1277,15940
1278,14583
1279,14872
1280,15419
1281,14360
1282,15011
1283,14995
1284,13697
1285,12689
1286,12821
1287,13268
1288,14949
1289,16363
1290,14497
1291,15115
1292,14099
1293,18768
1294,18448
1295,15927
1296,14073
1297,11757
1298,12515
1299,13100
1300,12310
1301,14589
1302,13312
1303,11699
1304,12131
1305,11695
1306,10477
1307,11334
1308,11818
1309,13141
1310,14553
1311,15674
1312,13473
1313,12184
1314,13639
1315,10738
1316,12210
1317,11449
1318,11462
1319,11458
1320,10555
1321,11754
1322,12183
1323,10980
1324,11480
1325,10546
1326,11293
1327,9435
1328,10496
1329,9915
1330,9120
1331,8892
1332,9761
1333,9324
1334,9133
1335,9530
1336,9163
1337,11004
1338,11196
1339,11145
1340,13376
1341,11212
1342,10323
1343,11047
1344,10101
1345,9950
1346,11173
1347,11056
1348,10671
1349,11203
1350,10339
1351,9692
1352,9336
1353,9246
1354,9309
1355,8509
1356,8816
1357,9593
1358,9414
1359,9301
1360,8598
1361,9359
1362,9949
1363,7863
1364,8211
1365,10615
1366,11893
1367,11696
1368,9420
1369,8303
1370,9265
1371,9874
1372,8097
1373,8803
1374,7257
1375,8464
1376,8018
1377,8210
1378,8337
1379,7808
1380,8276
1381,7771
1382,7663
1383,8996
1384,9334
1385,9638
1386,10145
1387,10123
1388,9068
1389,8002
1390,8705
1391,9025
1392,9664
1393,8201
1394,8325
1395,8531
1396,9307
1397,10706
1398,13594
1399,13536
1400,12086
1401,10534
1402,10083
1403,9092
1404,9264
1405,7195
1406,6196
1407,6791
1408,7019
1409,7851
1410,8700
1411,9322
1412,9402
1413,8498
1414,8678
1415,9250
1416,8239
1417,7980
1418,8071
1419,9704
1420,8876
1421,10797
1422,10967
1423,12039
1424,14034
1425,12178
1426,12932
1427,11940
1428,13039
1429,13193
1430,13138
1431,11576
1432,12012
1433,11571
1434,13508
1435,12167
1436,13383
1437,13118
1438,11905
1439,11264
1440,10372
1441,8920
1442,8431
1443,8221
1444,8532
1445,7578
1446,7243
1447,8717
1448,8256
1449,7054
1450,7692
1451,8799
1452,9760
1453,9669
1454,10913
1455,11250
1456,10543
1457,11454
1458,13291
1459,12058
1460,10952
1461,11353
1462,10671
1463,11852
1464,13138
1465,14992
1466,13463
1467,14167
1468,13868
1469,12837
1470,12149
1471,12503
1472,14077
1473,12075
1474,10362
1475,11759
1476,12246
1477,13821
1478,15091
1479,13199
1480,13004
1481,12029
1482,13762
1483,13534
1484,14548
1485,19249
1486,15475
1487,14867
1488,13536
1489,13731
1490,14759
1491,12257
1492,10552
1493,10347
1494,10258
1495,9188
1496,8837
1497,10265
1498,12265
1499,14137
1500,15083
1501,15130
1502,17201
1503,20399
1504,23478
1505,23944
1506,26425
1507,28534
1508,26783
1509,24361
1510,21020
1511,21719
1512,21000
1513,15320
1514,16944
1515,16149
1516,17238
1517,17565
1518,16493
1519,12559
1520,10393
1521,9514
1522,9825
1523,9498
1524,10874
1525,11484
1526,10277
1527,10128
1528,10733
1529,11912
1530,9192
1531,8572
1532,10388
1533,10699
1534,10034
1535,8486
1536,8240
1537,7790
1538,7253
1539,7628
1540,8158
1541,7893
1542,7125
1543,6197
1544,5808
1545,6252
1546,6433
1547,6312
1548,7090
1549,7852
1550,7305
1551,7894
1552,7170
1553,6905
1554,6467
1555,6917
1556,7603
1557,7265
1558,7400
1559,7567
1560,8165
1561,8641
1562,7161
1563,7917
1564,8246
1565,7556
1566,7487
1567,7826
1568,7813
1569,8061
1570,7987
1571,7933
1572,7213
1573,7671
1574,7760
1575,8610
1576,7483
1577,7970
1578,7126
1579,7980
1580,7288
1581,7136
1582,7825
1583,7290
1584,8144
1585,6738
1586,8248
1587,8130
1588,7311
1589,6736
1590,7042
1591,6485
1592,6019
1593,6544
1594,7566
1595,8531
1596,8457
1597,7588
1598,7387
1599,7392
1600,7277
1601,7224
1602,7138
1603,7352
1604,7475
1605,7128
1606,7135
1607,7259
1608,6845
1609,6045
1610,5741
1611,5817
1612,5969
1613,5680
1614,5332
1615,5477
1616,5628
1617,6045
1618,6297
1619,5768
1620,5626
1621,5288
1622,5627
1623,6011
1624,5839
1625,5557
1626,5499
1627,5505
1628,5470
1629,5147
1630,5649
1631,5081
1632,6061
1633,5117
1634,5049
1635,4747
1636,5147
1637,5573
1638,6494
1639,6959
1640,6601
1641,6301
1642,6903
1643,6970
1644,7445
1645,8341
1646,7825
1647,7600
1648,7658
1649,7329
1650,7374
1651,6691
1652,6470
1653,6666
1654,6109
1655,6009
1656,5893
1657,5254
1658,5853
1659,6382
1660,7809
1661,8846
1662,8528
1663,6778
1664,6120
1665,5806
1666,6173
1667,5468
1668,5250
1669,5836
1670,6045
1671,5976
1672,6605
1673,7005
1674,6746
1675,6143
1676,6576
1677,6717
1678,5902
1679,6219
1680,6355
1681,5638
1682,6498
1683,6195
1684,6158
1685,6287
1686,6104
1687,5831
1688,5906
1689,6353
1690,6135
1691,6628
1692,5611
1693,5204
1694,4379
1695,5276
1696,4727
1697,4979
1698,5101
1699,6000
1700,6403
1701,6928
1702,6250
1703,6130
1704,5184
1705,5764
1706,5506
1707,5355
1708,5901
1709,5685
1710,5650
1711,5250
1712,5750
1713,5370
1714,5748
1715,5121
1716,5590
1717,4598
1718,4879
1719,5079
1720,4400
1721,5413
1722,5214
1723,6059
1724,5911
1725,5689
1726,5431
1727,4730
1728,5281
1729,5302
1730,5200
1731,5258
1732,5103
1733,5714
1734,4428
1735,4831
1736,6043
1737,6135
1738,5529
1739,4943
1740,5038
1741,5879
1742,5389
1743,6572
1744,5251
1745,4859
1746,5108
1747,4832
1748,5293
1749,5903
1750,4953
1751,5028
1752,4894
1753,5099
1754,5536
1755,4740
1756,4639
1757,5068
1758,4124
1759,4491
1760,5123
1761,5500
1762,5563
1763,5304
1764,5348
1765,4886
1766,4795
1767,5222
1768,4747
1769,4348
1770,4166
1771,4001
1772,4069
1773,3542
1774,3897
1775,3707
1776,4223
1777,3378
1778,3279
1779,3962
1780,4058
1781,3950
1782,3137
1783,3205
1784,3614
1785,3289
1786,3763
1787,3330
1788,3679
1789,3530
1790,3798
1791,3920
1792,3946
1793,4154
1794,4385
1795,3533
1796,3308
1797,4938
1798,3636
1799,4410
1800,4545
1801,4961
1802,4237
1803,4290
1804,4430
1805,4722
1806,5099
1807,4520
1808,4531
1809,4891
1810,5022
1811,4534
1812,4608
1813,5150
1814,6947
1815,6071
1816,5477
1817,5164
1818,5672
1819,6371
1820,7155
1821,7656
1822,10047
1823,6579
1824,5912
1825,5736
1826,5339
1827,5644
1828,6047
1829,6609
1830,6631
1831,6305
1832,5507
1833,6830
1834,8693
1835,7792
1836,8082
1837,8247
1838,8006
1839,7364
1840,7327
1841,6857
1842,6412
1843,6561
1844,4811
1845,4978
1846,6656
1847,6269
1848,6907
1849,6794
1850,6999
1851,6494
1852,6924
1853,8138
1854,8510
1855,7787
1856,8448
1857,10058
1858,9270
1859,8800
1860,9035
1861,7700
1862,7309
1863,5723
1864,6171
1865,6435
1866,7994
1867,7445
1868,7927
1869,8025
1870,7533
1871,6310
1872,5708
1873,6225
1874,5292
1875,5236
1876,5962
1877,6616
1878,6040
1879,5479
1880,5304
1881,5151
1882,5356
1883,4457
1884,4698
1885,4557
1886,4323
1887,4555
1888,6130
1889,4155
1890,4623
1891,4842
1892,4497
1893,4729
1894,4149
1895,3881
1896,4472
1897,4592
1898,4924
1899,4872
1900,4568
1901,4768
1902,5066
1903,6007
1904,5453
1905,4851
1906,5296
1907,4724
1908,6976
1909,5099
1910,4581
1911,4360
1912,4006
1913,5184
1914,5328
1915,4882
1916,6127
1917,5725
1918,4755
1919,5304
1920,4953
1921,5245
1922,5367
1923,6134
1924,5329
1925,6004
1926,4852
1927,3734
1928,4262
1929,3413
1930,4018
1931,3616
1932,3555
1933,3523
1934,3703
1935,4152
1936,4227
1937,3723
1938,3232
1939,3126
1940,3420
1941,3304
1942,4218
1943,5247
1944,6744
1945,6029
1946,5537
1947,5050
1948,4513
1949,4087
1950,3671
1951,3850
1952,3660
1953,3652
1954,3882
1955,4334
1956,4842
1957,3992
1958,4149
1959,4656
1960,3770
1961,3707
1962,4859
1963,4865
1964,6041
1965,3893
1966,3255
1967,4105
1968,4705
1969,3929
1970,3896
1971,4501
1972,4965
1973,4705
1974,5135
1975,5493
1976,5463
1977,4938
1978,4812
1979,4715
1980,4549
1981,3656
1982,4645
1983,4412
1984,4706
1985,3443
1986,2626
1987,4036
1988,3934
1989,3010
1990,3779
1991,5052
1992,4125
1993,3631
1994,4350
1995,4675
1996,3773
1997,3141
1998,3241
1999,4188
2000,4559
2001,4807
2002,4398
2003,4977
2004,5289
2005,5062
2006,3146
2007,4047
2008,5347
2009,5059
2010,5191
2011,6091
2012,6435
2013,5847
2014,4901
2015,4864
2016,5126
2017,4304
2018,5589
2019,5434
2020,5076
2021,4577
2022,4124
2023,3627
2024,3559
2025,3835
2026,4292
2027,3922
2028,3668
2029,3945
2030,4663
2031,4655
2032,3793
2033,3729
2034,4090
2035,4005
2036,3756
2037,2707
2038,2748
2039,3034
2040,2556
2041,2676
2042,3822
2043,4036
2044,4339
2045,3243
2046,2430
2047,2990
2048,3387
2049,3923
2050,2810
2051,4313
2052,3799
2053,3407
2054,4457
2055,4976
2056,4326
2057,3778
2058,3498
2059,3610
2060,3818
2061,3454
2062,4125
2063,3988
2064,3381
2065,3890
2066,2623
2067,3419
2068,4089
2069,3220
2070,3786
2071,2926
2072,3865
2073,3449
2074,3321
2075,3719
2076,3817
2077,4924
2078,4330
2079,4939
2080,5648
2081,5129
2082,5007
2083,3738
2084,3758
2085,4543
2086,5186
2087,4855
2088,5206
2089,5151
2090,4075
2091,3385
2092,3638
2093,2913
2094,2423
2095,3237
2096,2958
2097,2593
2098,2377
2099,2409
2100,2530
2101,2993
2102,2322
2103,2771
2104,2078
2105,2580
2106,2765
2107,2571
2108,2481
2109,3624
2110,3536
2111,3982
2112,3981
2113,3918
2114,3557
2115,3722
2116,3391
2117,3583
2118,4878
2119,3398
2120,4423
2121,3592
2122,4675
2123,3941
2124,4044
2125,3523
2126,3652
2127,3616
2128,3835
2129,4122
2130,3671
2131,3308
2132,2829
2133,3120
2134,2590
2135,3275
2136,2317
2137,3142
2138,2321
2139,3504
2140,2612
2141,3347
2142,2207
2143,2989
2144,2233
2145,2540
2146,2716
2147,3065
2148,2872
2149,2722
2150,3721
2151,3193
2152,3205
2153,2778
2154,3018
2155,3163
2156,2586
2157,2850
2158,2743
2159,2950
2160,2524
2161,2834
2162,2205
2163,1850
2164,2680
2165,2996
2166,3488
2167,2593
2168,2711
2169,2405
2170,2263
2171,2951
2172,2496
2173,2486
2174,2273
2175,2148
2176,2066
2177,3015
2178,3221
2179,2992
2180,2515
2181,2672
2182,2698
2183,2125
2184,3186
2185,2134
2186,2551
2187,2852
2188,2396
2189,2567
2190,2901
2191,2061
2192,3507
2193,4350
2194,3246
2195,2442
2196,2441
2197,2195
2198,2214
2199,2195
2200,2999
2201,2963
2202,2137
2203,2193
2204,2010
2205,2374
2206,2571
2207,2120
2208,2380
2209,1908
2210,2467
2211,1811
2212,1589
2213,3176
2214,1500
2215,2394
2216,2747
2217,3206
2218,3027
2219,2961
2220,2344
2221,2867
2222,3162
2223,2736
2224,2428
2225,1720
2226,2595
2227,2185
2228,2512
2229,2681
2230,2769
2231,2706
2232,2142
2233,2945
2234,2547
2235,2221
2236,2043
2237,2552
2238,1508
2239,1941
2240,1294
2241,2234
2242,1958
2243,2297
2244,2685
2245,3143
2246,2064
2247,1588
2248,3411
2249,3376
2250,2559
2251,2048
2252,2239
2253,2734
2254,2188
2255,2153
2256,2203
2257,1600
2258,1612
2259,2150
2260,2157
2261,1770
2262,2044
2263,1940
2264,2720
2265,2461
2266,2224
2267,1655
2268,1875
2269,2507
2270,3888
2271,2514
2272,1728
2273,1498
2274,1803
2275,2841
2276,1686
2277,1748
2278,1432
2279,1798
2280,2324
2281,2680
2282,1984
2283,2864
2284,2732
2285,2958
2286,2796
2287,4844
2288,4590
2289,3213
2290,3008
2291,1694
2292,2495
2293,1786
2294,1967
2295,2595
2296,2478
2297,3027
2298,2797
2299,3083
2300,2901
2301,2671
2302,2932
2303,3219
2304,4201
2305,3984
2306,4056
2307,3502
2308,4682
2309,4926
2310,4511
2311,3417
2312,3495
2313,2255
2314,2607
2315,2157
2316,2587
2317,2102
2318,2557
2319,3094
2320,2510
2321,2078
2322,2282
2323,2772
2324,3243
2325,2827
2326,3843
2327,4640
2328,4676
2329,3764
2330,2981
2331,2784
2332,2112
2333,2113
2334,1610
2335,1483
2336,1738
2337,1871
2338,2451
2339,2031
2340,2428
2341,2100
2342,1816
2343,2161
2344,2230
2345,1714
2346,2130
2347,3731
2348,3505
2349,3085
2350,2643
2351,2398
2352,2428
2353,2681
2354,2720
2355,2476
2356,2050
2357,2509
2358,2122
2359,1779
2360,1957
2361,1374
2362,1615
2363,1654
2364,2549
2365,2204
2366,1871
2367,2817
2368,3019
2369,2448
2370,2285
2371,2849
2372,2665
2373,3576
2374,4441
2375,2637
2376,2975
2377,2069
2378,2473
2379,3663
2380,3136
2381,3365
2382,4580
2383,2867
2384,3008
2385,3115
2386,2641
2387,2399
2388,2802
2389,2723
2390,2661
2391,2280
2392,2122
2393,1490
2394,1938
2395,2039
2396,3108
2397,2353
2398,2761
2399,3187
2400,2536
2401,2697
2402,3330
2403,4360
2404,4334
2405,3528
2406,3574
2407,2278
2408,2497
2409,1946
2410,1828
2411,2116
2412,2454
2413,2085
2414,2213
2415,1571
2416,2823
2417,1803
2418,2028
2419,1747
2420,1755
2421,1628
2422,1323
2423,2049
2424,2761
2425,3429
2426,2881
2427,3367
2428,2738
2429,2709
2430,3909
2431,2922
2432,2554
2433,2758
2434,2753
2435,2707
2436,2192
2437,1998
2438,1761
2439,1576
2440,1047
2441,1344
2442,1255
2443,1211
2444,1580
2445,1783
2446,1262
2447,1650
2448,1208
2449,1810
2450,1528
2451,1800
2452,1751
2453,1754
2454,1396
2455,1571
2456,1758
2457,2309
2458,4214
2459,3872
2460,3065
2461,2679
2462,1567
2463,2077
2464,2034
2465,1955
2466,1976
2467,2287
2468,2806
2469,2140
2470,2262
2471,2628
2472,2192
2473,2584
2474,3010
2475,2953
2476,2713
2477,2848
2478,3096
2479,2721
2480,2235
2481,2036
2482,2636
2483,1958
2484,2079
2485,2790
2486,2374
2487,3287
2488,3046
2489,3030
2490,3350
2491,3470
2492,3652
2493,5488
2494,4639
2495,4167
2496,4883
2497,4868
2498,4365
2499,3574
2500,3191
2501,3327
2502,3741
2503,4063
2504,4734
2505,6367
2506,7156
2507,8710
2508,7781
2509,5661
2510,3746
2511,3843
2512,4651
2513,3148
2514,1671
2515,844
2516,903
2517,661
2518,515
2519,837
2520,556
2521,810
2522,1184
2523,817
2524,849
2525,1003
2526,1067
2527,603
2528,521
2529,697
2530,606
2531,834
2532,691
2533,600
2534,572
2535,629
2536,547
2537,585
2538,518
2539,687
2540,711
2541,793
2542,1051
2543,606
2544,673
2545,865
2546,969
2547,829
2548,792
2549,1003
2550,1087
2551,787
2552,575
2553,889
2554,497
2555,482
2556,543
2557,641
2558,704
2559,831
2560,1005
2561,995
2562,873
2563,701
2564,841
2565,670
2566,711
2567,655
2568,1021
2569,846
2570,596
2571,582
2572,613
2573,661
2574,486
2575,539
2576,504
2577,576
2578,466
2579,713
2580,778
2581,859
2582,854
2583,505
2584,624
2585,690
2586,590
2587,834
2588,995
2589,733
2590,665
2591,552
2592,732
2593,689
2594,642
2595,533
2596,544
2597,594
2598,536
2599,700
2600,691
2601,412
2602,444
2603,847
2604,845
2605,846
2606,804
2607,767
2608,1277
2609,1052
2610,775
2611,660
2612,570
2613,584
2614,625
2615,658
2616,582
2617,643
2618,574
2619,514
2620,622
2621,612
2622,752
2623,667
2624,940
2625,680
2626,491
2627,578
2628,483
2629,924
2630,620
2631,775
2632,557
2633,584
2634,516
2635,526
2636,562
2637,623
2638,465
2639,475
2640,529
2641,332
2642,381
2643,471
2644,513
2645,505
2646,351
2647,592
2648,679
2649,577
2650,430
2651,476
2652,410
2653,539
2654,420
2655,533
2656,579
2657,519
2658,863
2659,687
2660,559
2661,535
2662,599
2663,506
2664,522
2665,461
2666,724
2667,454
2668,571
2669,611
2670,722
2671,467
2672,645
2673,610
2674,649
2675,854
2676,992
2677,910
2678,887
2679,554
2680,1096
2681,474
2682,408
2683,465
2684,728
2685,616
2686,594
2687,630
2688,615
2689,484
2690,424
2691,427
2692,574
2693,497
2694,384
2695,346
2696,332
2697,364
2698,410
2699,500
2700,576
2701,662
2702,670
2703,602
2704,657
2705,595
2706,608
2707,455
2708,406
2709,438
2710,440
2711,484
2712,456
2713,341
2714,410
2715,408
2716,401
2717,456
2718,561
2719,573
2720,643
2721,679
2722,857
2723,614
2724,559
2725,579
2726,631
2727,541
2728,384
2729,373
2730,406
2731,360
2732,487
2733,482
2734,575
2735,648
2736,502
2737,566
2738,757
2739,673
2740,514
2741,645
2742,804
2743,790
2744,663
2745,642
2746,811
2747,760
2748,711
2749,820
2750,1003
2751,1074
2752,1173
2753,1089
2754,865
2755,862
2756,826
2757,941
2758,820
2759,552
2760,935
2761,676
2762,634
2763,659
2764,583
2765,597
2766,728
2767,879
2768,682
2769,505
2770,490
2771,458
2772,429
2773,478
2774,389
2775,446
2776,687
2777,666
2778,706
2779,714
2780,657
2781,1003
2782,1008
2783,959
2784,672
2785,555
2786,515
2787,491
2788,410
2789,410
2790,587
2791,532
2792,670
2793,749
2794,564
2795,583
2796,565
2797,755
2798,819
2799,909
2800,977
2801,916
2802,1093
2803,950
2804,669
2805,629
2806,676
2807,817
2808,773
2809,948
2810,642
2811,1172
2812,850
2813,1036
2814,856
2815,947
2816,760
2817,876
2818,838
2819,931
2820,732
2821,688
2822,807
2823,885
2824,673
2825,788
2826,869
2827,881
2828,759
2829,846
2830,762
2831,1123
2832,1185
2833,940
2834,1320
2835,1158
2836,1400
2837,895
2838,705
2839,907
2840,1653
2841,966
2842,935
2843,956
2844,487
2845,604
2846,611
2847,822
2848,597
2849,506
2850,407
2851,525
2852,543
2853,537
2854,551
2855,465
2856,405
2857,554
2858,681
2859,848
2860,802
2861,658
2862,565
2863,497
2864,578
2865,696
2866,654
2867,581
2868,904
2869,830
2870,726
2871,937
2872,780
2873,758
2874,811
2875,1030
2876,729
2877,698
2878,805
2879,745
2880,731
2881,1063
2882,914
2883,920
2884,563
2885,640
2886,612
2887,771
2888,676
2889,682
2890,860
2891,1229
2892,1036
2893,1173
2894,1035
2895,1108
2896,957
2897,824
2898,843
2899,968
2900,1131
2901,991
2902,789
2903,1008
2904,728
2905,913
2906,941
2907,1269
2908,1369
2909,969
2910,793
2911,877
2912,969
2913,1075
2914,1333
2915,1147
2916,895
2917,1301
2918,1883
2919,1493
2920,1074
2921,1121
2922,1208
2923,1467
2924,1553
2925,1363
2926,1041
2927,1430
2928,1202
2929,1105
2930,1480
2931,898
2932,1229
2933,1541
2934,1263
2935,1251
2936,1582
2937,1741
2938,1421
2939,1370
2940,1259
2941,1132
2942,1193
2943,970
2944,1099
2945,879
2946,851
2947,939
2948,862
2949,614
2950,640
2951,627
2952,887
2953,1096
2954,556
2955,576
2956,611
2957,604
2958,735
2959,628
2960,783
2961,631
2962,530
2963,565
2964,590
2965,556
2966,477
2967,682
2968,749
2969,896
2970,770
2971,808
2972,974
2973,972
2974,960
2975,896
2976,956
2977,916
2978,662
2979,632
2980,821
2981,732
2982,602
2983,615
2984,620
2985,602
2986,636
2987,698
2988,588
2989,557
2990,629
2991,1235
2992,550
2993,504
2994,744
2995,745
2996,847
2997,715
2998,773
2999,605
3000,547
3001,485
3002,586
3003,680
3004,704
3005,713
3006,676
3007,673
3008,681
3009,821
3010,802
3011,740
3012,613
3013,991
3014,920
3015,872
3016,1052
3017,1067
3018,1010
3019,919
3020,964
3021,855
3022,703
3023,562
3024,778
3025,858
3026,713
3027,784
3028,1097
3029,988
3030,1019
3031,860
3032,651
3033,548
3034,611
3035,503
3036,927
3037,783
3038,941
3039,862
3040,778
3041,621
3042,663
3043,709
3044,641
3045,664
3046,737
3047,996
3048,1076
3049,885
3050,1475
3051,1077
3052,513
3053,569
3054,468
3055,556
3056,793
3057,713
3058,658
3059,601
3060,554
3061,483
3062,671
3063,724
3064,673
3065,613
3066,595
3067,461
3068,395
3069,367
3070,372
3071,382
3072,450
3073,580
3074,812
3075,712
3076,637
3077,604
3078,631
3079,800
3080,744
3081,876
3082,888
3083,656
3084,533
3085,657
3086,573
3087,633
3088,536
3089,652
3090,706
3091,746
3092,727
3093,1040
3094,1217
3095,1235
3096,1607
3097,1735
3098,1462
3099,1191
3100,1626
3101,1723
3102,1739
3103,1750
3104,1619
3105,1552
3106,1437
3107,1951
3108,2070
3109,1770
3110,1846
3111,1696
3112,1434
3113,1920
3114,2039
3115,1951
3116,1692
3117,1242
3118,1072
3119,976
3120,867
3121,979
3122,1257
3123,1340
3124,1140
3125,724
3126,584
3127,561
3128,671
3129,732
3130,799
3131,928
3132,985
3133,1828
3134,1447
3135,726
3136,682
3137,908
3138,901
3139,795
3140,749
3141,654
3142,832
3143,629
3144,782
3145,669
3146,826
3147,613
3148,561
3149,635
3150,523
3151,398
3152,442
3153,479
3154,460
3155,437
3156,533
3157,429
3158,550
3159,480
3160,356
3161,375
3162,376
3163,466
3164,447
3165,420
3166,439
3167,341
3168,360
3169,429
3170,488
3171,460
3172,392
3173,456
3174,557
3175,413
3176,319
3177,253
3178,224
3179,257
3180,417
3181,324
3182,342
3183,490
3184,462
3185,397
3186,709
3187,672
3188,941
3189,676
3190,395
3191,441
3192,409
3193,468
3194,663
3195,534
3196,575
3197,522
3198,436
3199,366
3200,378
3201,452
3202,527
3203,505
3204,599
3205,668
3206,892
3207,808
3208,701
3209,621
3210,754
3211,857
3212,520
3213,496
3214,543
3215,564
3216,526
3217,450
3218,512
3219,388
3220,367
3221,304
3222,489
3223,455
3224,496
3225,347
3226,250
3227,348
3228,414
3229,542
3230,562
3231,507
3232,409
3233,414
3234,523
3235,624
3236,604
3237,841
3238,483
3239,418
3240,398
3241,365
3242,310
3243,376
3244,329
3245,350
3246,360
3247,346
3248,426
3249,312
3250,472
3251,492
3252,502
3253,275
3254,340
3255,367
3256,314
3257,328
3258,298
3259,369
3260,334
3261,318
3262,239
3263,344
3264,309
3265,409
3266,367
3267,408
3268,489
3269,405
3270,384
3271,708
3272,379
3273,443
3274,419
3275,341
3276,361
3277,322
3278,296
3279,489
3280,473
3281,359
3282,302
3283,264
3284,270
3285,441
3286,398
3287,441
3288,447
3289,450
3290,517
3291,602
3292,499
3293,595
3294,642
3295,573
3296,536
3297,507
3298,493
3299,429
3300,342
3301,427
3302,455
3303,525
3304,609
3305,474
3306,514
3307,484
3308,360
3309,412
3310,494
3311,596
3312,618
3313,679
3314,538
3315,952
3316,1535
3317,616
3318,492
3319,617
3320,680
3321,751
3322,1066
3323,721
3324,761
3325,760
3326,486
3327,698
3328,707
3329,744
3330,513
3331,436
3332,408
3333,653
3334,557
3335,516
3336,686
3337,581
3338,369
3339,321
3340,305
3341,318
3342,272
3343,279
3344,260
3345,261
3346,271
3347,291
3348,288
3349,254
3350,273
3351,304
3352,348
3353,359
3354,376
3355,269
3356,361
3357,389
3358,288
3359,312
3360,276
3361,196
3362,266
3363,179
3364,201
3365,228
3366,203
3367,184
3368,46
3369,103
3370,178
3371,156
3372,153
3373,158
3374,196
3375,182
3376,150
3377,98
3378,171
3379,212
3380,240
3381,321
3382,230
3383,276
3384,240
3385,164
3386,203
3387,159
3388,82
3389,98
3390,77
3391,88
3392,50
3393,43
3394,56
3395,56
3396,33
3397,66
3398,70
3399,36
3400,37
3401,46
3402,53
3403,32
3404,70
3405,44
3406,134
3407,204
3408,165
3409,110
3410,71
3411,81
3412,77
3413,63
3414,55
3415,44
3416,103
3417,63
3418,131
3419,57
3420,47
3421,45
3422,55
3423,49
3424,37
3425,34
3426,44
3427,59
3428,61
3429,37
3430,92
3431,99
3432,121
3433,78
3434,94
3435,70
3436,130
3437,101
3438,88
3439,93
3440,74
3441,68
3442,48
3443,126
3444,124
3445,105
3446,94
3447,79
3448,232
3449,293
3450,469
3451,657
3452,414
3453,613
3454,547
3455,334
3456,377
3457,383
3458,146
3459,131
3460,105
3461,106
3462,65
3463,50
3464,61
3465,101
3466,54
3467,88
3468,69
3469,77
3470,78
3471,85
3472,55
3473,77
3474,173
3475,236
3476,110
3477,99
3478,140
3479,140
3480,147
3481,72
3482,133
3483,142
3484,115
3485,84
3486,130
3487,93
3488,97
3489,89
3490,97
3491,116
3492,149
3493,115
3494,162
3495,169
3496,125
3497,109
3498,180
3499,110
3500,116
3501,165
3502,115
3503,75
3504,73
3505,105
3506,69
3507,88
3508,105
3509,121
3510,128
3511,134
3512,134
3513,90
3514,54
3515,43
3516,51
3517,65
3518,104
3519,90
3520,162
3521,261
3522,255
3523,83
3524,89
3525,54
3526,53
3527,42
3528,46
3529,33
3530,32
3531,52
3532,79
3533,98
3534,124
3535,106
3536,129
3537,98
3538,113
3539,111
3540,45
3541,69
3542,517
3543,554
3544,559
3545,475
3546,558
3547,619
3548,574
3549,616
3550,510
3551,497
3552,709
3553,387
3554,405
3555,268
3556,288
3557,355
3558,368
3559,328
3560,280
3561,256
3562,251
3563,219
3564,292
3565,268
3566,363
3567,391
3568,420
3569,253
3570,409
3571,426
3572,366
3573,297
3574,278
3575,300
3576,345
3577,358
3578,340
3579,219
3580,179
3581,101
3582,211
3583,174
3584,157
3585,153
3586,104
3587,154
3588,139
3589,125
3590,128
3591,87
3592,98
3593,69
3594,78
3595,120
3596,48
3597,68
3598,68
3599,91
3600,90
3601,85
3602,70
3603,55
3604,81
3605,101
3606,109
3607,54
3608,38
3609,51
3610,74
3611,105
3612,103
3613,95
3614,55
3615,55
3616,31
3617,92
3618,58
3619,100
3620,56
3621,78
3622,132
3623,44
3624,44
3625,77
3626,116
3627,122
3628,218
3629,151
3630,115
3631,88
3632,86
3633,89
3634,116
3635,80
3636,69
3637,61
3638,77
3639,68
3640,140
3641,162
3642,160
3643,116
3644,100
3645,87
3646,95
3647,112
3648,124
3649,52
3650,60
3651,76
3652,272
3653,145
3654,121
3655,122
3656,231
3657,203
3658,219
3659,186
3660,124
3661,123
3662,93
3663,106
3664,156
3665,185
3666,224
3667,265
3668,210
3669,365
3670,332
3671,186
3672,244
3673,219
3674,149
3675,127
3676,61
3677,77
3678,68
3679,81
3680,95
3681,76
3682,73
3683,155
3684,79
3685,85
3686,115
3687,175
3688,118
3689,50
3690,62
3691,50
3692,104
3693,165
3694,82
3695,86
3696,117
3697,99
3698,69
3699,70
3700,81
3701,86
3702,114
3703,96
3704,70
3705,103
3706,83
3707,69
3708,47
3709,88
3710,111
3711,99
3712,100
3713,113
3714,89
3715,239
3716,181
3717,127
3718,90
3719,113
3720,148
3721,120
3722,141
3723,129
3724,118
3725,132
3726,257
3727,284
3728,190
3729,79
3730,144
3731,111
3732,105
3733,84
3734,82
3735,210
3736,180
3737,72
3738,87
3739,80
3740,85
3741,97
3742,88
3743,104
3744,146
3745,71
3746,100
3747,119
3748,71
3749,111
3750,202
3751,184
3752,104
3753,216
3754,431
3755,413
3756,398
3757,393
3758,558
3759,337
3760,349
3761,396
3762,299
3763,364
3764,331
3765,283
3766,227
3767,298
3768,262
3769,405
3770,263
3771,265
3772,282
3773,269
3774,299
3775,163
3776,185
3777,148
3778,205
3779,221
3780,211
3781,127
3782,248
3783,283
3784,238
3785,207
3786,256
3787,299
3788,241
3789,278
3790,361
3791,290
3792,230
3793,307
3794,179
3795,236
3796,249
3797,199
3798,201
3799,258
3800,281
3801,321
3802,354
3803,349
3804,331
3805,258
3806,385
3807,241
3808,199
3809,230
3810,260
3811,197
3812,189
3813,282
3814,307
3815,263
3816,215
3817,202
3818,228
3819,305
3820,282
3821,373
3822,274
3823,211
3824,245
3825,329
3826,218
3827,220
3828,297
3829,265
3830,231
3831,203
3832,205
3833,262
3834,355
3835,433
3836,516
3837,495
3838,456
3839,337
3840,295
3841,386
3842,324
3843,330
3844,347
3845,294
3846,300
3847,330
3848,296
3849,327
3850,450
3851,251
3852,221
3853,205
3854,208
3855,230
3856,243
3857,320
3858,236
3859,213
3860,273
3861,267
3862,321
3863,249
3864,264
3865,310
3866,315
3867,417
3868,288
3869,291
3870,273
3871,192
3872,237
3873,274
3874,182
3875,235
3876,173
3877,236
3878,334
3879,284
3880,202
3881,316
3882,265
3883,329
3884,296
3885,197
3886,179
3887,253
3888,221
3889,215
3890,173
3891,169
3892,201
3893,209
3894,237
3895,225
3896,271
3897,234
3898,302
3899,333
3900,406
3901,274
3902,267
3903,232
3904,229
3905,380
3906,463
3907,394
3908,353
3909,228
3910,205
3911,169
3912,181
3913,255
3914,290
3915,264
3916,392
3917,347
3918,339
3919,289
3920,253
3921,214
3922,290
3923,270
3924,303
3925,283
3926,239
3927,312
3928,420
3929,394
3930,352
3931,276
3932,318
3933,229
3934,194
3935,236
3936,307
3937,262
3938,328
3939,259
3940,370
3941,359
3942,307
3943,367
3944,345
3945,351
3946,315
3947,370
3948,277
3949,328
3950,330
3951,293
3952,338
3953,351
3954,336
3955,477
3956,366
3957,357
3958,344
3959,270
3960,346
3961,453
3962,365
3963,260
3964,236
3965,291
3966,196
3967,248
3968,200
3969,161
3970,134
3971,121
3972,89
3973,92
3974,106
3975,144
3976,144
3977,129
3978,204
3979,280
3980,172
3981,123
3982,193
3983,127
3984,169
3985,145
3986,95
3987,261
3988,138
3989,158
3990,128
3991,145
3992,119
3993,113
3994,140
3995,266
3996,347
3997,106
3998,141
3999,184
4000,152
4001,189
4002,153
4003,165
4004,140
4005,290
4006,186
4007,201
4008,151
4009,130
4010,200
4011,161
4012,160
4013,151
4014,127
4015,121
4016,147
4017,204
4018,131
4019,101
4020,153
4021,113
4022,201
4023,143
4024,198
4025,137
4026,110
4027,252
4028,213
4029,191
4030,157
4031,242
4032,330
4033,187
4034,313
4035,402
4036,368
4037,618
4038,360
4039,213
4040,285
4041,337
4042,150
4043,134
4044,208
4045,269
4046,158
4047,189
4048,164
4049,178
4050,197
4051,237
4052,164
4053,151
4054,161
4055,95
4056,121
4057,130
4058,137
4059,163
4060,189
4061,262
4062,303
4063,271
4064,238
4065,204
4066,188
4067,189
4068,208
4069,218
4070,246
4071,208
4072,215
4073,299
4074,306
4075,259
4076,217
4077,237
4078,213
4079,220
4080,433
4081,227
4082,176
4083,140
4084,141
4085,152
4086,157
4087,158
4088,183
4089,157
4090,154
4091,253
4092,244
4093,144
4094,166
4095,197
4096,239
4097,234
4098,205
4099,157
4100,153
4101,175
4102,161
4103,117
4104,133
4105,106
4106,92
4107,103
4108,106
4109,119
4110,135
4111,86
4112,115
4113,137
4114,133
4115,183
4116,118
4117,190
4118,185
4119,154
4120,245
4121,214
4122,206
4123,202
4124,231
4125,240
4126,223
4127,273
4128,363
4129,492
4130,391
4131,442
4132,644
4133,494
4134,458
4135,240
4136,283
4137,371
4138,332
4139,310
4140,192
4141,201
4142,274
4143,275
4144,248
4145,275
4146,235
4147,212
4148,175
4149,293
4150,323
4151,243
4152,294
4153,279
4154,268
4155,263
4156,257
4157,245
4158,314
4159,204
4160,263
4161,266
4162,215
4163,171
4164,139
4165,164
4166,229
4167,172
4168,201
4169,293
4170,211
4171,246
4172,182
4173,163
4174,230
4175,222
4176,234
4177,284
4178,160
4179,178
4180,127
4181,138
4182,153
4183,207
4184,284
4185,303
4186,250
4187,226
4188,280
4189,366
4190,345
4191,302
4192,224
4193,212
4194,203
4195,137
4196,164
4197,344
4198,231
4199,140
4200,226
4201,57
4202,87
4203,217
4204,142
4205,163
4206,150
4207,237
4208,134
4209,105
4210,100
4211,82
4212,87
4213,53
4214,123
4215,100
4216,92
4217,84
4218,68
4219,83
4220,78
4221,94
4222,98
4223,44
4224,41
4225,56
4226,57
4227,98
4228,53
4229,97
4230,117
4231,67
4232,91
4233,112
4234,121
4235,95
4236,114
4237,108
4238,102
4239,165
4240,111
4241,122
4242,97
4243,91
4244,100
4245,122
4246,85
4247,117
4248,107
4249,57
4250,70
4251,97
4252,87
4253,119
4254,87
4255,89
4256,85
4257,85
4258,53
4259,65
4260,50
4261,92
4262,134
4263,142
4264,187
4265,96
4266,118
4267,127
4268,112
4269,137
4270,111
4271,115
4272,113
4273,162
4274,234
4275,160
4276,182
4277,121
4278,112
4279,184
4280,217
4281,143
4282,201
4283,166
4284,235
4285,251
4286,235
4287,221
4288,331
4289,405
4290,357
4291,294
4292,331
4293,330
4294,219
4295,279
4296,242
4297,273
4298,233
4299,427
4300,430
4301,394
4302,448
4303,391
4304,356
4305,354
4306,183
4307,246
4308,284
4309,435
4310,247
4311,355
4312,346
4313,256
4314,380
4315,304
4316,236
4317,231
4318,299
4319,317
4320,276
4321,243
4322,326
4323,256
4324,263
4325,306
4326,275
4327,293
4328,284
4329,253
4330,196
4331,170
4332,200
4333,156
4334,198
4335,103
4336,73
4337,65
4338,59
4339,53
4340,94
4341,78
4342,53
4343,143
4344,164
4345,87
4346,153
4347,124
4348,57
4349,94
4350,150
4351,88
4352,64
4353,122
4354,109
4355,128
4356,142
4357,118
4358,122
4359,144
4360,135
4361,174
4362,161
4363,135
4364,79
4365,94
4366,102
4367,90
4368,87
4369,67
4370,54
4371,66
4372,116
4373,112
4374,106
4375,146
4376,108
4377,100
4378,111
4379,90
4380,138
4381,181
4382,188
4383,218
4384,257
4385,236
4386,206
4387,264
4388,190
4389,179
4390,114
4391,128
4392,98
4393,124
4394,110
4395,175
4396,88
4397,79
4398,95
4399,73
4400,40
4401,51
4402,61
4403,104
4404,57
4405,85
4406,85
4407,59
4408,51
4409,72
4410,211
4411,101
4412,87
4413,156
4414,172
4415,127
4416,76
4417,73
4418,61
4419,71
4420,67
4421,82
4422,71
4423,71
4424,56
4425,65
4426,58
4427,73
4428,108
4429,65
4430,62
4431,46
4432,75
4433,50
4434,71
4435,79
4436,56
4437,73
4438,110
4439,48
4440,51
4441,44
4442,21
4443,63
4444,61
4445,92
4446,49
4447,68
4448,35
4449,44
4450,58
4451,81
4452,73
4453,88
4454,197
4455,202
4456,370
4457,139
4458,88
4459,81
4460,25
4461,17
4462,63
4463,102
4464,112
4465,131
4466,99
4467,116
4468,107
4469,83
4470,57
4471,61
4472,32
4473,34
4474,25
4475,30
4476,26
4477,27
4478,22
4479,22
4480,28
4481,54
4482,35
4483,38
4484,35
4485,29
4486,28
4487,34
4488,39
4489,29
4490,14
4491,43
4492,49
4493,48
4494,23
4495,63
4496,32
4497,23
4498,34
4499,32
4500,31
4501,24
4502,13
4503,38
4504,56
4505,37
4506,26
4507,36
4508,56
4509,42
4510,33
4511,18
4512,22
4513,23
4514,41
4515,38
4516,38
4517,47
4518,98
4519,70
4520,43
4521,49
4522,78
4523,55
4524,40
4525,65
4526,86
4527,94
4528,87
4529,96
4530,165
4531,125
4532,48
4533,75
4534,61
4535,41
4536,27
4537,18
4538,42
4539,29
4540,25
4541,117
4542,46
4543,38
4544,52
4545,40
4546,22
4547,28
4548,26
4549,53
4550,62
4551,18
4552,50
4553,16
4554,32
4555,18
4556,40
4557,88
4558,81
4559,49
4560,67
4561,97
4562,15
4563,13
4564,17
4565,20
4566,19
4567,19
4568,23
4569,29
4570,67
4571,33
4572,33
4573,34
4574,26
4575,22
4576,16
4577,19
4578,28
4579,23
4580,12
4581,20
4582,43
4583,54
4584,62
4585,56
4586,88
4587,75
4588,140
4589,220
4590,288
4591,75
4592,73
4593,41
4594,80
4595,79
4596,114
4597,52
4598,36
4599,79
4600,25
4601,31
4602,43
4603,49
4604,46
4605,49
4606,40
4607,50
4608,91
4609,46
4610,52
4611,85
4612,131
4613,118
4614,69
4615,65
4616,49
4617,57
4618,40
4619,48
4620,54
4621,93
4622,38
4623,64
4624,40
4625,21
4626,17
4627,5
4628,30
4629,13
4630,11
4631,7
4632,33
4633,15
4634,10
4635,16
4636,24
4637,25
4638,22
4639,13
4640,24
4641,17
4642,16
4643,35
4644,32
4645,21
4646,13
4647,15
4648,15
4649,19
4650,25
4651,22
4652,41
4653,20
4654,36
4655,47
4656,59
4657,95
4658,91
4659,97
4660,116
4661,77
4662,43
4663,35
4664,23
4665,27
4666,19
4667,23
4668,25
4669,53
4670,73
4671,26
4672,42
4673,27
4674,30
4675,34
4676,28
4677,40
4678,33
4679,47
4680,36
4681,28
4682,31
4683,42
4684,55
4685,55
4686,47
4687,39
4688,24
4689,35
4690,47
4691,19
4692,22
4693,32
4694,42
4695,14
4696,35
4697,35
4698,19
4699,16
4700,25
4701,33
4702,24
4703,34
4704,66
4705,33
4706,15
4707,9
4708,9
4709,7
4710,8
4711,6
4712,5
4713,5
4714,7
4715,4
4716,6
4717,4
4718,4
4719,6
4720,3
4721,6
4722,9
4723,8
4724,2
4725,3
4726,11
4727,2
4728,6
4729,35
4730,9
4731,4
4732,6
4733,10
4734,5
4735,4
4736,4
4737,3
4738,4
4740,1
4741,6
4742,13
4743,17
4744,18
4745,2
4746,5
4747,7
4748,8
4749,9
4750,2
4751,6
4752,8
4753,12
4754,7
4755,4
4756,9
4757,16
4758,18
4759,4
4760,7
4761,17
4762,5
4763,9
4764,5
4765,14
4766,7
4767,5
4768,8
4769,11
4770,10
4771,23
4772,20
4773,4
4774,7
4775,4
4776,4
4777,5
4778,12
4779,8
4780,33
4781,146
4782,20
4783,6
4784,9
4785,4
4786,11
4787,13
4788,3
4789,14
4790,6
4791,6
4792,6
4793,8
4794,9
4795,27
4796,51
4797,18
4798,38
4799,32
4800,35
4801,36
4802,26
4803,58
4804,102
4805,45
4806,36
4807,34
4808,28
4809,30
4810,12
4811,5
4812,4
4813,13
4814,5
4815,7
4816,7
4817,9
4818,14
4819,16
4820,17
4821,4
4822,18
4823,37
4824,75
4825,25
4826,55
4827,42
4828,30
4829,22
4830,10
4831,9
4832,6
4833,10
4834,22
4835,28
4836,10
4837,13
4838,11
4839,18
4840,8
4841,21
4842,7
4843,3
4844,6
4845,11
4846,13
4847,35
4848,5
4849,10
4850,9
4851,10
4852,8
4853,7
4854,5
4855,8
4856,11
4857,22
4858,2
4859,26
4860,22
4861,20
4862,17
4863,26
4864,5
4865,7
4866,2
4867,6
4868,5
4869,6
4870,8
4871,7
4872,6
4873,5
4874,18
4875,21
4876,9
4877,2
4878,10
4879,6
4880,6
4881,6
4882,5
4883,7
4884,4
4885,5
4886,10
4887,3
4888,7
4889,26
4890,70
4891,43
4892,32
4893,23
4894,23
4895,10
4896,3
4897,2
4898,6
4899,4
4900,3
4901,6
4902,6
4903,5
4904,8
4905,23
4906,22
4907,10
4908,4
4909,7
4910,3
4911,2
4912,3
4913,5
4914,7
4915,7
4916,4
4917,9
4918,8
4919,26
4920,23
4921,11
4922,4
4923,3
4924,5
4925,13
4926,5
4927,43
4928,50
4929,9
4930,20
4931,10
4932,28
4933,52
4934,25
4935,10
4936,2
4937,8
4938,3
4939,2
4940,6
4941,7
4942,2
4943,11
4944,9
4945,1
4946,10
4947,14
4948,19
4949,40
4950,26
4951,10
4953,2
4954,14
4955,25
4956,14
4957,10
4958,7
4959,4
4960,2
4961,4
4962,8
4963,7
4964,17
4965,19
4966,2
4967,7
4969,7
4970,7
4972,3
4973,24
4974,92
4975,84
4976,49
4977,19
4978,10
4979,9
4980,6
4981,8
4982,4
4983,8
4984,10
4985,5
4986,10
4987,23
4988,10
4989,7
4990,8
4991,15
4992,6
4993,18
4994,40
4995,30
4996,62
4997,24
4998,19
4999,14
5000,16
5001,6
5002,1
5003,2
5004,5
5005,11
5006,9
5007,5
5008,5
5009,39
5010,38
5011,4
5012,9
5013,10
5014,9
5015,9
5016,35
5017,38
5018,28
5019,23
5020,81
5021,41
5022,20
5023,3
5024,18
5025,12
5026,16
5027,9
5028,28
5029,38
5030,9
5031,13
5032,6
5033,2
5034,3
5035,10
5036,23
5037,7
5038,6
5039,7
5040,4
5041,2
5042,7
5043,1
5044,8
5045,10
5046,2
5047,7
5048,50
5049,22
5050,10
5051,29
5052,39
5053,12
5054,7
5055,6
5056,6
5057,21
5058,29
5059,17
5060,14
5061,8
5062,4
5063,8
5064,21
5065,14
5066,14
5067,25
5068,14
5069,16
5070,21
5071,12
5072,28
5073,37
5074,7
5075,20
5076,14
5077,11
5078,1
5079,2
5080,3
5081,2
5082,8
5083,4
5084,13
5085,68
5086,80
5087,183
5088,35
5089,12
5090,25
5091,8
5092,19
5093,25
5094,21
5095,20
5096,12
5097,12
5098,48
5099,27
5100,5
5101,16
5102,7
5103,2
5104,7
5105,9
5106,7
5107,18
5108,7
5109,7
5110,12
5111,32
5112,20
5113,17
5114,27
5115,6
5116,10
5117,21
5118,7
5119,2
5120,8
5121,7
5122,5
5123,5
5124,6
5125,6
5126,40
5127,19
5128,9
5129,3
5130,3
5131,7
5132,2
5133,1
5134,3
5135,1
5136,9
5137,2
5138,16
5139,6
5140,14
5141,28
5142,10
5143,13
5144,6
5145,12
5146,12
5147,9
5148,5
5149,4
5150,2
5151,13
5152,23
5153,3
5154,41
5155,10
5156,21
5157,53
5158,52
5159,3
5160,5
5161,2
5162,2
5163,13
5164,7
5165,3
5166,7
5167,1
5168,2
5169,11
5170,13
5171,5
5172,16
5173,13
5174,3
5175,5
5176,12
5177,19
5178,4
5179,1
5180,11
5181,28
5182,11
5183,6
5184,5
5185,7
5186,17
5187,36
5188,55
5189,12
5190,4
5191,1
5192,28
5193,11
5194,9
5195,12
5196,6
5197,13
5198,8
5200,12
5201,4
5202,19
5203,16
5204,4
5205,11
5206,3
5207,5
5209,20
5210,6
5211,13
5212,6
5213,8
5214,4
5215,19
5216,34
5217,46
5218,43
5219,13
5220,23
5221,6
5222,10
5223,10
5224,19
5225,18
5226,34
5227,61
5229,72
5230,355
5231,211
5232,101
5233,136
5234,141
5235,83
5236,68
5237,118
5238,174
5239,242
5240,226
5241,106
5242,42
5243,14
5244,6
5245,5
5246,1
5247,6
5248,4
5249,41
5250,34
5251,5
5252,9
5253,5
5254,3
5255,2
5256,10
5257,9
5258,4
5259,7
5260,4
5261,57
5262,18
5263,29
5264,2
5265,4
5266,4
5267,3
5268,3
5269,11
5270,10
5272,3
5274,4
5275,2
5276,8
5277,21
5278,63
5279,37
5280,5
5281,7
5282,6
5283,12
5284,6
5285,3
5286,7
5287,4
5288,3
5289,2
5290,6
5291,6
5292,20
5293,11
5294,5
5295,1
5296,12
5297,8
5298,14
5299,9
5300,2
5301,9
5302,9
5303,24
5304,15
5305,4
5306,7
5307,27
5308,10
5309,4
5310,3
5311,12
5312,13
5313,8
5314,15
5316,5
5317,1
5318,2
5319,1
5320,7
5321,7
5322,47
5323,11
5324,27
5325,3
5326,16
5327,6
5328,6
5329,8
5330,7
5331,12
5332,16
5333,6
5334,12
5335,23
5336,3
5337,33
5338,10
5339,10
5340,5
5341,6
5342,4
5343,8
5344,4
5345,8
5346,19
5347,20
5348,38
5349,48
5350,32
5351,31
5352,21
5353,17
5354,11
5355,16
5356,5
5357,10
5358,11
5359,21
5360,14
5361,10
5362,21
5363,35
5364,22
5365,5
5366,3
5367,2
5368,2
5369,16
5370,35
5371,12
5372,11
5373,57
5374,29
5375,29
5376,19
5377,9
5378,7
5379,22
5380,6
5381,3
5382,1
5383,10
5384,9
5385,9
5386,7
5387,27
5388,12
5389,7
5390,5
5391,8
5392,6
5393,3
5394,20
5395,38
5396,13
5397,11
5398,2
5399,2
5400,2
5401,28
5402,18
5403,5
5404,2
5405,1
5407,26
5408,1
5409,8
5410,1
5411,1
5412,6
5413,10
5414,26
5415,36
5417,6
5418,12
5419,12
5420,5
5421,6
5422,5
5423,1
5424,10
5425,18
5426,7
5427,11
5428,17
5429,16
5430,17
5431,31
5432,38
5433,22
5434,48
5435,25
5436,60
5437,36
5438,70
5439,23
5440,8
