0,107252
237,5
238,1
241,4
242,2
243,1
245,3
246,3
247,5
248,7
249,4
250,3
251,3
252,3
253,2
254,9
256,6
257,1
258,3
259,2
260,4
262,1
263,4
265,4
266,1
267,7
268,3
269,2
270,3
271,5
273,9
274,4
276,6
277,3
278,6
279,2
281,2
282,1
283,9
284,2
285,5
286,5
287,6
288,1
289,1
290,14
291,39
292,28
293,36
294,83
295,17
296,9
297,5
298,8
299,2
300,24
301,19
302,37
303,43
304,7
305,24
306,3
307,3
308,6
309,17
310,27
311,32
312,8
313,2
314,1
315,1
316,2
317,4
318,1
319,2
321,5
322,2
324,3
325,2
326,3
327,1
328,4
329,3
330,4
331,3
333,1
334,1
335,5
336,5
337,2
338,1
340,1
341,2
342,4
343,1
344,4
345,3
347,2
349,7
350,2
351,5
352,4
353,4
354,2
355,1
356,3
357,2
358,3
359,1
360,1
362,22
363,36
364,30
365,13
366,80
367,82
368,26
369,23
370,23
371,9
372,10
373,19
374,34
375,3
376,33
377,96
378,28
379,1
380,1
381,2
385,3
386,4
387,1
388,1
390,4
391,1
394,4
396,1
397,4
398,2
399,5
402,1
403,3
404,3
405,2
406,2
407,1
408,1
409,2
410,1
411,1
412,5
413,3
414,3
416,1
417,4
418,1
419,1
420,3
422,1
423,4
424,8
426,2
427,6
428,5
429,2
430,2
433,1
434,3
435,1
436,1
437,2
438,2
439,4
440,2
441,2
442,1
443,8
444,20
445,32
446,3
447,1
448,1
449,2
450,3
451,2
452,1
453,2
455,3
456,2
457,14
458,3
459,2
460,1
461,2
462,1
463,3
464,1
465,4
466,1
467,3
468,4
469,3
470,2
473,7
474,2
475,3
476,1
477,7
478,6
481,4
482,10
483,4
484,1
485,2
486,2
487,4
488,2
490,1
492,2
493,9
494,4
495,3
496,4
497,2
498,7
499,24
500,10
501,5
502,15
503,12
504,15
505,13
506,9
507,42
508,3
509,12
510,18
511,10
512,17
513,5
514,5
515,10
516,1
517,13
518,24
519,8
520,20
521,28
522,7
523,22
524,21
525,6
526,7
527,7
528,12
529,14
530,6
531,17
532,6
533,22
534,10
535,15
536,6
537,3
538,11
539,25
540,52
541,20
542,14
543,12
544,32
545,25
546,10
547,5
548,14
549,18
550,19
551,5
552,14
553,43
554,202
555,159
556,69
557,10
558,12
559,7
560,7
561,3
562,15
563,5
564,3
565,12
566,4
567,3
568,9
569,10
570,5
571,6
572,7
573,10
574,8
575,6
576,14
577,16
578,13
579,4
580,15
581,7
582,8
583,12
584,3
585,4
586,4
587,16
588,18
589,5
590,6
591,3
592,4
593,4
594,14
595,4
596,3
597,9
598,3
599,13
600,5
601,4
602,2
603,10
604,3
605,4
606,9
607,8
608,7
609,8
610,6
611,7
612,3
613,3
614,8
615,9
616,5
617,8
618,8
619,2
620,9
621,4
622,14
623,6
624,18
625,26
626,60
627,41
628,59
629,34
630,74
631,40
632,25
633,18
634,19
635,26
636,69
637,40
638,23
639,9
640,6
641,12
642,9
643,10
644,9
645,8
646,4
647,4
648,8
649,2
650,5
651,5
652,11
653,6
654,25
655,30
656,15
657,28
658,18
659,86
660,22
661,48
662,42
663,31
664,51
665,26
666,21
667,31
668,44
669,17
670,7
671,8
672,5
673,1
674,5
675,10
676,6
677,8
678,4
679,6
680,11
681,3
682,10
683,25
684,84
685,55
686,88
687,49
688,64
689,30
690,58
691,58
692,20
693,7
694,5
695,4
696,13
697,8
698,8
699,5
700,14
701,6
702,5
703,7
704,5
705,4
706,6
707,6
708,5
709,3
710,13
711,2
712,5
713,10
714,7
715,49
716,27
717,1
718,2
719,9
720,1
721,11
722,13
723,10
724,5
725,2
726,10
727,5
728,6
729,5
730,11
731,4
732,20
733,7
734,11
735,17
736,8
737,16
738,11
739,5
741,4
742,15
743,3
744,15
745,1
746,11
747,6
748,8
749,4
750,1
751,6
752,11
753,24
754,13
755,3
756,1
757,5
758,1
759,2
760,4
762,3
763,5
764,3
765,1
766,2
767,4
768,4
769,3
770,2
771,2
772,4
773,2
774,1
775,2
776,3
778,1
779,2
780,4
781,3
782,2
783,4
784,3
785,2
786,5
789,4
791,9
794,3
795,5
797,2
798,2
799,6
800,1
801,5
802,4
803,5
804,10
805,1
806,2
807,4
808,3
809,5
810,1
812,1
813,2
814,3
815,5
816,3
817,5
818,7
820,1
821,3
822,2
823,1
824,3
826,3
827,1
829,3
830,3
831,3
832,3
833,3
837,3
838,3
839,1
840,4
841,2
842,1
843,3
846,6
850,2
851,1
852,2
853,1
855,4
856,2
857,1
859,3
860,53
861,1
863,1
864,2
865,3
866,2
867,2
868,2
869,3
870,2
871,1
872,1
873,5
874,2
875,9
876,3
877,7
878,1
881,3
883,3
884,5
885,6
886,1
887,3
889,6
890,2
891,2
892,1
893,20
894,6
895,9
896,14
897,18
898,4
899,13
900,4
901,2
902,1
903,1
904,5
905,25
906,6
907,3
908,1
909,4
910,3
912,3
913,4
916,5
918,1
919,2
920,1
921,3
922,2
926,3
927,3
929,2
930,2
931,1
932,2
933,1
934,4
935,3
936,3
938,2
939,1
940,2
942,1
943,6
944,6
945,1
946,1
947,5
948,2
949,2
950,1
951,3
952,2
953,4
954,4
955,2
956,1
957,2
959,2
961,4
962,4
963,2
964,1
965,3
967,3
969,1
970,1
971,3
972,1
975,8
976,8
977,11
978,8
979,11
980,7
981,3
983,2
984,3
985,5
987,7
988,2
989,1
990,3
991,2
992,1
993,3
994,1
995,8
996,2
997,1
998,1
1000,1
1001,2
1002,6
1003,3
1004,9
1005,11
1006,1
1007,2
1008,1
1009,2
1010,5
1011,4
1012,2
1013,2
1015,3
1016,4
1018,1
1019,1
1021,4
1022,4
1023,2
1024,1
1025,5
1026,2
1028,1
1029,3
1030,3
1031,1
1033,1
1034,1
1035,3
1036,6
1037,1
1038,39
1039,87
1040,2
1041,4
1042,2
1043,1
1044,4
1045,3
1046,2
1047,1
1048,1
1049,1
1051,4
1052,1
1053,3
1054,1
1055,1
1056,4
1058,5
1059,3
1060,1
1061,2
1062,1
1063,1
1064,35
1065,30
1066,10
1067,28
1068,2
1069,20
1070,34
1071,36
1072,13
1073,1
1074,2
1075,3
1076,1
1077,3
1078,2
1079,2
1081,1
1082,1
1083,1
1085,5
1086,2
1087,1
1088,3
1089,5
1090,3
1092,2
1094,2
1095,3
1096,2
1097,1
1098,2
1100,2
1101,1
1102,13
1103,22
1104,58
1105,17
1106,16
1108,3
1109,1
1110,1
1111,2
1113,1
1114,1
1115,3
1116,4
1117,1
1118,3
1120,2
1121,2
1122,4
1123,2
1124,4
1125,2
1126,1
1128,1
1129,3
1130,1
1131,2
1132,1
1133,2
1134,3
1135,2
1136,1
1137,2
1140,28
1141,26
1142,2
1143,4
1144,1
1145,4
1146,1
1148,5
1149,2
1150,2
1151,6
1152,3
1153,15
1154,3
1155,3
1156,5
1157,4
1158,15
1159,60
1160,52
1161,21
1162,13
1163,47
1164,24
1165,20
1166,33
1167,27
1168,25
1169,32
1170,6
1171,16
1172,4
1173,5
1174,13
1175,3
1176,11
1177,7
1178,2
1179,15
1180,7
1181,10
1182,2
1183,1
1184,5
1185,9
1186,5
1187,2
1188,3
1189,7
1190,12
1191,3
1192,3
1193,9
1194,3
1195,5
1196,7
1197,15
1198,6
1199,3
1200,3
1201,2
1202,2
1203,7
1204,9
1205,22
1206,15
1207,20
1208,9
1209,62
1210,83
1211,45
1212,146
1213,13
1214,8
1215,13
1216,16
1217,24
1218,26
1219,71
1220,25
1221,23
1222,19
1223,1
1224,4
1225,7
1226,3
1227,9
1228,23
1229,22
1230,10
1231,8
1232,8
1233,14
1234,9
1235,10
1236,24
1237,12
1238,13
1239,2
1240,8
1241,14
1242,19
1243,16
1244,24
1245,29
1246,17
1247,17
1248,9
1249,5
1250,10
1251,10
1252,12
1253,20
1254,30
1255,10
1256,19
1257,11
1258,19
1259,14
1260,18
1261,10
1262,26
1263,25
1264,20
1265,165
1266,23
1267,24
1268,33
1269,57
1270,72
1271,103
1272,45
1273,48
1274,95
1275,39
1276,38
1277,68
1278,89
1279,87
1280,47
1281,43
1282,67
1283,90
1284,141
1285,159
1286,68
1287,123
1288,435
1289,86
1290,78
1291,100
1292,99
1293,81
1294,151
1295,56
1296,51
1297,79
1298,177
1299,98
1300,138
1301,60
1302,44
1303,102
1304,47
1305,54
1306,98
1307,150
1308,109
1309,116
1310,140
1311,98
1312,137
1313,135
1314,149
1315,242
1316,118
1317,121
1318,164
1319,130
1320,112
1321,60
1322,44
1323,33
1324,145
1325,42
1326,139
1327,86
1328,70
1329,56
1330,97
1331,72
1332,110
1333,126
1334,66
1335,86
1336,72
1337,60
1338,43
1339,62
1340,89
1341,85
1342,51
1343,31
1344,30
1345,24
1346,24
1347,23
1348,23
1349,79
1350,30
1351,24
1352,48
1353,59
1354,33
1355,139
1356,73
1357,92
1358,41
1359,86
1360,108
1361,96
1362,49
1363,63
1364,68
1365,79
1366,70
1367,340
1368,133
1369,143
1370,78
1371,213
1372,81
1373,128
1374,83
1375,40
1376,66
1377,67
1378,58
1379,73
1380,69
1381,75
1382,50
1383,62
1384,64
1385,66
1386,47
1387,155
1388,67
1389,94
1390,45
1391,80
1392,125
1393,102
1394,115
1395,24
1396,54
1397,318
1398,148
1399,82
1400,128
1401,93
1402,101
1403,182
1404,241
1405,327
1406,429
1407,248
1408,339
1409,316
1410,214
1411,244
1412,200
1413,234
1414,270
1415,269
1416,458
1417,646
1418,756
1419,415
1420,352
1421,327
1422,288
1423,196
1424,274
1425,661
1426,409
1427,324
1428,193
1429,230
1430,258
1431,376
1432,322
1433,259
1434,187
1435,473
1436,208
1437,173
1438,274
1439,138
1440,180
1441,220
1442,219
1443,200
1444,189
1445,144
1446,125
1447,124
1448,134
1449,148
1450,318
1451,135
1452,192
1453,248
1454,139
1455,182
1456,98
1457,97
1458,103
1459,113
1460,115
1461,173
1462,180
1463,118
1464,276
1465,183
1466,175
1467,305
1468,358
1469,337
1470,367
1471,558
1472,299
1473,311
1474,235
1475,281
1476,240
1477,839
1478,1612
1479,365
1480,448
1481,271
1482,337
1483,270
1484,217
1485,384
1486,179
1487,177
1488,249
1489,191
1490,324
1491,320
1492,259
1493,276
1494,232
1495,220
1496,178
1497,249
1498,437
1499,163
1500,234
1501,281
1502,210
1503,228
1504,151
1505,137
1506,118
1507,155
1508,189
1509,426
1510,300
1511,233
1512,320
1513,420
1514,227
1515,234
1516,240
1517,197
1518,249
1519,238
1520,210
1521,214
1522,276
1523,460
1524,189
1525,396
1526,458
1527,481
1528,382
1529,391
1530,308
1531,296
1532,292
1533,321
1534,312
1535,326
1536,354
1537,428
1538,496
1539,398
1540,408
1541,399
1542,477
1543,272
1544,447
1545,372
1546,437
1547,408
1548,306
1549,524
1550,444
1551,344
1552,425
1553,217
1554,214
1555,220
1556,205
1557,272
1558,182
1559,230
1560,335
1561,418
1562,193
1563,290
1564,195
1565,297
1566,226
1567,444
1568,893
1569,421
1570,345
1571,447
1572,393
1573,286
1574,277
1575,374
1576,407
1577,333
1578,328
1579,347
1580,469
1581,421
1582,1189
1583,458
1584,380
1585,472
1586,377
1587,403
1588,493
1589,471
1590,751
1591,1030
1592,1013
1593,692
1594,803
1595,683
1596,579
1597,864
1598,901
1599,1006
1600,672
1601,585
1602,794
1603,756
1604,841
1605,758
1606,821
1607,783
1608,1028
1609,591
1610,756
1611,738
1612,585
1613,1154
1614,1043
1615,882
1616,850
1617,828
1618,979
1619,885
1620,886
1621,1023
1622,930
1623,947
1624,1012
1625,1416
1626,1271
1627,1871
1628,1577
1629,719
1630,724
1631,874
1632,829
1633,990
1634,1371
1635,1257
1636,1362
1637,1478
1638,1196
1639,1275
1640,2369
1641,1831
1642,2022
1643,1607
1644,984
1645,1091
1646,884
1647,854
1648,881
1649,893
1650,977
1651,2100
1652,1280
1653,1100
1654,1256
1655,1105
1656,1850
1657,1323
1658,1432
1659,2061
1660,2211
1661,1937
1662,2499
1663,2324
1664,2756
1665,1649
1666,1903
1667,2044
1668,1574
1669,1962
1670,2781
1671,2438
1672,3142
1673,3361
1674,3080
1675,2311
1676,2498
1677,2059
1678,2462
1679,2536
1680,1940
1681,1981
1682,1904
1683,2622
1684,1993
1685,1913
1686,2076
1687,2094
1688,2564
1689,2957
1690,2999
1691,3200
1692,3590
1693,3455
1694,3544
1695,3223
1696,3029
1697,3104
1698,3614
1699,3353
1700,5722
1701,3767
1702,4268
1703,3349
1704,3888
1705,3777
1706,3864
1707,4442
1708,4013
1709,4862
1710,3937
1711,5339
1712,5125
1713,5831
1714,5569
1715,5985
1716,6602
1717,5760
1718,5209
1719,6882
1720,6394
1721,6759
1722,6600
1723,7185
1724,6037
1725,6086
1726,6957
1727,6979
1728,8222
1729,7114
1730,7728
1731,6611
1732,6643
1733,6736
1734,8316
1735,7124
1736,7831
1737,7818
1738,8134
1739,8776
1740,9137
1741,10828
1742,10643
1743,10306
1744,11611
1745,11208
1746,12833
1747,13114
1748,12520
1749,12869
1750,12929
1751,14670
1752,16728
1753,14957
1754,14876
1755,15269
1756,15312
1757,17186
1758,18561
1759,16666
1760,18149
1761,23472
1762,18878
1763,22027
1764,21922
1765,21671
1766,29230
1767,28177
1768,29010
1769,36351
1770,30275
1771,32804
1772,33301
1773,35838
1774,36630
1775,39990
1776,42296
1777,43516
1778,47151
1779,57245
1780,59132
1781,61373
1782,67879
1783,71935
1784,93702
1785,100238
1786,103463
1787,118422
1788,138324
1789,149008
1790,162819
1791,197001
1792,230790
1793,273290
1794,377422
1795,462257
1796,591681
1797,812302
1798,1284700
1799,2861627
1800,28351479
1801,37486
1802,28129
1803,27689
1804,24948
1805,25835
1806,25831
1807,27120
1808,26054
1809,23652
1810,29493
1811,30379
1812,28642
1813,30228
1814,26390
1815,24936
1816,22988
1817,22584
1818,20672
1819,21600
1820,18842
1821,18062
1822,18342
1823,19040
1824,19457
1825,20611
1826,18564
1827,18084
1828,17027
1829,17401
1830,17193
1831,18862
1832,20293
1833,22256
1834,22227
1835,17829
1836,16643
1837,18214
1838,18448
1839,19592
1840,18745
1841,16675
1842,16459
1843,16493
1844,15387
1845,15729
1846,16918
1847,17888
1848,16409
1849,16075
1850,13902
1851,14783
1852,15465
1853,14089
1854,15301
1855,15668
1856,16205
1857,16670
1858,15818
1859,18594
1860,15319
1861,16789
1862,16002
1863,17770
1864,15019
1865,18955
1866,18842
1867,18654
1868,18048
1869,18829
1870,17824
1871,19143
1872,18054
1873,19311
1874,19046
1875,18866
1876,17709
1877,16455
1878,16081
1879,14908
1880,16408
1881,15224
1882,14745
1883,14048
1884,15009
1885,16233
1886,13554
1887,13826
1888,13910
1889,14643
1890,16154
1891,14258
1892,15921
1893,18573
1894,15170
1895,12954
1896,11068
1897,11505
1898,13416
1899,13864
1900,14368
1901,13125
1902,11593
1903,12165
1904,12663
1905,11960
1906,10745
1907,11085
1908,11637
1909,15723
1910,15908
1911,15600
1912,13563
1913,12795
1914,13961
1915,11154
1916,12845
1917,9936
1918,10707
1919,9838
1920,10396
1921,10318
1922,12159
1923,12189
1924,10860
1925,9691
1926,11564
1927,10375
1928,10541
1929,9866
1930,9815
1931,10959
1932,10234
1933,9821
1934,10153
1935,10085
1936,10389
1937,11430
1938,10989
1939,10323
1940,12243
1941,10303
1942,9557
1943,10748
1944,11041
1945,10497
1946,11159
1947,10578
1948,10087
1949,11060
1950,9445
1951,9653
1952,9991
1953,10002
1954,7903
1955,8110
1956,9820
1957,8580
1958,9208
1959,8953
1960,9473
1961,9208
1962,9123
1963,10107
1964,10497
1965,10038
1966,9159
1967,10855
1968,9351
1969,8783
1970,9753
1971,9161
1972,8617
1973,8723
1974,7545
1975,7931
1976,7422
1977,8435
1978,8168
1979,8934
1980,8893
1981,8389
1982,8861
1983,9731
1984,8759
1985,10659
1986,9948
1987,9460
1988,7674
1989,8049
1990,7592
1991,8641
1992,7483
1993,7829
1994,8872
1995,9625
1996,10580
1997,13523
1998,13393
1999,12217
2000,10437
2001,9407
2002,9259
2003,8639
2004,7550
2005,5992
2006,6497
2007,7499
2008,6881
2009,6677
2010,8832
2011,8989
2012,8476
2013,7888
2014,7844
2015,8535
2016,8103
2017,8070
2018,8730
2019,8759
2020,9549
2021,11143
2022,12431
2023,14470
2024,12386
2025,11883
2026,12153
2027,11354
2028,12937
2029,11221
2030,11552
2031,10910
2032,11247
2033,12183
2034,13863
2035,12501
2036,13620
2037,12722
2038,11657
2039,10405
2040,8731
2041,8967
2042,8931
2043,7719
2044,7207
2045,7829
2046,8652
2047,8398
2048,7336
2049,7190
2050,7419
2051,9301
2052,9381
2053,10335
2054,11512
2055,11248
2056,11805
2057,13639
2058,13355
2059,11212
2060,10311
2061,11726
2062,12014
2063,13667
2064,15759
2065,13930
2066,14826
2067,14897
2068,12885
2069,12035
2070,13041
2071,13341
2072,12858
2073,11726
2074,13342
2075,12345
2076,13553
2077,13230
2078,12095
2079,13761
2080,11123
2081,13183
2082,14584
2083,13455
2084,16068
2085,15829
2086,14330
2087,13262
2088,11715
2089,14297
2090,13654
2091,10444
2092,11283
2093,10753
2094,10051
2095,9617
2096,11121
2097,12622
2098,13072
2099,13853
2100,16222
2101,17955
2102,21598
2103,25276
2104,26286
2105,27720
2106,27945
2107,26231
2108,24495
2109,21541
2110,20602
2111,15204
2112,16584
2113,14654
2114,15701
2115,16706
2116,17475
2117,14769
2118,11983
2119,10585
2120,9583
2121,9588
2122,9372
2123,10749
2124,9990
2125,8781
2126,9091
2127,9468
2128,10193
2129,10266
2130,8853
2131,9723
2132,10996
2133,8853
2134,8251
2135,7218
2136,8329
2137,6631
2138,7793
2139,9261
2140,8212
2141,8170
2142,6884
2143,6397
2144,6788
2145,6635
2146,6452
2147,7519
2148,6301
2149,6200
2150,6797
2151,8325
2152,7393
2153,7087
2154,6954
2155,7678
2156,7589
2157,7809
2158,7757
2159,8163
2160,7331
2161,7299
2162,8023
2163,7966
2164,8645
2165,7824
2166,7856
2167,7890
2168,8368
2169,8310
2170,8263
2171,7794
2172,7358
2173,7290
2174,7116
2175,6891
2176,7331
2177,6619
2178,6316
2179,6925
2180,7499
2181,7340
2182,8360
2183,8921
2184,8724
2185,8679
2186,7477
2187,6430
2188,6991
2189,7311
2190,7402
2191,8157
2192,8994
2193,8296
2194,8366
2195,8496
2196,7500
2197,7379
2198,7565
2199,7867
2200,7238
2201,7713
2202,7016
2203,6484
2204,5793
2205,5518
2206,6123
2207,5972
2208,6062
2209,6046
2210,5877
2211,5671
2212,6276
2213,6525
2214,7264
2215,6718
2216,7159
2217,6726
2218,6814
2219,7199
2220,6292
2221,5760
2222,6095
2223,5285
2224,5698
2225,5082
2226,5128
2227,5058
2228,6423
2229,6266
2230,6560
2231,6416
2232,6259
2233,6030
2234,6491
2235,6193
2236,6708
2237,6004
2238,5892
2239,6113
2240,6142
2241,6620
2242,7168
2243,7160
2244,6858
2245,6766
2246,6404
2247,6055
2248,5908
2249,6866
2250,6578
2251,6022
2252,6057
2253,6655
2254,6903
2255,8044
2256,7452
2257,6059
2258,6073
2259,6067
2260,6688
2261,6527
2262,5797
2263,6131
2264,6548
2265,6850
2266,6445
2267,6243
2268,6551
2269,6258
2270,6197
2271,7027
2272,5983
2273,7181
2274,6659
2275,5433
2276,6578
2277,5698
2278,4821
2279,4693
2280,5035
2281,5496
2282,5838
2283,5987
2284,6180
2285,5227
2286,5535
2287,5450
2288,5910
2289,6946
2290,5617
2291,5727
2292,6547
2293,6483
2294,7116
2295,6656
2296,5427
2297,5888
2298,5652
2299,5331
2300,5282
2301,5147
2302,5785
2303,5619
2304,5370
2305,5700
2306,6081
2307,5643
2308,5168
2309,5033
2310,4973
2311,4840
2312,5560
2313,5727
2314,5586
2315,6594
2316,5615
2317,5836
2318,6453
2319,6113
2320,5960
2321,6238
2322,6008
2323,5932
2324,4710
2325,4878
2326,4427
2327,4457
2328,4846
2329,4951
2330,5232
2331,5930
2332,5228
2333,5974
2334,5342
2335,5451
2336,5310
2337,4931
2338,5778
2339,4777
2340,4398
2341,4742
2342,4335
2343,4269
2344,4020
2345,4167
2346,4453
2347,4757
2348,4603
2349,4970
2350,4239
2351,4543
2352,4104
2353,4061
2354,5121
2355,3887
2356,4253
2357,4553
2358,3993
2359,3953
2360,4379
2361,4764
2362,5136
2363,5648
2364,5817
2365,5249
2366,4945
2367,4742
2368,4682
2369,4780
2370,4297
2371,3722
2372,4231
2373,4294
2374,4314
2375,4796
2376,4169
2377,4403
2378,4244
2379,3982
2380,4284
2381,3664
2382,3237
2383,3162
2384,3149
2385,3494
2386,3650
2387,3292
2388,3657
2389,3981
2390,3876
2391,4418
2392,4034
2393,3980
2394,3830
2395,3916
2396,4153
2397,3591
2398,3825
2399,4861
2400,5174
2401,4728
2402,4530
2403,4763
2404,4432
2405,4499
2406,3919
2407,3943
2408,3605
2409,4063
2410,3982
2411,3876
2412,4455
2413,4791
2414,4805
2415,4663
2416,4912
2417,4500
2418,5295
2419,5816
2420,5909
2421,5768
2422,9344
2423,4206
2424,4010
2425,4966
2426,5612
2427,5853
2428,5630
2429,4713
2430,4668
2431,5435
2432,6240
2433,6366
2434,6366
2435,6633
2436,7570
2437,8494
2438,6951
2439,6417
2440,5387
2441,6438
2442,6562
2443,6428
2444,6242
2445,6075
2446,6422
2447,6951
2448,7180
2449,7381
2450,8224
2451,8981
2452,8058
2453,7424
2454,9125
2455,8492
2456,9899
2457,9614
2458,8750
2459,7727
2460,8552
2461,7888
2462,7015
2463,7516
2464,7493
2465,8542
2466,9683
2467,10048
2468,8782
2469,8909
2470,7887
2471,7309
2472,6736
2473,5807
2474,6128
2475,6222
2476,5935
2477,4797
2478,5480
2479,5982
2480,5276
2481,4537
2482,4861
2483,5011
2484,4433
2485,4314
2486,4315
2487,4799
2488,6958
2489,5127
2490,5315
2491,5016
2492,4498
2493,4880
2494,5080
2495,5550
2496,6311
2497,4939
2498,5460
2499,5025
2500,5479
2501,5980
2502,6441
2503,5126
2504,5094
2505,5193
2506,5851
2507,5482
2508,4435
2509,4081
2510,5123
2511,5964
2512,4722
2513,5120
2514,5684
2515,4540
2516,5126
2517,5194
2518,5445
2519,5944
2520,5742
2521,5255
2522,5520
2523,5241
2524,4184
2525,4249
2526,4170
2527,3970
2528,3228
2529,3031
2530,2993
2531,3105
2532,4217
2533,4398
2534,4244
2535,3116
2536,2917
2537,3561
2538,3998
2539,3846
2540,4565
2541,5636
2542,5548
2543,6191
2544,5953
2545,4501
2546,4199
2547,3762
2548,4108
2549,3400
2550,2925
2551,3074
2552,4178
2553,4005
2554,3893
2555,3414
2556,4601
2557,4862
2558,3815
2559,4692
2560,5472
2561,6444
2562,4734
2563,3731
2564,3974
2565,4746
2566,4761
2567,3816
2568,3435
2569,3365
2570,4051
2571,3699
2572,3684
2573,4477
2574,3973
2575,4657
2576,3500
2577,4440
2578,4011
2579,2969
2580,3752
2581,3730
2582,3123
2583,2700
2584,2688
2585,3738
2586,2902
2587,3025
2588,3690
2589,4740
2590,4189
2591,4272
2592,4139
2593,4042
2594,3749
2595,3758
2596,4767
2597,3868
2598,5280
2599,4173
2600,3653
2601,4443
2602,4498
2603,3488
2604,3658
2605,4972
2606,6045
2607,5162
2608,5087
2609,5219
2610,5023
2611,4254
2612,4269
2613,4544
2614,4409
2615,5068
2616,4529
2617,4518
2618,4751
2619,3939
2620,4536
2621,4792
2622,4813
2623,4590
2624,4570
2625,3964
2626,4226
2627,4918
2628,5081
2629,4383
2630,4327
2631,3609
2632,4582
2633,4630
2634,3970
2635,4980
2636,4902
2637,4306
2638,3703
2639,4174
2640,4771
2641,3965
2642,4477
2643,2806
2644,4004
2645,4145
2646,4665
2647,3899
2648,4619
2649,3160
2650,3805
2651,4646
2652,5328
2653,5143
2654,5070
2655,3353
2656,3473
2657,4060
2658,3055
2659,3816
2660,4260
2661,3308
2662,3872
2663,3211
2664,3459
2665,3344
2666,3212
2667,3068
2668,3839
2669,3249
2670,3826
2671,3542
2672,3919
2673,4193
2674,5017
2675,5086
2676,5043
2677,5404
2678,5095
2679,4996
2680,4617
2681,3679
2682,4449
2683,4917
2684,4748
2685,4904
2686,4914
2687,4675
2688,3701
2689,3353
2690,3350
2691,2496
2692,3271
2693,3113
2694,2502
2695,2674
2696,2776
2697,3067
2698,2645
2699,2342
2700,2160
2701,2737
2702,1877
2703,3095
2704,2502
2705,3078
2706,3111
2707,3867
2708,4182
2709,4282
2710,3196
2711,3646
2712,3209
2713,3833
2714,2756
2715,3322
2716,2740
2717,3036
2718,2938
2719,2236
2720,3273
2721,2913
2722,3538
2723,3391
2724,3574
2725,3372
2726,3669
2727,3616
2728,4099
2729,3193
2730,3136
2731,3322
2732,3575
2733,2930
2734,3432
2735,3673
2736,3369
2737,3348
2738,3240
2739,3647
2740,3585
2741,3332
2742,2540
2743,3088
2744,2527
2745,2618
2746,2510
2747,3399
2748,2838
2749,3296
2750,3011
2751,3089
2752,2493
2753,2963
2754,2596
2755,2703
2756,2833
2757,2913
2758,2851
2759,2490
2760,2256
2761,2380
2762,2953
2763,3191
2764,2641
2765,2566
2766,2880
2767,2151
2768,2311
2769,3028
2770,3017
2771,2884
2772,2402
2773,1971
2774,2514
2775,2664
2776,3266
2777,2883
2778,2490
2779,2664
2780,1995
2781,2542
2782,2208
2783,2235
2784,3810
2785,3284
2786,3128
2787,2705
2788,2499
2789,2370
2790,3668
2791,3279
2792,2912
2793,2499
2794,2600
2795,2140
2796,2163
2797,2957
2798,3324
2799,1753
2800,2432
2801,2428
2802,2494
2803,3114
2804,1837
2805,1858
2806,1847
2807,1609
2808,2446
2809,1424
2810,2555
2811,2127
2812,2650
2813,3898
2814,2741
2815,2617
2816,3049
2817,2686
2818,2352
2819,3127
2820,2040
2821,2686
2822,2144
2823,2602
2824,2631
2825,2869
2826,3160
2827,3260
2828,2361
2829,2146
2830,2452
2831,2779
2832,2311
2833,2491
2834,2554
2835,1687
2836,1593
2837,1761
2838,2079
2839,2188
2840,2234
2841,2742
2842,3809
2843,2864
2844,2583
2845,2873
2846,2823
2847,1667
2848,1749
2849,1748
2850,1966
2851,2562
2852,1558
2853,1886
2854,1486
2855,1546
2856,1710
2857,1794
2858,1917
2859,1945
2860,2585
2861,2590
2862,1738
2863,2256
2864,1923
2865,2109
2866,2552
2867,1868
2868,2335
2869,1988
2870,2968
2871,1379
2872,1832
2873,1458
2874,1508
2875,1848
2876,1963
2877,2428
2878,2264
2879,2581
2880,2014
2881,1987
2882,3012
2883,2436
2884,3346
2885,4810
2886,3508
2887,3008
2888,2016
2889,2190
2890,2695
2891,2703
2892,2825
2893,2890
2894,3322
2895,3071
2896,2244
2897,2847
2898,4041
2899,3626
2900,4728
2901,4631
2902,4330
2903,5340
2904,5343
2905,4073
2906,3102
2907,2900
2908,2594
2909,2787
2910,2109
2911,2805
2912,2862
2913,3134
2914,2914
2915,2403
2916,2466
2917,1845
2918,1578
2919,1938
2920,2763
2921,4339
2922,4403
2923,4299
2924,3364
2925,2866
2926,2423
2927,2320
2928,2189
2929,1527
2930,2361
2931,1901
2932,1643
2933,2357
2934,2660
2935,2116
2936,2280
2937,2537
2938,1995
2939,2284
2940,1437
2941,2054
2942,2181
2943,1947
2944,3266
2945,2781
2946,3262
2947,2468
2948,2856
2949,2521
2950,2114
2951,2723
2952,2274
2953,1911
2954,1728
2955,1757
2956,1417
2957,2067
2958,1500
2959,1777
2960,1639
2961,2278
2962,1807
2963,1747
2964,2290
2965,2729
2966,2135
2967,1926
2968,2384
2969,2162
2970,1777
2971,1928
2972,1385
2973,2352
2974,1416
2975,2389
2976,4037
2977,2922
2978,3168
2979,3991
2980,3085
2981,2787
2982,3413
2983,2998
2984,3357
2985,2730
2986,3443
2987,3054
2988,2613
2989,2875
2990,2742
2991,2041
2992,1720
2993,2465
2994,2530
2995,2787
2996,2387
2997,2943
2998,3416
2999,3350
3000,4546
3001,3451
3002,3243
3003,3440
3004,2668
3005,3105
3006,1932
3007,2222
3008,1800
3009,2571
3010,2357
3011,2276
3012,2649
3013,4081
3014,2979
3015,2937
3016,2462
3017,2492
3018,2305
3019,1816
3020,2590
3021,2416
3022,3225
3023,2923
3024,3249
3025,2359
3026,2725
3027,4518
3028,3475
3029,2629
3030,2088
3031,2573
3032,2460
3033,1842
3034,1686
3035,1546
3036,1748
3037,1371
3038,1446
3039,1039
3040,933
3041,1408
3042,1630
3043,781
3044,923
3045,1248
3046,1834
3047,1684
3048,1477
3049,1726
3050,1430
3051,1690
3052,1795
3053,1828
3054,2436
3055,3968
3056,4440
3057,4243
3058,2485
3059,1749
3060,1537
3061,1888
3062,2236
3063,2084
3064,2254
3065,2260
3066,2958
3067,2325
3068,2756
3069,2763
3070,2515
3071,3113
3072,2628
3073,1981
3074,2067
3075,2142
3076,2872
3077,2306
3078,2654
3079,1546
3080,2027
3081,1819
3082,1013
3083,1615
3084,2412
3085,2038
3086,3290
3087,4049
3088,3326
3089,3672
3090,5272
3091,3794
3092,2559
3093,1908
3094,1209
3095,1454
3096,2127
3097,2685
3098,3929
3099,4522
3100,5828
3101,8380
3102,9254
3103,10004
3104,7702
3105,6338
3106,5468
3107,4725
3108,3515
3109,3671
3110,2755
3111,1868
3112,2316
3113,3331
3114,3745
3115,3241
3116,2292
3117,1685
3118,968
3119,1309
3120,782
3121,823
3122,1102
3123,1090
3124,864
3125,766
3126,632
3127,755
3128,611
3129,688
3130,572
3131,541
3132,642
3133,494
3134,633
3135,779
3136,891
3137,857
3138,708
3139,741
3140,664
3141,709
3142,847
3143,638
3144,869
3145,867
3146,871
3147,961
3148,1046
3149,994
3150,750
3151,963
3152,980
3153,1008
3154,854
3155,1400
3156,869
3157,822
3158,763
3159,839
3160,876
3161,1018
3162,959
3163,834
3164,976
3165,1072
3166,982
3167,710
3168,794
3169,638
3170,583
3171,645
3172,770
3173,753
3174,714
3175,829
3176,929
3177,646
3178,598
3179,534
3180,524
3181,425
3182,386
3183,431
3184,358
3185,381
3186,460
3187,360
3188,440
3189,423
3190,596
3191,442
3192,662
3193,904
3194,753
3195,496
3196,588
3197,531
3198,483
3199,573
3200,624
3201,708
3202,729
3203,622
3204,526
3205,707
3206,734
3207,432
3208,446
3209,483
3210,789
3211,840
3212,989
3213,831
3214,1097
3215,1071
3216,1078
3217,1123
3218,972
3219,883
3220,684
3221,555
3222,486
3223,516
3224,601
3225,927
3226,508
3227,655
3228,688
3229,726
3230,664
3231,750
3232,866
3233,609
3234,733
3235,824
3236,640
3237,489
3238,398
3239,385
3240,432
3241,389
3242,378
3243,357
3244,544
3245,729
3246,557
3247,483
3248,487
3249,476
3250,509
3251,535
3252,673
3253,645
3254,866
3255,489
3256,411
3257,436
3258,492
3259,554
3260,518
3261,485
3262,575
3263,403
3264,478
3265,417
3266,752
3267,574
3268,522
3269,520
3270,453
3271,560
3272,441
3273,505
3274,536
3275,609
3276,697
3277,625
3278,584
3279,558
3280,1196
3281,618
3282,665
3283,848
3284,986
3285,650
3286,568
3287,526
3288,519
3289,415
3290,424
3291,697
3292,565
3293,466
3294,539
3295,606
3296,449
3297,479
3298,403
3299,420
3300,411
3301,368
3302,458
3303,328
3304,358
3305,439
3306,578
3307,569
3308,575
3309,447
3310,629
3311,492
3312,627
3313,553
3314,610
3315,593
3316,527
3317,505
3318,502
3319,472
3320,481
3321,405
3322,514
3323,459
3324,378
3325,495
3326,407
3327,475
3328,533
3329,457
3330,602
3331,487
3332,686
3333,409
3334,687
3335,598
3336,397
3337,363
3338,324
3339,454
3340,485
3341,532
3342,600
3343,783
3344,617
3345,792
3346,799
3347,694
3348,850
3349,882
3350,744
3351,760
3352,854
3353,836
3354,810
3355,775
3356,770
3357,738
3358,846
3359,858
3360,891
3361,1190
3362,975
3363,882
3364,779
3365,836
3366,1068
3367,1109
3368,886
3369,662
3370,705
3371,613
3372,693
3373,569
3374,534
3375,736
3376,567
3377,447
3378,606
3379,598
3380,617
3381,648
3382,535
3383,383
3384,536
3385,497
3386,485
3387,683
3388,697
3389,761
3390,847
3391,727
3392,754
3393,554
3394,514
3395,647
3396,614
3397,612
3398,627
3399,677
3400,923
3401,851
3402,558
3403,513
3404,727
3405,619
3406,709
3407,745
3408,759
3409,716
3410,986
3411,1214
3412,1058
3413,864
3414,1158
3415,1262
3416,908
3417,697
3418,827
3419,704
3420,642
3421,604
3422,604
3423,823
3424,623
3425,788
3426,742
3427,857
3428,701
3429,793
3430,719
3431,876
3432,1156
3433,1135
3434,856
3435,789
3436,850
3437,834
3438,971
3439,732
3440,746
3441,1647
3442,1154
3443,1046
3444,849
3445,832
3446,876
3447,673
3448,1009
3449,594
3450,932
3451,748
3452,588
3453,501
3454,713
3455,778
3456,820
3457,754
3458,554
3459,624
3460,490
3461,596
3462,666
3463,656
3464,847
3465,795
3466,949
3467,890
3468,1282
3469,827
3470,976
3471,710
3472,745
3473,632
3474,636
3475,641
3476,802
3477,805
3478,825
3479,867
3480,762
3481,788
3482,696
3483,722
3484,896
3485,963
3486,1126
3487,1373
3488,1244
3489,1083
3490,1174
3491,1128
3492,952
3493,997
3494,1025
3495,781
3496,861
3497,661
3498,858
3499,801
3500,917
3501,1008
3502,945
3503,896
3504,746
3505,641
3506,764
3507,857
3508,867
3509,881
3510,862
3511,982
3512,1608
3513,1130
3514,1023
3515,1411
3516,1011
3517,1326
3518,988
3519,966
3520,921
3521,735
3522,1220
3523,1047
3524,1074
3525,1084
3526,1124
3527,1328
3528,1232
3529,1027
3530,1203
3531,1276
3532,1038
3533,1106
3534,1046
3535,1219
3536,1046
3537,1142
3538,972
3539,1106
3540,1163
3541,1251
3542,1451
3543,1236
3544,779
3545,728
3546,654
3547,731
3548,912
3549,1023
3550,1170
3551,990
3552,1074
3553,1006
3554,1193
3555,826
3556,1086
3557,1099
3558,720
3559,725
3560,698
3561,577
3562,638
3563,688
3564,720
3565,1091
3566,1028
3567,975
3568,990
3569,752
3570,715
3571,855
3572,765
3573,761
3574,689
3575,709
3576,785
3577,908
3578,975
3579,846
3580,708
3581,948
3582,754
3583,756
3584,773
3585,814
3586,813
3587,846
3588,1048
3589,1305
3590,576
3591,557
3592,822
3593,897
3594,901
3595,636
3596,673
3597,708
3598,898
3599,782
3600,776
3601,649
3602,759
3603,720
3604,821
3605,804
3606,503
3607,599
3608,694
3609,645
3610,636
3611,761
3612,564
3613,453
3614,627
3615,622
3616,758
3617,702
3618,667
3619,561
3620,781
3621,847
3622,921
3623,1140
3624,861
3625,992
3626,757
3627,762
3628,785
3629,633
3630,642
3631,714
3632,927
3633,1062
3634,829
3635,735
3636,694
3637,740
3638,720
3639,733
3640,578
3641,756
3642,620
3643,579
3644,784
3645,791
3646,649
3647,633
3648,1033
3649,799
3650,447
3651,519
3652,616
3653,689
3654,748
3655,638
3656,667
3657,657
3658,760
3659,568
3660,600
3661,687
3662,816
3663,629
3664,648
3665,603
3666,524
3667,477
3668,627
3669,895
3670,1074
3671,902
3672,861
3673,788
3674,1174
3675,1013
3676,1097
3677,1125
3678,724
3679,772
3680,598
3681,825
3682,560
3683,677
3684,625
3685,705
3686,667
3687,624
3688,858
3689,1160
3690,1333
3691,1393
3692,1752
3693,1271
3694,1365
3695,1348
3696,1793
3697,1471
3698,1783
3699,1584
3700,1412
3701,1436
3702,1867
3703,1925
3704,2051
3705,2001
3706,1709
3707,1967
3708,1730
3709,1944
3710,1602
3711,1499
3712,1600
3713,1320
3714,961
3715,999
3716,1102
3717,1422
3718,1210
3719,1362
3720,830
3721,675
3722,644
3723,664
3724,625
3725,633
3726,951
3727,931
3728,1588
3729,1071
3730,584
3731,709
3732,687
3733,752
3734,632
3735,556
3736,786
3737,599
3738,822
3739,968
3740,723
3741,616
3742,669
3743,615
3744,610
3745,642
3746,586
3747,708
3748,666
3749,634
3750,489
3751,529
3752,597
3753,563
3754,573
3755,430
3756,348
3757,464
3758,498
3759,600
3760,500
3761,512
3762,400
3763,345
3764,385
3765,471
3766,443
3767,409
3768,445
3769,498
3770,653
3771,481
3772,343
3773,318
3774,333
3775,330
3776,495
3777,466
3778,405
3779,453
3780,486
3781,545
3782,724
3783,785
3784,635
3785,473
3786,640
3787,507
3788,462
3789,380
3790,445
3791,605
3792,464
3793,513
3794,452
3795,508
3796,453
3797,501
3798,440
3799,588
3800,584
3801,615
3802,794
3803,860
3804,834
3805,849
3806,707
3807,681
3808,509
3809,531
3810,609
3811,582
3812,482
3813,428
3814,532
3815,401
3816,448
3817,345
3818,294
3819,180
3820,271
3821,263
3822,388
3823,458
3824,308
3825,270
3826,295
3827,341
3828,413
3829,350
3830,537
3831,799
3832,484
3833,416
3834,384
3835,385
3836,345
3837,384
3838,374
3839,371
3840,253
3841,333
3842,288
3843,270
3844,253
3845,396
3846,440
3847,334
3848,249
3849,404
3850,452
3851,393
3852,411
3853,318
3854,289
3855,306
3856,241
3857,287
3858,323
3859,323
3860,242
3861,241
3862,273
3863,352
3864,299
3865,357
3866,716
3867,543
3868,478
3869,336
3870,346
3871,337
3872,315
3873,315
3874,420
3875,530
3876,387
3877,376
3878,402
3879,496
3880,576
3881,580
3882,473
3883,384
3884,456
3885,419
3886,385
3887,493
3888,463
3889,469
3890,498
3891,511
3892,448
3893,493
3894,526
3895,505
3896,511
3897,586
3898,414
3899,474
3900,389
3901,368
3902,346
3903,349
3904,462
3905,461
3906,531
3907,591
3908,576
3909,451
3910,415
3911,424
3912,1574
3913,315
3914,319
3915,317
3916,454
3917,563
3918,889
3919,738
3920,628
3921,578
3922,602
3923,567
3924,703
3925,489
3926,439
3927,398
3928,588
3929,674
3930,786
3931,676
3932,645
3933,561
3934,486
3935,483
3936,459
3937,681
3938,603
3939,537
3940,540
3941,454
3942,686
3943,560
3944,353
3945,377
3946,314
3947,399
3948,411
3949,546
3950,477
3951,378
3952,441
3953,455
3954,325
3955,431
3956,316
3957,181
3958,199
3959,149
3960,199
3961,314
3962,219
3963,222
3964,235
3965,230
3966,163
3967,133
3968,203
3969,176
3970,184
3971,202
3972,223
3973,210
3974,216
3975,145
3976,223
3977,154
3978,220
3979,130
3980,174
3981,168
3982,159
3983,217
3984,187
3985,86
3986,50
3987,76
3988,74
3989,80
3990,96
3991,43
3992,41
3993,34
3994,58
3995,57
3996,55
3997,25
3998,36
3999,52
4000,34
4001,37
4002,40
4003,34
4004,60
4005,59
4006,147
4007,136
4008,119
4009,193
4010,86
4011,58
4012,75
4013,89
4014,209
4015,62
4016,90
4017,71
4018,94
4019,76
4020,72
4021,73
4022,69
4023,92
4024,70
4025,68
4026,73
4027,77
4028,150
4029,90
4030,77
4031,50
4032,48
4033,84
4034,85
4035,97
4036,78
4037,143
4038,72
4039,87
4040,65
4041,49
4042,57
4043,108
4044,115
4045,137
4046,91
4047,70
4048,71
4049,94
4050,107
4051,107
4052,99
4053,117
4054,204
4055,177
4056,168
4057,178
4058,95
4059,122
4060,178
4061,134
4062,101
4063,490
4064,477
4065,355
4066,546
4067,431
4068,257
4069,411
4070,352
4071,325
4072,56
4073,51
4074,115
4075,162
4076,241
4077,146
4078,111
4079,74
4080,124
4081,129
4082,165
4083,127
4084,99
4085,100
4086,83
4087,103
4088,109
4089,87
4090,93
4091,129
4092,116
4093,157
4094,152
4095,160
4096,259
4097,129
4098,64
4099,99
4100,129
4101,121
4102,101
4103,81
4104,113
4105,88
4106,85
4107,98
4108,116
4109,143
4110,95
4111,91
4112,105
4113,115
4114,62
4115,32
4116,61
4117,97
4118,138
4119,192
4120,158
4121,152
4122,120
4123,143
4124,63
4125,84
4126,58
4127,34
4128,31
4129,40
4130,76
4131,96
4132,100
4133,108
4134,130
4135,94
4136,118
4137,99
4138,433
4139,493
4140,519
4141,621
4142,624
4143,565
4144,600
4145,534
4146,484
4147,512
4148,762
4149,297
4150,300
4151,292
4152,361
4153,349
4154,351
4155,199
4156,325
4157,294
4158,217
4159,301
4160,239
4161,283
4162,263
4163,384
4164,355
4165,393
4166,359
4167,577
4168,406
4169,412
4170,292
4171,292
4172,282
4173,277
4174,294
4175,149
4176,206
4177,118
4178,86
4179,105
4180,112
4181,161
4182,149
4183,120
4184,103
4185,102
4186,107
4187,102
4188,100
4189,224
4190,170
4191,147
4192,143
4193,172
4194,153
4195,111
4196,95
4197,101
4198,109
4199,141
4200,166
4201,167
4202,93
4203,128
4204,195
4205,278
4206,180
4207,115
4208,138
4209,96
4210,123
4211,72
4212,42
4213,66
4214,62
4215,76
4216,57
4217,81
4218,70
4219,90
4220,60
4221,125
4222,114
4223,68
4224,79
4225,111
4226,139
4227,200
4228,198
4229,114
4230,83
4231,113
4232,116
4233,70
4234,70
4235,71
4236,73
4237,95
4238,193
4239,114
4240,164
4241,118
4242,89
4243,86
4244,107
4245,139
4246,120
4247,90
4248,126
4249,107
4250,100
4251,190
4252,217
4253,150
4254,189
4255,191
4256,257
4257,214
4258,225
4259,151
4260,113
4261,235
4262,222
4263,312
4264,306
4265,388
4266,555
4267,315
4268,228
4269,270
4270,147
4271,119
4272,144
4273,144
4274,155
4275,105
4276,118
4277,127
4278,128
4279,180
4280,181
4281,196
4282,213
4283,309
4284,267
4285,188
4286,163
4287,128
4288,110
4289,83
4290,99
4291,112
4292,182
4293,259
4294,160
4295,174
4296,183
4297,173
4298,146
4299,141
4300,123
4301,172
4302,280
4303,119
4304,189
4305,155
4306,156
4307,145
4308,132
4309,156
4310,207
4311,166
4312,142
4313,183
4314,215
4315,165
4316,135
4317,100
4318,119
4319,104
4320,140
4321,113
4322,113
4323,145
4324,70
4325,96
4326,71
4327,72
4328,60
4329,95
4330,86
4331,85
4332,90
4333,50
4334,61
4335,203
4336,146
4337,63
4338,63
4339,70
4340,66
4341,73
4342,139
4343,103
4344,52
4345,64
4346,78
4347,71
4348,166
4349,298
4350,391
4351,389
4352,410
4353,445
4354,520
4355,270
4356,390
4357,508
4358,526
4359,370
4360,253
4361,252
4362,226
4363,318
4364,275
4365,332
4366,270
4367,192
4368,154
4369,258
4370,196
4371,301
4372,348
4373,287
4374,270
4375,235
4376,239
4377,147
4378,221
4379,266
4380,214
4381,189
4382,235
4383,268
4384,203
4385,142
4386,235
4387,170
4388,205
4389,128
4390,198
4391,174
4392,134
4393,181
4394,221
4395,209
4396,166
4397,221
4398,338
4399,223
4400,274
4401,274
4402,244
4403,285
4404,247
4405,236
4406,252
4407,161
4408,153
4409,192
4410,141
4411,187
4412,143
4413,151
4414,179
4415,182
4416,224
4417,227
4418,263
4419,189
4420,245
4421,170
4422,250
4423,226
4424,223
4425,209
4426,192
4427,164
4428,272
4429,253
4430,263
4431,244
4432,201
4433,203
4434,358
4435,362
4436,566
4437,480
4438,598
4439,396
4440,292
4441,293
4442,369
4443,351
4444,302
4445,335
4446,280
4447,329
4448,316
4449,297
4450,376
4451,321
4452,263
4453,236
4454,253
4455,279
4456,376
4457,264
4458,276
4459,254
4460,265
4461,247
4462,320
4463,218
4464,337
4465,297
4466,249
4467,287
4468,335
4469,244
4470,246
4471,193
4472,196
4473,170
4474,241
4475,217
4476,312
4477,471
4478,374
4479,336
4480,335
4481,291
4482,389
4483,374
4484,377
4485,314
4486,400
4487,433
4488,275
4489,306
4490,279
4491,273
4492,326
4493,346
4494,421
4495,294
4496,291
4497,291
4498,183
4499,202
4500,227
4501,216
4502,201
4503,120
4504,117
4505,128
4506,220
4507,168
4508,175
4509,168
4510,145
4511,134
4512,171
4513,299
4514,256
4515,213
4516,326
4517,199
4518,216
4519,249
4520,202
4521,161
4522,225
4523,229
4524,258
4525,198
4526,257
4527,306
4528,236
4529,272
4530,296
4531,256
4532,351
4533,235
4534,237
4535,245
4536,315
4537,354
4538,342
4539,280
4540,292
4541,394
4542,269
4543,361
4544,338
4545,315
4546,288
4547,326
4548,245
4549,364
4550,318
4551,232
4552,332
4553,314
4554,363
4555,414
4556,399
4557,365
4558,313
4559,318
4560,279
4561,306
4562,271
4563,236
4564,268
4565,289
4566,246
4567,270
4568,184
4569,151
4570,143
4571,74
4572,112
4573,85
4574,116
4575,99
4576,132
4577,107
4578,198
4579,173
4580,212
4581,171
4582,153
4583,181
4584,223
4585,97
4586,112
4587,117
4588,148
4589,162
4590,120
4591,143
4592,135
4593,103
4594,169
4595,181
4596,204
4597,111
4598,92
4599,196
4600,180
4601,156
4602,124
4603,114
4604,144
4605,162
4606,173
4607,137
4608,156
4609,167
4610,176
4611,147
4612,135
4613,190
4614,133
4615,80
4616,93
4617,152
4618,172
4619,134
4620,194
4621,171
4622,165
4623,151
4624,177
4625,125
4626,167
4627,226
4628,169
4629,206
4630,148
4631,211
4632,330
4633,304
4634,231
4635,392
4636,286
4637,321
4638,465
4639,256
4640,311
4641,301
4642,208
4643,97
4644,189
4645,222
4646,237
4647,194
4648,163
4649,199
4650,198
4651,216
4652,135
4653,157
4654,176
4655,116
4656,128
4657,125
4658,162
4659,169
4660,217
4661,235
4662,342
4663,381
4664,242
4665,215
4666,225
4667,215
4668,209
4669,239
4670,201
4671,156
4672,214
4673,215
4674,287
4675,224
4676,216
4677,181
4678,243
4679,236
4680,241
4681,214
4682,139
4683,138
4684,136
4685,143
4686,123
4687,141
4688,186
4689,176
4690,169
4691,221
4692,195
4693,164
4694,147
4695,205
4696,249
4697,204
4698,221
4699,179
4700,164
4701,203
4702,126
4703,113
4704,144
4705,97
4706,132
4707,98
4708,132
4709,120
4710,125
4711,99
4712,130
4713,148
4714,117
4715,155
4716,179
4717,196
4718,185
4719,186
4720,224
4721,193
4722,166
4723,225
4724,190
4725,229
4726,209
4727,282
4728,351
4729,399
4730,464
4731,513
4732,569
4733,557
4734,442
4735,264
4736,291
4737,361
4738,347
4739,251
4740,267
4741,170
4742,270
4743,336
4744,231
4745,280
4746,243
4747,216
4748,199
4749,238
4750,333
4751,308
4752,289
4753,262
4754,273
4755,275
4756,249
4757,286
4758,329
4759,242
4760,203
4761,244
4762,217
4763,224
4764,179
4765,167
4766,236
4767,211
4768,251
4769,263
4770,262
4771,316
4772,322
4773,275
4774,229
4775,494
4776,284
4777,218
4778,167
4779,181
4780,143
4781,142
4782,171
4783,150
4784,302
4785,251
4786,137
4787,103
4788,169
4789,155
4790,225
4791,213
4792,160
4793,157
4794,167
4795,98
4796,101
4797,112
4798,293
4799,111
4800,122
4801,75
4802,111
4803,191
4804,161
4805,148
4806,180
4807,218
4808,164
4809,110
4810,65
4811,109
4812,67
4813,93
4814,70
4815,81
4816,70
4817,106
4818,97
4819,94
4820,69
4821,97
4822,67
4823,74
4824,52
4825,67
4826,49
4827,73
4828,83
4829,95
4830,204
4831,77
4832,82
4833,72
4834,94
4835,126
4836,131
4837,202
4838,95
4839,126
4840,69
4841,69
4842,117
4843,78
4844,86
4845,97
4846,83
4847,87
4848,73
4849,145
4850,107
4851,66
4852,67
4853,103
4854,63
4855,111
4856,66
4857,74
4858,63
4859,47
4860,51
4861,109
4862,126
4863,173
4864,98
4865,137
4866,183
4867,101
4868,83
4869,153
4870,122
4871,103
4872,104
4873,165
4874,234
4875,184
4876,162
4877,110
4878,138
4879,196
4880,207
4881,147
4882,199
4883,176
4884,286
4885,232
4886,198
4887,240
4888,344
4889,402
4890,277
4891,305
4892,354
4893,347
4894,208
4895,277
4896,272
4897,241
4898,245
4899,454
4900,417
4901,415
4902,320
4903,471
4904,354
4905,340
4906,249
4907,268
4908,243
4909,428
4910,324
4911,383
4912,284
4913,196
4914,460
4915,249
4916,205
4917,214
4918,294
4919,336
4920,269
4921,185
4922,329
4923,281
4924,225
4925,261
4926,294
4927,291
4928,324
4929,258
4930,280
4931,156
4932,182
4933,145
4934,126
4935,135
4936,97
4937,67
4938,55
4939,69
4940,97
4941,93
4942,69
4943,140
4944,153
4945,197
4946,83
4947,104
4948,41
4949,111
4950,87
4951,84
4952,119
4953,108
4954,87
4955,97
4956,172
4957,158
4958,129
4959,196
4960,166
4961,131
4962,168
4963,113
4964,75
4965,98
4966,80
4967,85
4968,102
4969,72
4970,62
4971,77
4972,96
4973,91
4974,167
4975,132
4976,105
4977,99
4978,110
4979,146
4980,172
4981,234
4982,227
4983,180
4984,291
4985,276
4986,222
4987,196
4988,148
4989,126
4990,157
4991,89
4992,113
4993,99
4994,106
4995,141
4996,121
4997,104
4998,94
4999,49
5000,35
5001,87
5002,43
5003,85
5004,49
5005,78
5006,82
5007,92
5008,91
5009,102
5010,122
5011,68
5012,98
5013,133
5014,173
5015,104
5016,60
5017,95
5018,77
5019,61
5020,76
5021,79
5022,84
5023,64
5024,58
5025,77
5026,72
5027,84
5028,120
5029,36
5030,49
5031,78
5032,83
5033,55
5034,41
5035,37
5036,51
5037,90
5038,77
5039,45
5040,47
5041,43
5042,36
5043,57
5044,78
5045,83
5046,73
5047,75
5048,74
5049,84
5050,90
5051,117
5052,115
5053,113
5054,154
5055,274
5056,144
5057,115
5058,62
5059,61
5060,75
5061,132
5062,115
5063,93
5064,102
5065,80
5066,82
5067,42
5068,55
5069,51
5070,56
5071,25
5072,48
5073,23
5074,26
5075,45
5076,31
5077,23
5078,22
5079,27
5080,31
5081,36
5082,59
5083,31
5084,31
5085,48
5086,26
5087,33
5088,19
5089,24
5090,28
5091,29
5092,32
5093,49
5094,50
5095,58
5096,54
5097,22
5098,33
5099,30
5100,26
5101,22
5102,21
5103,17
5104,24
5105,17
5106,70
5107,52
5108,41
5109,41
5110,34
5111,24
5112,32
5113,32
5114,28
5115,28
5116,67
5117,56
5118,40
5119,74
5120,53
5121,58
5122,42
5123,75
5124,40
5125,63
5126,83
5127,80
5128,103
5129,83
5130,124
5131,128
5132,96
5133,70
5134,89
5135,45
5136,28
5137,25
5138,16
5139,129
5140,20
5141,22
5142,37
5143,44
5144,41
5145,38
5146,30
5147,43
5148,30
5149,55
5150,30
5151,55
5152,43
5153,28
5154,24
5155,23
5156,19
5157,52
5158,99
5159,71
5160,57
5161,97
5162,37
5163,14
5164,10
5165,21
5166,19
5167,15
5168,16
5169,24
5170,36
5171,53
5172,40
5173,42
5174,34
5175,22
5176,20
5177,18
5178,27
5179,24
5180,16
5181,30
5182,35
5183,43
5184,66
5185,62
5186,75
5187,73
5188,99
5189,109
5190,124
5191,302
5192,203
5193,48
5194,65
5195,63
5196,107
5197,70
5198,35
5199,64
5200,35
5201,32
5202,43
5203,38
5204,58
5205,40
5206,53
5207,43
5208,70
5209,63
5210,41
5211,88
5212,105
5213,88
5214,82
5215,61
5216,64
5217,71
5218,44
5219,50
5220,43
5221,47
5222,91
5223,91
5224,41
5225,29
5226,12
5227,11
5228,27
5229,18
5230,13
5231,15
5232,20
5233,17
5234,18
5235,16
5236,19
5237,26
5238,15
5239,18
5240,18
5241,16
5242,28
5243,18
5244,19
5245,21
5246,18
5247,24
5248,19
5249,22
5250,37
5251,27
5252,25
5253,44
5254,71
5255,82
5256,104
5257,98
5258,82
5259,93
5260,48
5261,40
5262,33
5263,34
5264,26
5265,20
5266,28
5267,43
5268,61
5269,22
5270,43
5271,26
5272,39
5273,38
5274,28
5275,31
5276,30
5277,51
5278,39
5279,49
5280,35
5281,30
5282,23
5283,44
5284,48
5285,53
5286,26
5287,62
5288,22
5289,21
5290,51
5291,38
5292,22
5293,16
5294,26
5295,26
5296,30
5297,50
5298,27
5299,19
5300,15
5301,8
5302,6
5303,14
5304,50
5305,31
5306,20
5307,9
5308,11
5309,7
5310,9
5311,6
5312,6
5313,2
5314,9
5315,4
5316,6
5317,5
5318,4
5319,3
5320,6
5321,6
5322,4
5323,8
5324,7
5325,3
5326,4
5327,9
5328,4
5329,23
5330,23
5331,3
5332,7
5333,7
5334,7
5335,5
5336,4
5337,2
5338,4
5339,2
5340,1
5341,7
5342,12
5343,8
5344,26
5345,3
5346,4
5347,7
5348,7
5349,6
5350,6
5351,7
5352,7
5353,12
5354,6
5355,3
5356,10
5357,13
5358,22
5359,3
5360,10
5361,8
5362,7
5363,13
5364,7
5365,13
5366,8
5367,4
5368,7
5369,9
5370,11
5371,18
5372,23
5373,6
5374,7
5375,6
5376,5
5377,4
5378,8
5379,11
5380,21
5381,83
5382,90
5383,11
5384,7
5385,8
5386,5
5387,15
5388,8
5389,7
5390,10
5391,5
5392,6
5393,12
5394,10
5395,18
5396,46
5397,35
5398,36
5399,27
5400,26
5401,43
5402,25
5403,48
5404,113
5405,46
5406,34
5407,35
5408,24
5409,35
5410,11
5411,9
5412,4
5413,5
5414,10
5415,9
5416,5
5417,7
5418,10
5419,24
5420,12
5421,8
5422,24
5423,31
5424,67
5425,34
5426,56
5427,44
5428,23
5429,23
5430,13
5431,10
5432,4
5433,10
5434,16
5435,34
5436,11
5437,12
5438,9
5439,17
5440,14
5441,17
5442,11
5443,2
5444,10
5445,8
5446,13
5447,37
5448,3
5449,10
5450,3
5451,15
5452,7
5453,7
5454,4
5455,11
5456,8
5457,21
5458,2
5459,15
5460,37
5461,17
5462,20
5463,23
5464,4
5465,10
5466,2
5467,5
5468,2
5469,7
5470,11
5471,4
5472,6
5473,8
5474,5
5475,24
5476,16
5477,2
5478,9
5479,8
5480,8
5481,6
5482,5
5483,3
5484,6
5485,6
5486,5
5487,10
5488,4
5489,25
5490,79
5491,32
5492,37
5493,20
5494,24
5495,11
5496,3
5497,2
5498,5
5499,4
5500,4
5501,5
5502,6
5503,8
5504,5
5505,18
5506,27
5507,4
5508,8
5509,9
5510,4
5511,2
5512,3
5513,5
5514,7
5515,7
5516,4
5517,7
5518,9
5519,19
5520,30
5521,11
5522,3
5523,6
5524,5
5525,7
5526,11
5527,38
5528,52
5529,11
5530,16
5531,19
5532,32
5533,44
5534,23
5535,6
5536,7
5537,6
5538,5
5539,2
5540,1
5541,11
5542,2
5543,8
5544,10
5545,4
5546,3
5547,12
5548,34
5549,50
5550,11
5551,4
5552,6
5553,3
5554,10
5555,26
5556,13
5557,9
5558,5
5559,10
5560,3
5561,2
5562,3
5563,12
5564,5
5565,29
5566,4
5567,5
5568,3
5569,7
5570,4
5571,1
5572,4
5573,11
5574,103
5575,92
5576,42
5577,20
5578,9
5579,10
5580,10
5581,5
5582,3
5583,9
5584,5
5585,9
5586,8
5587,22
5588,13
5589,7
5590,11
5591,10
5592,6
5593,23
5594,35
5595,30
5596,57
5597,31
5598,19
5599,13
5600,13
5601,11
5602,1
5603,2
5604,5
5605,10
5606,8
5607,6
5608,6
5609,22
5610,51
5611,6
5612,8
5613,11
5614,9
5615,7
5616,7
5617,47
5618,32
5619,34
5620,50
5621,42
5622,52
5623,8
5624,25
5625,5
5626,20
5627,5
5628,15
5629,30
5630,22
5631,21
5632,6
5634,4
5635,9
5636,26
5637,3
5638,6
5639,10
5640,4
5641,1
5642,5
5643,4
5644,3
5645,10
5646,7
5647,5
5648,35
5649,30
5650,22
5651,23
5652,37
5653,16
5654,6
5655,8
5656,3
5657,18
5658,35
5659,19
5660,11
5661,9
5662,4
5663,5
5664,20
5665,17
5666,19
5667,22
5668,13
5669,16
5670,10
5671,14
5672,25
5673,49
5674,11
5675,15
5676,14
5677,12
5678,1
5679,1
5680,4
5681,1
5682,9
5684,12
5685,58
5686,45
5687,169
5688,95
5689,17
5690,16
5691,23
5692,20
5693,17
5694,22
5695,12
5696,19
5697,11
5698,31
5699,46
5700,3
5701,11
5702,8
5703,7
5704,8
5705,8
5706,12
5707,6
5708,16
5709,5
5710,6
5711,34
5712,5
5713,32
5714,26
5715,11
5716,9
5717,19
5718,8
5719,8
5720,4
5721,5
5722,4
5723,6
5724,7
5725,7
5726,14
5727,44
5728,5
5729,4
5730,5
5731,8
5732,5
5734,2
5735,4
5736,4
5737,6
5738,15
5739,8
5740,11
5741,20
5742,17
5743,13
5744,9
5745,7
5746,12
5747,12
5748,3
5749,4
5750,2
5751,11
5752,13
5753,17
5754,22
5755,25
5756,22
5757,37
5758,64
5759,9
5760,2
5761,6
5762,6
5763,5
5764,9
5765,5
5766,3
5767,5
5768,1
5769,7
5770,17
5771,4
5772,10
5773,21
5774,3
5775,3
5776,7
5777,22
5778,7
5779,11
5780,11
5781,25
5782,6
5783,5
5784,3
5785,3
5786,18
5787,21
5788,56
5789,30
5790,5
5791,1
5792,34
5793,6
5794,9
5795,8
5796,9
5797,10
5798,10
5799,1
5800,16
5802,21
5803,14
5804,4
5805,5
5806,11
5807,1
5808,2
5809,9
5810,11
5811,20
5812,1
5813,12
5814,7
5815,8
5816,30
5817,36
5818,49
5819,22
5820,9
5821,20
5822,17
5823,10
5824,11
5825,21
5826,34
5827,57
5828,10
5829,3
5830,141
5831,320
5832,223
5833,99
5834,157
5835,103
5836,85
5837,89
5838,126
5839,256
5840,229
5841,174
5842,37
5843,42
5844,7
5845,6
5846,3
5847,5
5848,2
5849,6
5850,58
5851,16
5852,5
5853,10
5854,5
5856,12
5857,7
5858,6
5859,2
5860,7
5861,24
5862,43
5863,23
5864,19
5865,3
5866,2
5867,3
5868,6
5869,3
5870,9
5871,8
5873,2
5874,3
5875,3
5876,7
5877,16
5878,23
5879,81
5880,3
5881,9
5882,7
5883,14
5884,6
5885,2
5886,5
5887,7
5888,3
5889,3
5890,5
5891,4
5892,15
5893,18
5894,6
5895,1
5896,9
5897,8
5898,18
5899,5
5900,7
5901,6
5902,7
5903,19
5904,9
5905,7
5906,12
5907,10
5908,19
5909,7
5910,13
5911,17
5912,8
5913,19
5914,2
5915,5
5917,3
5918,2
5919,1
5920,2
5921,21
5922,19
5923,42
5924,15
5925,1
5926,15
5927,8
5928,6
5929,10
5930,8
5931,9
5932,20
5933,3
5934,6
5935,24
5936,20
5937,21
5938,6
5939,19
5941,4
5942,6
5944,12
5945,6
5946,13
5947,16
5948,49
5949,42
5950,36
5951,27
5952,25
5953,13
5954,15
5955,11
5956,15
5957,4
5958,9
5959,23
5960,22
5961,1
5962,31
5963,31
5964,19
5965,7
5966,4
5967,1
5968,1
5969,34
5970,16
5971,7
5972,12
5973,60
5974,28
5975,35
5976,16
5977,11
5978,4
5979,22
5980,7
5981,4
5982,2
5983,8
5984,12
5985,8
5986,11
5987,22
5988,12
5989,12
5990,5
5991,11
5992,4
5993,11
5994,12
5995,15
5996,13
5997,8
5998,22
6000,3
6001,27
6002,22
6003,3
6005,3
6006,7
6007,14
6008,5
6009,8
6010,2
6011,1
6012,11
6013,4
6014,39
6015,21
6016,5
6017,4
6018,18
6019,6
6020,9
6021,5
6023,2
6024,17
6025,16
6026,3
6027,17
6028,11
6029,18
6030,18
6031,34
6032,29
6033,42
6034,23
6035,55
6036,46
6037,47
6038,55
6039,27
