0,4202577
1,765
2,1077
3,459
4,722
5,822
6,628
7,553
8,697
9,975
10,894
11,397
12,242
13,284
14,364
15,406
16,434
17,264
18,575
19,308
20,224
21,336
22,537
23,359
24,624
25,485
26,284
27,394
28,524
29,361
30,375
31,463
32,388
33,527
34,460
35,542
36,662
37,543
38,670
39,595
40,462
41,743
42,453
43,692
44,1223
45,750
46,821
47,848
48,774
49,598
50,742
51,393
52,830
53,443
54,391
55,576
56,614
57,486
58,828
59,304
60,505
61,636
62,294
63,332
64,308
65,396
66,255
67,325
68,258
69,605
70,204
71,251
72,357
73,355
74,462
75,636
76,1249
77,512
78,513
79,476
80,480
81,582
82,559
83,520
84,832
85,698
86,487
87,781
88,1105
89,1492
90,860
91,685
92,678
93,705
94,696
95,374
96,545
97,625
98,837
99,663
100,739
101,425
102,637
103,338
104,343
105,435
106,470
107,573
108,208
109,354
110,434
111,330
112,306
113,204
114,552
115,393
116,251
117,626
118,361
119,368
120,467
121,567
122,252
123,371
124,459
125,474
126,348
127,465
128,277
129,419
130,198
131,348
132,545
133,537
134,368
135,374
136,957
137,370
138,1445
139,295
140,251
141,279
142,362
143,527
144,452
145,408
146,377
147,274
148,316
149,531
150,343
151,343
152,358
153,337
154,411
155,499
156,520
157,523
158,448
159,430
160,517
161,361
162,480
163,409
164,397
165,492
166,500
167,469
168,418
169,259
170,424
171,337
172,682
173,355
174,462
175,507
176,515
177,476
178,304
179,459
180,369
181,391
182,270
183,337
184,319
185,360
186,427
187,457
188,429
189,427
190,524
191,312
192,468
193,459
194,550
195,588
196,866
197,995
198,551
199,448
200,455
201,900
202,372
203,477
204,377
205,420
206,468
207,535
208,912
209,573
210,409
211,729
212,726
213,620
214,474
215,688
216,708
217,680
218,1387
219,1424
220,1060
221,1884
222,1075
223,1872
224,1242
225,1502
226,731
227,851
228,580
229,490
230,813
231,877
232,912
233,679
234,2429
235,863
236,535
237,535
238,620
239,885
240,802
241,655
242,654
243,668
244,650
245,590
246,524
247,552
248,814
249,1818
250,698
251,753
252,632
253,526
254,689
255,684
256,935
257,647
258,650
259,700
260,690
261,746
262,653
263,545
264,728
265,884
266,653
267,834
268,882
269,1012
270,1012
271,955
272,1021
273,1056
274,1311
275,1066
276,902
277,1732
278,2211
279,1269
280,920
281,1313
282,1435
283,837
284,1259
285,1052
286,1366
287,978
288,1126
289,1824
290,1011
291,989
292,688
293,824
294,983
295,1788
296,994
297,812
298,829
299,863
300,698
301,919
302,849
303,841
304,449
305,851
306,877
307,667
308,622
309,943
310,800
311,1078
312,993
313,893
314,1184
315,582
316,1194
317,1073
318,999
319,996
320,841
321,854
322,981
323,1335
324,1113
325,1055
326,1095
327,1008
328,886
329,1180
330,1563
331,1330
332,1026
333,812
334,901
335,927
336,838
337,1089
338,1121
339,1002
340,1138
341,1246
342,1278
343,1147
344,1583
345,1254
346,1397
347,1734
348,1849
349,1534
350,1335
351,1044
352,1428
353,1220
354,1005
355,1211
356,972
357,1005
358,969
359,1295
360,1584
361,1015
362,1121
363,695
364,898
365,821
366,767
367,795
368,708
369,719
370,672
371,813
372,912
373,932
374,1039
375,2368
376,1062
377,930
378,1019
379,1041
380,1071
381,1500
382,1402
383,1407
384,1161
385,1056
386,1041
387,994
388,976
389,1138
390,1079
391,1689
392,1692
393,1560
394,1548
395,1577
396,1229
397,1336
398,1240
399,1943
400,1766
401,1846
402,1293
403,1295
404,1341
405,1063
406,1018
407,2073
408,2088
409,947
410,1360
411,1321
412,1416
413,1517
414,1205
415,1328
416,1297
417,1205
418,1231
419,2328
420,1350
421,1229
422,1424
423,1737
424,1526
425,1505
426,1587
427,2592
428,1598
429,1481
430,1358
431,1274
432,1999
433,1823
434,1987
435,1509
436,2014
437,2052
438,2388
439,1860
440,2845
441,2378
442,2252
443,1585
444,1729
445,1891
446,1981
447,1917
448,2257
449,1544
450,1649
451,2863
452,1758
453,1555
454,1971
455,1985
456,2147
457,1835
458,2392
459,2618
460,2374
461,2455
462,3007
463,2831
464,2261
465,2204
466,2409
467,2445
468,2138
469,2187
470,2322
471,2496
472,2833
473,2961
474,2631
475,2964
476,2815
477,2240
478,3005
479,2521
480,3271
481,2304
482,2435
483,2973
484,2643
485,2162
486,2523
487,2864
488,2866
489,3181
490,2803
491,2738
492,3468
493,3965
494,3711
495,4675
496,3874
497,3997
498,3471
499,3465
500,6283
501,4501
502,4001
503,3987
504,4074
505,3915
506,4450
507,5032
508,4522
509,4975
510,4914
511,5064
512,4720
513,5593
514,5326
515,5937
516,6648
517,5783
518,5513
519,6393
520,5224
521,6452
522,6442
523,6290
524,6554
525,6279
526,6713
527,6630
528,7157
529,7268
530,7221
531,7109
532,7143
533,7308
534,7637
535,7411
536,7427
537,7769
538,9217
539,9237
540,9993
541,9602
542,9678
543,9166
544,10200
545,10516
546,11909
547,11835
548,10458
549,11953
550,11055
551,11898
552,14215
553,13862
554,13547
555,12073
556,13504
557,16150
558,17895
559,14693
560,16847
561,17643
562,17350
563,21061
564,19437
565,20992
566,25561
567,24252
568,25874
569,32658
570,27925
571,28574
572,29641
573,29724
574,31947
575,33897
576,33787
577,36214
578,39102
579,43158
580,47549
581,50913
582,57147
583,62281
584,74826
585,83574
586,85149
587,96693
588,114782
589,123480
590,133071
591,158610
592,195004
593,230613
594,301356
595,382998
596,501353
597,719823
598,1142363
599,2657260
600,25124495
601,37198
602,26489
603,28051
604,25881
605,26445
606,26982
607,26712
608,25069
609,24332
610,29184
611,29136
612,29704
613,28834
614,24584
615,24069
616,21484
617,20663
618,19195
619,21111
620,20074
621,19559
622,19741
623,20824
624,21341
625,20563
626,17997
627,17658
628,16878
629,15729
630,17254
631,17903
632,18277
633,21220
634,24182
635,19837
636,17910
637,15684
638,17365
639,19960
640,18289
641,17305
642,16391
643,16859
644,19351
645,20223
646,18746
647,22151
648,19350
649,16900
650,18453
651,17376
652,16791
653,16546
654,16316
655,15662
656,16385
657,15458
658,13925
659,19809
660,14414
661,16055
662,15501
663,17382
664,15869
665,15509
666,15459
667,17154
668,16642
669,17099
670,16110
671,19056
672,19018
673,19434
674,17341
675,17017
676,14699
677,13715
678,13436
679,13181
680,13813
681,13550
682,14592
683,14224
684,15189
685,12935
686,13554
687,13630
688,13703
689,16246
690,15376
691,19214
692,18125
693,16915
694,14107
695,11498
696,11716
697,12323
698,14085
699,16394
700,15653
701,15383
702,13162
703,13055
704,12133
705,11783
706,11188
707,10523
708,14232
709,15466
710,13020
711,12372
712,12813
713,11365
714,13625
715,10973
716,10480
717,9317
718,9288
719,9632
720,9519
721,9353
722,9773
723,10200
724,10931
725,9885
726,11854
727,9803
728,10560
729,10180
730,9573
731,10241
732,9269
733,9101
734,9174
735,9591
736,10563
737,9858
738,9918
739,10332
740,11396
741,10247
742,8741
743,9604
744,10924
745,10831
746,11122
747,10502
748,10096
749,10119
750,9363
751,8906
752,8791
753,8062
754,9068
755,9893
756,10541
757,9270
758,7923
759,9903
760,9126
761,8750
762,10195
763,9862
764,9948
765,8667
766,8529
767,10345
768,7666
769,8169
770,8091
771,9338
772,7579
773,9221
774,7159
775,8173
776,7393
777,7809
778,7926
779,7524
780,8764
781,7864
782,8984
783,9270
784,10640
785,10655
786,9303
787,8601
788,7926
789,7493
790,7193
791,6703
792,7330
793,8235
794,9861
795,11787
796,13597
797,13406
798,12551
799,12272
800,10607
801,10037
802,8746
803,8072
804,7352
805,7058
806,6815
807,7692
808,7725
809,8919
810,9061
811,9294
812,8712
813,7950
814,7990
815,8767
816,7706
817,8951
818,8779
819,9455
820,10025
821,12433
822,13622
823,14174
824,13951
825,13724
826,13752
827,11223
828,12220
829,12361
830,13542
831,12078
832,12606
833,11052
834,13668
835,14541
836,14680
837,12487
838,11239
839,10237
840,9325
841,9500
842,10047
843,8980
844,7990
845,8753
846,8781
847,8720
848,9364
849,8939
850,8346
851,10293
852,12066
853,10361
854,11519
855,11341
856,11185
857,12715
858,12335
859,11990
860,10963
861,10862
862,11982
863,13435
864,15273
865,15568
866,14511
867,14583
868,12772
869,12029
870,13088
871,13923
872,13295
873,11909
874,13104
875,13268
876,12794
877,12588
878,12271
879,12046
880,11908
881,12610
882,13409
883,15430
884,14325
885,14836
886,13298
887,13482
888,13443
889,14797
890,13946
891,11340
892,10714
893,9027
894,9082
895,9126
896,11754
897,12696
898,12362
899,12465
900,14089
901,18085
902,23031
903,23480
904,26831
905,26524
906,27455
907,26037
908,23765
909,22859
910,22822
911,17425
912,18451
913,15764
914,17699
915,17116
916,15497
917,12976
918,12255
919,10498
920,9234
921,10490
922,11152
923,9871
924,9700
925,8511
926,9942
927,9172
928,9587
929,10038
930,10430
931,10755
932,10280
933,9232
934,8569
935,7733
936,7887
937,7799
938,8931
939,8881
940,8613
941,7146
942,6754
943,6539
944,6196
945,6038
946,5854
947,7316
948,6985
949,7419
950,7498
951,8438
952,7287
953,7417
954,7212
955,7800
956,8389
957,8542
958,7388
959,8061
960,7350
961,7547
962,8522
963,7416
964,7687
965,8119
966,8128
967,7534
968,8444
969,8198
970,7915
971,6964
972,7274
973,7792
974,6713
975,6794
976,6590
977,7445
978,7427
979,6415
980,7375
981,7019
982,7433
983,6300
984,6533
985,8231
986,8231
987,7245
988,6933
989,6743
990,7852
991,7448
992,6304
993,5937
994,6803
995,6875
996,6807
997,6895
998,7117
999,7506
1000,7104
1001,7925
1002,7321
1003,6516
1004,7036
1005,6689
1006,6382
1007,6343
1008,7135
1009,6725
1010,6219
1011,5735
1012,6023
1013,6288
1014,6221
1015,6278
1016,6213
1017,4863
1018,6017
1019,6331
1020,6157
1021,5942
1022,6366
1023,6886
1024,6979
1025,5915
1026,5216
1027,5205
1028,6432
1029,5866
1030,5724
1031,5643
1032,5819
1033,5655
1034,5547
1035,6597
1036,5806
1037,5098
1038,5719
1039,5401
1040,5724
1041,5801
1042,5594
1043,6234
1044,6634
1045,8552
1046,8115
1047,7531
1048,7040
1049,7630
1050,6457
1051,6288
1052,6325
1053,6002
1054,6660
1055,6754
1056,6091
1057,5826
1058,5946
1059,5691
1060,6502
1061,5765
1062,5685
1063,5960
1064,6184
1065,6587
1066,7245
1067,8003
1068,6696
1069,6191
1070,5704
1071,6362
1072,5120
1073,5705
1074,7123
1075,6245
1076,5380
1077,5424
1078,6265
1079,5833
1080,5495
1081,5798
1082,7272
1083,6555
1084,6140
1085,6104
1086,6327
1087,5546
1088,5493
1089,5565
1090,6313
1091,5742
1092,5109
1093,4455
1094,5153
1095,5315
1096,5214
1097,4961
1098,5744
1099,5513
1100,5558
1101,6350
1102,5910
1103,6487
1104,7833
1105,7576
1106,6277
1107,6684
1108,7533
1109,6724
1110,5967
1111,5952
1112,6420
1113,5874
1114,5259
1115,5316
1116,5447
1117,5935
1118,6493
1119,6318
1120,6050
1121,5291
1122,5644
1123,4954
1124,5145
1125,4898
1126,4691
1127,4401
1128,5295
1129,5449
1130,5971
1131,6971
1132,6416
1133,6954
1134,6925
1135,5847
1136,5705
1137,5162
1138,5333
1139,5241
1140,5037
1141,5375
1142,5415
1143,4816
1144,5015
1145,5170
1146,5603
1147,5636
1148,5181
1149,5049
1150,5369
1151,5288
1152,5948
1153,6025
1154,5291
1155,4361
1156,4203
1157,4921
1158,5436
1159,5485
1160,5124
1161,4923
1162,5213
1163,5210
1164,5138
1165,4950
1166,4651
1167,4890
1168,4597
1169,4355
1170,3932
1171,3750
1172,3772
1173,3960
1174,4866
1175,4926
1176,4704
1177,4338
1178,3763
1179,4336
1180,3892
1181,4430
1182,4097
1183,4069
1184,3748
1185,3760
1186,3980
1187,3949
1188,3836
1189,3963
1190,3644
1191,4095
1192,3219
1193,2766
1194,3464
1195,3043
1196,2860
1197,3607
1198,4230
1199,5098
1200,5516
1201,6580
1202,6078
1203,6270
1204,5383
1205,4798
1206,5132
1207,5828
1208,6868
1209,7284
1210,7088
1211,6132
1212,6575
1213,6050
1214,6209
1215,5812
1216,5915
1217,7069
1218,8519
1219,7492
1220,7433
1221,6794
1222,9978
1223,5881
1224,6212
1225,7254
1226,6649
1227,7001
1228,7757
1229,8053
1230,7852
1231,7583
1232,6607
1233,6090
1234,6674
1235,7192
1236,7246
1237,7679
1238,6749
1239,6360
1240,6425
1241,5716
1242,5575
1243,6091
1244,5228
1245,5865
1246,7065
1247,7298
1248,7056
1249,7692
1250,7814
1251,7991
1252,9004
1253,9308
1254,8929
1255,9062
1256,9063
1257,8102
1258,9038
1259,7116
1260,5987
1261,6966
1262,7004
1263,7943
1264,8719
1265,8391
1266,8470
1267,7143
1268,7008
1269,7068
1270,6691
1271,6003
1272,5692
1273,5000
1274,5626
1275,5899
1276,5393
1277,5467
1278,4669
1279,4553
1280,4649
1281,4293
1282,4148
1283,4900
1284,4667
1285,4813
1286,5348
1287,5199
1288,5023
1289,4654
1290,4516
1291,4552
1292,3884
1293,4463
1294,5529
1295,4540
1296,5171
1297,5481
1298,5415
1299,5579
1300,5711
1301,5488
1302,4878
1303,5669
1304,6687
1305,5062
1306,4926
1307,4679
1308,4745
1309,6522
1310,4256
1311,4600
1312,5341
1313,4027
1314,4261
1315,5197
1316,5419
1317,5039
1318,5036
1319,4475
1320,4758
1321,5204
1322,4318
1323,4649
1324,4728
1325,5218
1326,4277
1327,3659
1328,3705
1329,4097
1330,4506
1331,5371
1332,4744
1333,3267
1334,3013
1335,3335
1336,3524
1337,3478
1338,3398
1339,4001
1340,4773
1341,5286
1342,6217
1343,5524
1344,5583
1345,4745
1346,4033
1347,4444
1348,3748
1349,3553
1350,4070
1351,4217
1352,4009
1353,3687
1354,4899
1355,4290
1356,4447
1357,4177
1358,5090
1359,5576
1360,4575
1361,3381
1362,3667
1363,4611
1364,4175
1365,3919
1366,3366
1367,3356
1368,3785
1369,3688
1370,3936
1371,4881
1372,4233
1373,4244
1374,5707
1375,5738
1376,4558
1377,3847
1378,4217
1379,4594
1380,4585
1381,4866
1382,4016
1383,4981
1384,4468
1385,3836
1386,4919
1387,5607
1388,5822
1389,5047
1390,4932
1391,4424
1392,3465
1393,3815
1394,4450
1395,4560
1396,5391
1397,4691
1398,3845
1399,3974
1400,4282
1401,4330
1402,3794
1403,4126
1404,5594
1405,4718
1406,4271
1407,3267
1408,5066
1409,4770
1410,4339
1411,4222
1412,4281
1413,3255
1414,3522
1415,3395
1416,3079
1417,3093
1418,3655
1419,3111
1420,2657
1421,3714
1422,3866
1423,3700
1424,2859
1425,3590
1426,4329
1427,3867
1428,3815
1429,3495
1430,3823
1431,3927
1432,3250
1433,3046
1434,2895
1435,3183
1436,2776
1437,3071
1438,3641
1439,4470
1440,4451
1441,3198
1442,2973
1443,3787
1444,3698
1445,4013
1446,2646
1447,3809
1448,2545
1449,3319
1450,3918
1451,3992
1452,3737
1453,3557
1454,3474
1455,4347
1456,4232
1457,4386
1458,4821
1459,3873
1460,3492
1461,3754
1462,3313
1463,4065
1464,4748
1465,3932
1466,4904
1467,3483
1468,3953
1469,3195
1470,3580
1471,3383
1472,3915
1473,5309
1474,4712
1475,5119
1476,5619
1477,4593
1478,4489
1479,3749
1480,3853
1481,3970
1482,4697
1483,4563
1484,4489
1485,5119
1486,4318
1487,3756
1488,3856
1489,3356
1490,2837
1491,2874
1492,2476
1493,2615
1494,2599
1495,2761
1496,2720
1497,3107
1498,2098
1499,2548
1500,2670
1501,2572
1502,3105
1503,3175
1504,2567
1505,4148
1506,4473
1507,4971
1508,4284
1509,4443
1510,4538
1511,3264
1512,3266
1513,2936
1514,3750
1515,3222
1516,4211
1517,2573
1518,3046
1519,3813
1520,3633
1521,3008
1522,3285
1523,2831
1524,2690
1525,2625
1526,3091
1527,2982
1528,2875
1529,2631
1530,2249
1531,3066
1532,2370
1533,2885
1534,2579
1535,3114
1536,2578
1537,3037
1538,2707
1539,3297
1540,2996
1541,2971
1542,2749
1543,3082
1544,2768
1545,2816
1546,3456
1547,2766
1548,3512
1549,2367
1550,2922
1551,2556
1552,2439
1553,2601
1554,2686
1555,3292
1556,2554
1557,2675
1558,2481
1559,2256
1560,2948
1561,2975
1562,3400
1563,2211
1564,3152
1565,2579
1566,1712
1567,2177
1568,2353
1569,2280
1570,2534
1571,1850
1572,1694
1573,2967
1574,2264
1575,2931
1576,2685
1577,3255
1578,2799
1579,1733
1580,2749
1581,1714
1582,1854
1583,2544
1584,1960
1585,2843
1586,3208
1587,2243
1588,2497
1589,3829
1590,3762
1591,2766
1592,2152
1593,1705
1594,1748
1595,2108
1596,3027
1597,3159
1598,2076
1599,2201
1600,2142
1601,2639
1602,2891
1603,1985
1604,1863
1605,2416
1606,1882
1607,2295
1608,1703
1609,1997
1610,1234
1611,2195
1612,2178
1613,3973
1614,3116
1615,2671
1616,2806
1617,2491
1618,3003
1619,2666
1620,3021
1621,1864
1622,2264
1623,1964
1624,2420
1625,2477
1626,2487
1627,2484
1628,2621
1629,2939
1630,3321
1631,2369
1632,1921
1633,2721
1634,1554
1635,1686
1636,1650
1637,1810
1638,2210
1639,2249
1640,2592
1641,4276
1642,2478
1643,2023
1644,3154
1645,3992
1646,2796
1647,2408
1648,2684
1649,2847
1650,2964
1651,2474
1652,2770
1653,2368
1654,2160
1655,2325
1656,2478
1657,2451
1658,1851
1659,2173
1660,2280
1661,1908
1662,2641
1663,2028
1664,1756
1665,1764
1666,2640
1667,3442
1668,2277
1669,2018
1670,2761
1671,2719
1672,1943
1673,2013
1674,1891
1675,1935
1676,2970
1677,2413
1678,2825
1679,2200
1680,2323
1681,2298
1682,2636
1683,3546
1684,4982
1685,3579
1686,3108
1687,2073
1688,3150
1689,2148
1690,2398
1691,1810
1692,2503
1693,2708
1694,2687
1695,2984
1696,2696
1697,3098
1698,2496
1699,3065
1700,3410
1701,3578
1702,4365
1703,4226
1704,4106
1705,4699
1706,6197
1707,5260
1708,4822
1709,3220
1710,3251
1711,2216
1712,3354
1713,2667
1714,3112
1715,4089
1716,3518
1717,3191
1718,3014
1719,3077
1720,3632
1721,3336
1722,4352
1723,3911
1724,4773
1725,4570
1726,3792
1727,3528
1728,2472
1729,3048
1730,1614
1731,1717
1732,1556
1733,2281
1734,1809
1735,1532
1736,2346
1737,2272
1738,2660
1739,2254
1740,2625
1741,2406
1742,2128
1743,3760
1744,2671
1745,3904
1746,3332
1747,3132
1748,2882
1749,2105
1750,2803
1751,2943
1752,2406
1753,2323
1754,2316
1755,2026
1756,2277
1757,1354
1758,1650
1759,1458
1760,1933
1761,1800
1762,1425
1763,1911
1764,2182
1765,2599
1766,2346
1767,2319
1768,2586
1769,2216
1770,2730
1771,2388
1772,2651
1773,1802
1774,1474
1775,2587
1776,2368
1777,2712
1778,4306
1779,2632
1780,2617
1781,3256
1782,3209
1783,2518
1784,2712
1785,2631
1786,2596
1787,2503
1788,2252
1789,1783
1790,2008
1791,2135
1792,2584
1793,1865
1794,2781
1795,2268
1796,2586
1797,2371
1798,3560
1799,4088
1800,3800
1801,3159
1802,3398
1803,3075
1804,3400
1805,1707
1806,2163
1807,1857
1808,2668
1809,2599
1810,2741
1811,2203
1812,3488
1813,2421
1814,2184
1815,2128
1816,1908
1817,1325
1818,1252
1819,1461
1820,1752
1821,2363
1822,2581
1823,3310
1824,2611
1825,2478
1826,3295
1827,3505
1828,2459
1829,2099
1830,1958
1831,2118
1832,1941
1833,1597
1834,2119
1835,1825
1836,1728
1837,1685
1838,1470
1839,1458
1840,1302
1841,2042
1842,1813
1843,1398
1844,1530
1845,1737
1846,2116
1847,1872
1848,3229
1849,2625
1850,3200
1851,2585
1852,2153
1853,2588
1854,3362
1855,4769
1856,4131
1857,3176
1858,3091
1859,3243
1860,3425
1861,4016
1862,3880
1863,4406
1864,3727
1865,4349
1866,3312
1867,3025
1868,3011
1869,2696
1870,2590
1871,2969
1872,2166
1873,2033
1874,2029
1875,2325
1876,2466
1877,1848
1878,2277
1879,1978
1880,1282
1881,1440
1882,1946
1883,1655
1884,2188
1885,2257
1886,2861
1887,2770
1888,2788
1889,2956
1890,3885
1891,3406
1892,3178
1893,3545
1894,1715
1895,1056
1896,1757
1897,2545
1898,3636
1899,3896
1900,5072
1901,6189
1902,6710
1903,8477
1904,7803
1905,6625
1906,3925
1907,3266
1908,3864
1909,3617
1910,1697
1911,539
1912,688
1913,903
1914,471
1915,442
1916,820
1917,614
1918,550
1919,825
1920,705
1921,776
1922,531
1923,534
1924,632
1925,404
1926,514
1927,874
1928,800
1929,559
1930,374
1931,625
1932,459
1933,382
1934,460
1935,520
1936,603
1937,443
1938,371
1939,555
1940,524
1941,436
1942,546
1943,593
1944,500
1945,663
1946,659
1947,885
1948,723
1949,835
1950,737
1951,574
1952,494
1953,567
1954,556
1955,597
1956,679
1957,505
1958,712
1959,639
1960,706
1961,647
1962,540
1963,629
1964,593
1965,638
1966,627
1967,741
1968,862
1969,747
1970,504
1971,467
1972,538
1973,657
1974,822
1975,826
1976,970
1977,802
1978,971
1979,1045
1980,852
1981,779
1982,893
1983,505
1984,483
1985,539
1986,348
1987,341
1988,421
1989,798
1990,1099
1991,642
1992,737
1993,572
1994,559
1995,741
1996,552
1997,497
1998,396
1999,401
2000,550
2001,400
2002,451
2003,546
2004,458
2005,492
2006,518
2007,504
2008,644
2009,755
2010,788
2011,637
2012,578
2013,558
2014,611
2015,790
2016,682
2017,801
2018,959
2019,924
2020,617
2021,584
2022,597
2023,607
2024,488
2025,650
2026,491
2027,381
2028,615
2029,864
2030,932
2031,801
2032,768
2033,692
2034,624
2035,401
2036,517
2037,368
2038,360
2039,449
2040,485
2041,423
2042,346
2043,447
2044,349
2045,310
2046,363
2047,461
2048,570
2049,598
2050,562
2051,568
2052,484
2053,571
2054,538
2055,567
2056,614
2057,641
2058,768
2059,769
2060,825
2061,620
2062,504
2063,676
2064,602
2065,496
2066,688
2067,518
2068,729
2069,701
2070,562
2071,565
2072,550
2073,608
2074,591
2075,681
2076,645
2077,709
2078,598
2079,585
2080,1190
2081,415
2082,408
2083,528
2084,553
2085,615
2086,719
2087,695
2088,684
2089,584
2090,622
2091,573
2092,570
2093,531
2094,460
2095,358
2096,296
2097,316
2098,310
2099,316
2100,400
2101,517
2102,451
2103,461
2104,497
2105,510
2106,480
2107,538
2108,456
2109,569
2110,569
2111,461
2112,425
2113,398
2114,390
2115,479
2116,493
2117,492
2118,452
2119,544
2120,778
2121,1045
2122,786
2123,558
2124,644
2125,590
2126,673
2127,705
2128,560
2129,581
2130,586
2131,573
2132,528
2133,586
2134,667
2135,651
2136,772
2137,887
2138,905
2139,919
2140,823
2141,579
2142,795
2143,812
2144,739
2145,638
2146,731
2147,791
2148,826
2149,623
2150,638
2151,762
2152,831
2153,599
2154,490
2155,435
2156,515
2157,670
2158,571
2159,357
2160,340
2161,442
2162,559
2163,553
2164,516
2165,552
2166,707
2167,1086
2168,785
2169,642
2170,511
2171,452
2172,558
2173,523
2174,424
2175,563
2176,521
2177,669
2178,779
2179,632
2180,587
2181,897
2182,606
2183,544
2184,503
2185,463
2186,484
2187,728
2188,674
2189,763
2190,634
2191,560
2192,827
2193,738
2194,854
2195,886
2196,667
2197,769
2198,544
2199,644
2200,566
2201,956
2202,1263
2203,1439
2204,1372
2205,1588
2206,1426
2207,1173
2208,1140
2209,939
2210,964
2211,1482
2212,2086
2213,1398
2214,1227
2215,1021
2216,1170
2217,1171
2218,844
2219,826
2220,737
2221,780
2222,953
2223,926
2224,809
2225,938
2226,887
2227,748
2228,718
2229,858
2230,906
2231,798
2232,677
2233,563
2234,592
2235,568
2236,692
2237,504
2238,460
2239,393
2240,466
2241,768
2242,719
2243,760
2244,627
2245,377
2246,488
2247,522
2248,566
2249,522
2250,514
2251,359
2252,400
2253,341
2254,395
2255,496
2256,585
2257,456
2258,777
2259,569
2260,542
2261,552
2262,691
2263,694
2264,660
2265,636
2266,551
2267,641
2268,1052
2269,875
2270,888
2271,685
2272,828
2273,756
2274,1071
2275,897
2276,1048
2277,813
2278,811
2279,717
2280,771
2281,913
2282,737
2283,697
2284,639
2285,616
2286,600
2287,643
2288,622
2289,567
2290,749
2291,830
2292,1217
2293,1283
2294,1108
2295,1169
2296,1265
2297,1032
2298,929
2299,967
2300,934
2301,956
2302,776
2303,890
2304,757
2305,864
2306,1071
2307,1425
2308,1147
2309,1059
2310,1228
2311,1008
2312,833
2313,1058
2314,1032
2315,1272
2316,1094
2317,819
2318,1328
2319,1849
2320,1743
2321,1624
2322,1725
2323,1922
2324,950
2325,1119
2326,1530
2327,861
2328,1043
2329,1210
2330,1278
2331,1125
2332,1389
2333,1301
2334,1392
2335,1105
2336,968
2337,1196
2338,1228
2339,937
2340,969
2341,952
2342,1135
2343,1019
2344,1141
2345,912
2346,677
2347,682
2348,794
2349,1087
2350,678
2351,603
2352,708
2353,617
2354,771
2355,543
2356,775
2357,902
2358,931
2359,1003
2360,732
2361,899
2362,1019
2363,930
2364,847
2365,656
2366,750
2367,727
2368,814
2369,840
2370,778
2371,726
2372,553
2373,715
2374,573
2375,542
2376,496
2377,517
2378,455
2379,515
2380,510
2381,600
2382,800
2383,516
2384,446
2385,574
2386,582
2387,529
2388,650
2389,787
2390,1055
2391,792
2392,556
2393,598
2394,647
2395,979
2396,918
2397,1089
2398,1030
2399,921
2400,929
2401,811
2402,739
2403,1095
2404,973
2405,749
2406,749
2407,763
2408,868
2409,890
2410,793
2411,859
2412,816
2413,675
2414,677
2415,631
2416,657
2417,910
2418,869
2419,820
2420,955
2421,876
2422,777
2423,877
2424,673
2425,674
2426,859
2427,879
2428,880
2429,951
2430,1059
2431,1086
2432,802
2433,921
2434,775
2435,766
2436,816
2437,944
2438,1093
2439,979
2440,795
2441,502
2442,459
2443,425
2444,434
2445,495
2446,466
2447,647
2448,651
2449,551
2450,1284
2451,542
2452,378
2453,394
2454,471
2455,422
2456,768
2457,730
2458,683
2459,501
2460,420
2461,393
2462,452
2463,493
2464,447
2465,595
2466,658
2467,467
2468,443
2469,322
2470,329
2471,457
2472,367
2473,496
2474,656
2475,739
2476,703
2477,611
2478,592
2479,672
2480,644
2481,679
2482,755
2483,726
2484,557
2485,587
2486,756
2487,713
2488,694
2489,625
2490,635
2491,719
2492,669
2493,837
2494,1127
2495,1576
2496,1571
2497,1743
2498,1506
2499,1266
2500,1527
2501,1811
2502,2107
2503,1701
2504,1539
2505,1524
2506,1373
2507,1579
2508,1941
2509,1937
2510,1962
2511,1911
2512,1606
2513,1732
2514,1867
2515,1946
2516,1685
2517,1547
2518,1277
2519,1096
2520,978
2521,1111
2522,1102
2523,1463
2524,1307
2525,1235
2526,670
2527,791
2528,777
2529,753
2530,825
2531,835
2532,859
2533,1005
2534,1834
2535,913
2536,742
2537,841
2538,781
2539,712
2540,689
2541,577
2542,566
2543,614
2544,535
2545,663
2546,790
2547,869
2548,644
2549,620
2550,507
2551,473
2552,419
2553,572
2554,594
2555,498
2556,477
2557,498
2558,493
2559,517
2560,513
2561,384
2562,361
2563,385
2564,470
2565,451
2566,435
2567,419
2568,406
2569,383
2570,400
2571,313
2572,305
2573,352
2574,282
2575,325
2576,334
2577,376
2578,297
2579,289
2580,352
2581,370
2582,318
2583,342
2584,387
2585,397
2586,626
2587,539
2588,704
2589,853
2590,643
2591,666
2592,445
2593,635
2594,481
2595,543
2596,525
2597,511
2598,426
2599,504
2600,530
2601,515
2602,493
2603,533
2604,483
2605,584
2606,618
2607,788
2608,839
2609,860
2610,858
2611,810
2612,686
2613,818
2614,620
2615,524
2616,494
2617,314
2618,343
2619,409
2620,382
2621,409
2622,372
2623,375
2624,315
2625,344
2626,461
2627,501
2628,549
2629,495
2630,543
2631,636
2632,578
2633,557
2634,517
2635,553
2636,870
2637,479
2638,353
2639,433
2640,682
2641,541
2642,423
2643,390
2644,343
2645,488
2646,392
2647,358
2648,445
2649,384
2650,399
2651,350
2652,290
2653,234
2654,297
2655,344
2656,326
2657,354
2658,268
2659,343
2660,428
2661,348
2662,338
2663,452
2664,443
2665,400
2666,440
2667,561
2668,580
2669,469
2670,497
2671,610
2672,524
2673,445
2674,457
2675,362
2676,401
2677,370
2678,571
2679,523
2680,320
2681,343
2682,477
2683,494
2684,569
2685,650
2686,693
2687,779
2688,840
2689,792
2690,834
2691,689
2692,575
2693,648
2694,688
2695,492
2696,519
2697,502
2698,547
2699,615
2700,705
2701,727
2702,741
2703,622
2704,515
2705,466
2706,623
2707,639
2708,432
2709,443
2710,368
2711,523
2712,511
2713,426
2714,524
2715,394
2716,488
2717,1166
2718,879
2719,397
2720,413
2721,437
2722,475
2723,893
2724,661
2725,502
2726,525
2727,442
2728,427
2729,415
2730,404
2731,372
2732,306
2733,474
2734,471
2735,371
2736,312
2737,358
2738,288
2739,345
2740,231
2741,264
2742,290
2743,283
2744,383
2745,242
2746,234
2747,278
2748,372
2749,314
2750,236
2751,227
2752,272
2753,239
2754,231
2755,242
2756,192
2757,337
2758,316
2759,279
2760,172
2761,252
2762,161
2763,129
2764,97
2765,127
2766,86
2767,124
2768,106
2769,163
2770,115
2771,270
2772,165
2773,166
2774,105
2775,104
2776,95
2777,130
2778,196
2779,120
2780,88
2781,42
2782,34
2783,49
2784,153
2785,165
2786,216
2787,216
2788,176
2789,232
2790,248
2791,121
2792,71
2793,62
2794,59
2795,31
2796,35
2797,25
2798,26
2799,20
2800,20
2801,24
2802,36
2803,38
2804,104
2805,134
2806,145
2807,97
2808,41
2809,24
2810,31
2811,46
2812,64
2813,52
2814,71
2815,92
2816,39
2817,56
2818,143
2819,82
2820,75
2821,55
2822,62
2823,37
2824,51
2825,203
2826,481
2827,512
2828,326
2829,287
2830,351
2831,329
2832,291
2833,418
2834,318
2835,310
2836,245
2837,85
2838,55
2839,53
2840,59
2841,85
2842,113
2843,144
2844,123
2845,105
2846,101
2847,74
2848,76
2849,74
2850,99
2851,183
2852,211
2853,142
2854,170
2855,180
2856,125
2857,120
2858,168
2859,38
2860,47
2861,66
2862,91
2863,60
2864,90
2865,115
2866,145
2867,79
2868,72
2869,116
2870,93
2871,147
2872,169
2873,142
2874,112
2875,109
2876,92
2877,176
2878,115
2879,65
2880,165
2881,159
2882,104
2883,109
2884,95
2885,123
2886,120
2887,86
2888,129
2889,114
2890,135
2891,105
2892,75
2893,125
2894,147
2895,88
2896,113
2897,196
2898,131
2899,109
2900,93
2901,121
2902,102
2903,82
2904,67
2905,89
2906,92
2907,142
2908,125
2909,96
2910,128
2911,113
2912,80
2913,74
2914,79
2915,87
2916,74
2917,99
2918,167
2919,124
2920,264
2921,202
2922,111
2923,29
2924,40
2925,30
2926,39
2927,38
2928,40
2929,50
2930,18
2931,55
2932,166
2933,81
2934,102
2935,127
2936,126
2937,104
2938,128
2939,98
2940,141
2941,513
2942,630
2943,522
2944,474
2945,556
2946,631
2947,737
2948,483
2949,563
2950,628
2951,512
2952,262
2953,307
2954,228
2955,313
2956,345
2957,394
2958,367
2959,351
2960,254
2961,261
2962,299
2963,235
2964,306
2965,361
2966,279
2967,273
2968,315
2969,449
2970,363
2971,429
2972,488
2973,360
2974,382
2975,252
2976,304
2977,354
2978,366
2979,271
2980,149
2981,182
2982,78
2983,88
2984,117
2985,80
2986,69
2987,61
2988,83
2989,64
2990,73
2991,56
2992,50
2993,66
2994,99
2995,117
2996,139
2997,85
2998,91
2999,69
3000,85
3001,102
3002,98
3003,158
3004,78
3005,39
3006,34
3007,61
3008,61
3009,58
3010,49
3011,68
3012,77
3013,88
3014,129
3015,78
3016,78
3017,66
3018,80
3019,124
3020,83
3021,74
3022,63
3023,124
3024,167
3025,124
3026,137
3027,113
3028,61
3029,66
3030,85
3031,123
3032,86
3033,93
3034,92
3035,80
3036,119
3037,100
3038,139
3039,102
3040,72
3041,105
3042,143
3043,139
3044,128
3045,170
3046,129
3047,56
3048,66
3049,192
3050,115
3051,66
3052,102
3053,186
3054,196
3055,121
3056,152
3057,165
3058,124
3059,196
3060,164
3061,142
3062,148
3063,129
3064,121
3065,117
3066,134
3067,199
3068,264
3069,229
3070,348
3071,361
3072,219
3073,149
3074,232
3075,103
3076,105
3077,71
3078,72
3079,64
3080,65
3081,90
3082,66
3083,105
3084,65
3085,51
3086,43
3087,37
3088,84
3089,171
3090,59
3091,65
3092,165
3093,84
3094,93
3095,61
3096,49
3097,62
3098,67
3099,114
3100,111
3101,54
3102,83
3103,50
3104,52
3105,46
3106,66
3107,81
3108,68
3109,49
3110,75
3111,99
3112,106
3113,64
3114,48
3115,71
3116,70
3117,95
3118,147
3119,92
3120,62
3121,40
3122,42
3123,49
3124,52
3125,34
3126,56
3127,60
3128,70
3129,114
3130,86
3131,83
3132,280
3133,224
3134,80
3135,64
3136,95
3137,123
3138,179
3139,182
3140,92
3141,57
3142,102
3143,84
3144,90
3145,76
3146,78
3147,92
3148,72
3149,86
3150,57
3151,181
3152,356
3153,468
3154,490
3155,511
3156,421
3157,314
3158,368
3159,401
3160,351
3161,333
3162,235
3163,312
3164,265
3165,207
3166,146
3167,266
3168,357
3169,285
3170,357
3171,298
3172,198
3173,190
3174,162
3175,163
3176,173
3177,255
3178,193
3179,247
3180,296
3181,225
3182,276
3183,244
3184,254
3185,201
3186,236
3187,305
3188,277
3189,196
3190,184
3191,163
3192,172
3193,225
3194,185
3195,248
3196,220
3197,233
3198,216
3199,160
3200,250
3201,338
3202,330
3203,285
3204,239
3205,196
3206,232
3207,187
3208,130
3209,177
3210,168
3211,249
3212,163
3213,174
3214,238
3215,228
3216,296
3217,215
3218,202
3219,270
3220,265
3221,172
3222,252
3223,193
3224,213
3225,268
3226,308
3227,281
3228,247
3229,256
3230,259
3231,366
3232,523
3233,529
3234,418
3235,364
3236,444
3237,349
3238,409
3239,397
3240,366
3241,378
3242,427
3243,315
3244,401
3245,262
3246,486
3247,383
3248,248
3249,186
3250,153
3251,179
3252,257
3253,193
3254,220
3255,275
3256,194
3257,227
3258,211
3259,206
3260,181
3261,283
3262,245
3263,259
3264,252
3265,190
3266,201
3267,231
3268,221
3269,182
3270,140
3271,157
3272,208
3273,209
3274,245
3275,164
3276,182
3277,188
3278,256
3279,290
3280,280
3281,269
3282,231
3283,216
3284,242
3285,189
3286,184
3287,179
3288,201
3289,196
3290,198
3291,245
3292,203
3293,186
3294,245
3295,207
3296,191
3297,253
3298,244
3299,294
3300,227
3301,187
3302,181
3303,164
3304,214
3305,274
3306,251
3307,239
3308,290
3309,240
3310,201
3311,203
3312,192
3313,240
3314,349
3315,282
3316,336
3317,279
3318,250
3319,265
3320,242
3321,274
3322,311
3323,297
3324,253
3325,198
3326,336
3327,432
3328,341
3329,399
3330,367
3331,350
3332,381
3333,302
3334,456
3335,491
3336,560
3337,562
3338,560
3339,374
3340,515
3341,379
3342,370
3343,475
3344,508
3345,345
3346,446
3347,408
3348,356
3349,487
3350,485
3351,404
3352,420
3353,347
3354,329
3355,320
3356,303
3357,332
3358,422
3359,337
3360,309
3361,274
3362,339
3363,207
3364,223
3365,248
3366,178
3367,146
3368,129
3369,84
3370,113
3371,222
3372,166
3373,135
3374,123
3375,239
3376,281
3377,159
3378,152
3379,176
3380,169
3381,155
3382,147
3383,120
3384,143
3385,160
3386,166
3387,177
3388,155
3389,148
3390,131
3391,100
3392,250
3393,175
3394,169
3395,149
3396,115
3397,155
3398,148
3399,186
3400,153
3401,156
3402,182
3403,165
3404,188
3405,116
3406,144
3407,161
3408,182
3409,123
3410,157
3411,153
3412,151
3413,147
3414,159
3415,133
3416,111
3417,137
3418,113
3419,190
3420,149
3421,157
3422,158
3423,118
3424,172
3425,214
3426,158
3427,179
3428,231
3429,243
3430,255
3431,230
3432,372
3433,361
3434,463
3435,478
3436,208
3437,267
3438,377
3439,173
3440,137
3441,168
3442,211
3443,188
3444,185
3445,161
3446,143
3447,190
3448,215
3449,189
3450,149
3451,138
3452,129
3453,102
3454,112
3455,95
3456,111
3457,141
3458,167
3459,282
3460,266
3461,179
3462,207
3463,190
3464,165
3465,155
3466,164
3467,171
3468,159
3469,181
3470,208
3471,262
3472,203
3473,208
3474,176
3475,178
3476,208
3477,208
3478,136
3479,140
3480,105
3481,146
3482,111
3483,183
3484,110
3485,102
3486,182
3487,170
3488,195
3489,189
3490,209
3491,216
3492,267
3493,335
3494,414
3495,384
3496,284
3497,318
3498,229
3499,163
3500,145
3501,138
3502,139
3503,191
3504,133
3505,148
3506,219
3507,149
3508,135
3509,103
3510,175
3511,161
3512,176
3513,177
3514,161
3515,193
3516,231
3517,314
3518,233
3519,200
3520,213
3521,267
3522,250
3523,327
3524,287
3525,298
3526,399
3527,399
3528,493
3529,600
3530,567
3531,623
3532,345
3533,229
3534,410
3535,342
3536,311
3537,201
3538,175
3539,256
3540,271
3541,258
3542,230
3543,272
3544,306
3545,223
3546,209
3547,324
3548,308
3549,343
3550,276
3551,286
3552,300
3553,237
3554,192
3555,335
3556,270
3557,209
3558,257
3559,233
3560,212
3561,139
3562,162
3563,255
3564,144
3565,167
3566,227
3567,294
3568,218
3569,161
3570,267
3571,204
3572,303
3573,194
3574,169
3575,143
3576,219
3577,178
3578,223
3579,164
3580,237
3581,210
3582,211
3583,178
3584,233
3585,286
3586,341
3587,240
3588,216
3589,244
3590,255
3591,219
3592,374
3593,286
3594,172
3595,175
3596,219
3597,183
3598,176
3599,182
3600,212
3601,281
3602,176
3603,226
3604,244
3605,220
3606,215
3607,183
3608,162
3609,167
3610,177
3611,180
3612,232
3613,181
3614,154
3615,161
3616,167
3617,168
3618,176
3619,125
3620,109
3621,85
3622,93
3623,118
3624,112
3625,117
3626,109
3627,99
3628,149
3629,67
3630,120
3631,92
3632,102
3633,157
3634,101
3635,68
3636,152
3637,114
3638,97
3639,156
3640,143
3641,103
3642,93
3643,138
3644,157
3645,84
3646,69
3647,63
3648,143
3649,95
3650,77
3651,104
3652,68
3653,97
3654,69
3655,98
3656,88
3657,59
3658,66
3659,134
3660,167
3661,179
3662,79
3663,60
3664,134
3665,134
3666,115
3667,139
3668,140
3669,139
3670,93
3671,173
3672,212
3673,202
3674,185
3675,121
3676,105
3677,141
3678,218
3679,187
3680,230
3681,157
3682,261
3683,266
3684,238
3685,301
3686,305
3687,451
3688,329
3689,282
3690,392
3691,304
3692,369
3693,387
3694,363
3695,373
3696,318
3697,485
3698,604
3699,497
3700,431
3701,405
3702,376
3703,284
3704,207
3705,267
3706,289
3707,277
3708,364
3709,566
3710,397
3711,239
3712,275
3713,383
3714,278
3715,234
3716,268
3717,302
3718,383
3719,231
3720,211
3721,377
3722,337
3723,301
3724,265
3725,234
3726,246
3727,214
3728,175
3729,147
3730,211
3731,143
3732,127
3733,135
3734,85
3735,49
3736,80
3737,68
3738,86
3739,64
3740,88
3741,163
3742,127
3743,90
3744,102
3745,125
3746,99
3747,128
3748,65
3749,60
3750,161
3751,114
3752,113
3753,96
3754,100
3755,149
3756,83
3757,144
3758,143
3759,154
3760,131
3761,105
3762,98
3763,66
3764,103
3765,82
3766,81
3767,80
3768,67
3769,89
3770,130
3771,121
3772,111
3773,105
3774,106
3775,107
3776,114
3777,125
3778,126
3779,153
3780,247
3781,207
3782,231
3783,247
3784,242
3785,154
3786,246
3787,129
3788,82
3789,88
3790,93
3791,137
3792,185
3793,88
3794,127
3795,102
3796,82
3797,56
3798,52
3799,77
3800,59
3801,110
3802,37
3803,60
3804,37
3805,53
3806,45
3807,66
3808,155
3809,211
3810,215
3811,113
3812,117
3813,94
3814,70
3815,96
3816,62
3817,75
3818,81
3819,85
3820,82
3821,56
3822,48
3823,68
3824,112
3825,43
3826,53
3827,58
3828,71
3829,69
3830,45
3831,43
3832,80
3833,75
3834,156
3835,83
3836,59
3837,45
3838,34
3839,36
3840,63
3841,88
3842,70
3843,42
3844,38
3845,48
3846,48
3847,56
3848,42
3849,65
3850,105
3851,228
3852,183
3853,306
3854,154
3855,166
3856,73
3857,14
3858,29
3859,82
3860,117
3861,111
3862,142
3863,105
3864,123
3865,74
3866,85
3867,48
3868,60
3869,22
3870,25
3871,25
3872,24
3873,28
3874,22
3875,16
3876,40
3877,38
3878,22
3879,40
3880,32
3881,39
3882,19
3883,28
3884,33
3885,34
3886,31
3887,47
3888,42
3889,34
3890,36
3891,44
3892,54
3893,16
3894,28
3895,27
3896,27
3897,23
3898,37
3899,21
3900,39
3901,53
3902,20
3903,34
3904,40
3905,56
3906,42
3907,121
3908,31
3909,22
3910,28
3911,32
3912,35
3913,49
3914,67
3915,89
3916,40
3917,53
3918,87
3919,80
3920,52
3921,53
3922,79
3923,62
3924,83
3925,94
3926,85
3927,215
3928,132
3929,54
3930,58
3931,57
3932,41
3933,28
3934,22
3935,21
3936,43
3937,25
3938,40
3939,41
3940,32
3941,32
3942,29
3943,25
3944,27
3945,41
3946,55
3947,26
3948,16
3949,14
3950,18
3951,24
3952,21
3953,54
3954,91
3955,76
3956,57
3957,100
3958,39
3959,10
3960,23
3961,49
3962,44
3963,31
3964,58
3965,42
3966,54
3967,34
3968,26
3969,39
3970,42
3971,12
3972,7
3973,28
3974,23
3975,20
3976,19
3977,11
3978,28
3979,40
3980,37
3981,46
3982,82
3983,138
3984,202
3985,156
3986,158
3987,178
3988,29
3989,38
3990,33
3991,53
3992,78
3993,35
3994,83
3995,57
3996,85
3997,31
3998,32
3999,35
4000,26
4001,38
4002,42
4003,66
4004,74
4005,45
4006,53
4007,68
4008,136
4009,107
4010,107
4011,70
4012,73
4013,62
4014,64
4015,50
4016,43
4017,69
4018,111
4019,103
4020,94
4021,124
4022,92
4023,78
4024,94
4025,75
4026,40
4027,29
4028,15
4029,22
4030,29
4031,27
4032,79
4033,32
4034,22
4035,20
4036,24
4037,38
4038,19
4039,14
4040,19
4041,27
4042,39
4043,14
4044,13
4045,29
4046,44
4047,33
4048,26
4049,33
4050,8
4051,26
4052,26
4053,28
4054,35
4055,32
4056,39
4057,66
4058,39
4059,32
4060,42
4061,35
4062,73
4063,55
4064,25
4065,42
4066,52
4067,44
4068,49
4069,36
4070,51
4071,51
4072,59
4073,28
4074,21
4075,30
4076,18
4077,4
4078,5
4079,5
4080,33
4081,26
4082,23
4083,36
4084,12
4085,11
4086,13
4087,10
4088,9
4089,10
4090,14
4091,11
4092,12
4093,11
4094,8
4095,6
4096,3
4097,3
4098,7
4099,8
4100,51
4101,41
4102,11
4103,16
4104,5
4105,13
4106,10
4107,2
4108,4
4109,8
4110,10
4111,6
4112,6
4114,3
4115,4
4116,6
4117,5
4118,2
4119,2
4120,10
4121,4
4122,11
4123,10
4124,5
4125,24
4126,21
4127,2
4128,9
4129,6
4130,6
4131,3
4132,9
4133,3
4134,2
4135,1
4136,1
4137,7
4138,7
4139,14
4140,28
4141,3
4142,2
4143,5
4144,6
4145,9
4146,5
4147,9
4148,5
4149,8
4150,8
4151,4
4152,2
4153,14
4154,25
4155,10
4156,4
4157,12
4158,13
4159,2
4160,6
4161,9
4162,14
4163,10
4164,7
4165,9
4166,5
4167,17
4168,19
4169,3
4170,19
4171,5
4172,1
4173,7
4174,6
4175,9
4176,12
4177,84
4178,85
4179,18
4180,6
4181,11
4182,10
4183,8
4184,8
4185,19
4186,9
4187,6
4188,6
4189,4
4190,6
4191,4
4192,51
4193,34
4194,15
4195,28
4196,32
4197,28
4198,35
4199,45
4200,77
4201,55
4202,61
4203,48
4204,37
4205,41
4206,11
4207,22
4208,2
4209,7
4210,7
4211,8
4212,4
4213,10
4214,8
4215,21
4216,19
4217,4
4218,2
4219,22
4220,16
4221,55
4222,53
4223,36
4224,57
4225,36
4226,19
4227,19
4228,15
4229,8
4230,9
4231,34
4232,16
4233,10
4234,4
4235,17
4236,13
4237,16
4238,12
4239,14
4240,3
4241,8
4242,10
4243,37
4244,6
4245,7
4246,14
4247,6
4248,13
4249,12
4250,4
4251,8
4252,6
4253,9
4254,22
4255,19
4256,18
4257,9
4258,10
4259,18
4260,28
4261,20
4262,3
4263,4
4264,4
4265,7
4266,5
4267,9
4268,7
4269,4
4270,5
4271,22
4272,18
4273,5
4274,11
4275,7
4276,10
4277,4
4278,3
4279,5
4280,5
4281,9
4282,5
4283,6
4284,3
4285,2
4286,34
4287,51
4288,48
4289,27
4290,36
4291,18
4292,16
4293,5
4294,2
4296,9
4297,4
4298,4
4299,10
4300,5
4301,16
4302,23
4303,10
4304,10
4305,8
4306,4
4307,3
4308,4
4309,4
4310,3
4311,10
4312,5
4313,6
4314,8
4315,16
4316,35
4317,5
4318,8
4319,6
4320,3
4321,8
4322,7
4323,7
4324,45
4325,23
4326,42
4327,4
4328,24
4329,38
4330,42
4331,19
4332,10
4333,7
4334,3
4335,4
4336,2
4337,12
4338,2
4339,9
4340,9
4341,3
4342,1
4343,10
4344,26
4345,3
4346,6
4347,51
4348,22
4349,2
4350,5
4351,7
4352,26
4353,19
4354,5
4355,10
4356,3
4357,2
4358,4
4359,12
4360,5
4361,26
4362,4
4363,8
4364,4
4365,4
4366,4
4367,3
4368,2
4369,6
4370,60
4371,95
4372,73
4373,32
4374,8
4375,10
4376,11
4377,3
4378,7
4379,7
4380,9
4381,5
4382,11
4383,13
4384,24
4385,4
4386,7
4387,13
4388,7
4389,11
4390,41
4391,32
4392,40
4393,39
4394,31
4395,16
4396,13
4397,9
4398,4
4399,3
4400,5
4401,5
4402,12
4403,4
4404,6
4405,18
4406,49
4407,15
4408,4
4409,10
4410,10
4411,9
4412,3
4413,16
4414,35
4415,47
4416,59
4417,24
4418,66
4419,19
4420,9
4421,7
4422,25
4423,11
4424,16
4425,13
4426,29
4427,27
4428,12
4429,5
4430,3
4431,5
4432,14
4433,17
4434,5
4435,3
4436,9
4437,7
4438,1
4439,6
4440,5
4441,9
4442,6
4443,4
4444,30
4445,25
4446,8
4447,27
4448,16
4449,38
4450,27
4451,5
4452,6
4453,9
4454,27
4455,25
4456,7
4457,14
4458,11
4459,7
4460,3
4461,21
4462,15
4463,16
4464,33
4465,3
4466,27
4467,13
4468,16
4469,50
4470,9
4471,12
4472,28
4473,12
4474,1
4475,2
4476,2
4477,2
4478,10
4480,4
4481,58
4482,43
4483,187
4484,85
4485,21
4486,11
4487,16
4488,8
4489,17
4490,26
4491,18
4492,17
4493,21
4494,22
4495,43
4496,11
4497,12
4498,10
4499,7
4500,9
4501,11
4502,4
4503,12
4504,19
4505,5
4506,10
4507,34
4508,18
4509,25
4510,13
4511,10
4512,8
4513,26
4514,6
4515,7
4516,2
4517,5
4518,6
4519,9
4520,11
4521,1
4522,27
4523,22
4524,7
4525,3
4526,15
4527,6
4528,8
4530,2
4531,1
4532,9
4533,3
4534,2
4535,16
4536,12
4537,26
4538,16
4539,2
4540,10
4541,11
4542,19
4543,4
4544,14
4545,3
4546,5
4547,5
4548,12
4549,13
4550,17
4551,22
4552,26
4553,27
4554,40
4555,45
4556,8
4557,7
4558,5
4559,2
4560,9
4561,8
4562,10
4563,1
4564,2
4565,7
4566,5
4567,12
4568,11
4569,15
4570,11
4571,3
4572,10
4573,6
4574,9
4575,13
4576,2
4577,19
4578,1
4579,22
4580,6
4581,16
4582,15
4583,30
4584,51
4585,21
4586,10
4587,1
4588,9
4589,9
4590,29
4591,5
4592,7
4593,11
4594,8
4595,1
4596,13
4597,5
4598,18
4599,9
4600,10
4601,19
4602,1
4603,5
4604,2
4605,10
4606,3
4607,20
4608,6
4609,10
4610,2
4611,24
4612,18
4613,38
4614,55
4615,24
4616,21
4617,10
4618,8
4619,6
4620,9
4621,26
4622,30
4623,62
4624,12
4625,66
4626,322
4627,239
4628,110
4629,123
4630,113
4631,113
4632,81
4633,99
4634,137
4635,261
4636,212
4637,140
4638,47
4639,15
4640,12
4641,9
4643,3
4644,6
4645,48
4646,27
4647,7
4648,7
4649,4
4651,11
4652,5
4653,8
4654,6
4655,7
4656,2
4657,49
4658,25
4659,21
4660,13
4661,3
4662,1
4663,8
4664,3
4666,10
4667,6
4668,7
4669,1
4670,1
4672,11
4673,18
4674,57
4675,34
4676,12
4677,7
4678,11
4679,8
4680,12
4681,1
4682,9
4683,3
4684,3
4685,3
4686,6
4687,7
4688,19
4689,11
4690,3
4691,1
4692,5
4693,12
4694,7
4695,7
4696,14
4697,6
4698,12
4699,7
4700,7
4701,31
4702,3
4703,22
4704,16
4705,5
4706,3
4707,15
4708,10
4709,5
4710,5
4711,8
4712,12
4713,1
4715,2
4716,8
4717,7
4718,33
4719,22
4720,6
4721,13
4722,19
4723,1
4724,11
4725,11
4726,14
4727,16
4728,7
4729,8
4730,11
4731,27
4732,4
4733,6
4734,16
4735,21
4736,7
4737,11
4738,2
4739,7
4740,3
4741,7
4742,12
4743,16
4744,23
4745,45
4746,21
4747,33
4748,32
4749,31
4750,15
4751,14
4752,13
4753,7
4754,14
4755,16
4756,17
4757,14
4758,25
4759,34
4760,18
4761,16
4762,6
4765,4
4767,41
4768,22
4769,13
4770,26
4771,36
4772,22
4773,44
4774,21
4775,8
4776,21
4777,6
4778,3
4779,6
4780,10
4781,8
4782,5
4783,21
4784,19
4785,4
4786,13
4787,2
4788,5
4789,13
4790,3
4791,16
4792,24
4793,17
4794,17
4795,5
4796,3
4797,10
4798,27
4799,4
4800,5
4801,1
4802,9
4803,4
4804,1
4805,24
4806,3
4807,4
4808,1
4809,6
4810,18
4811,24
4812,29
4814,8
4815,7
4816,15
4817,6
4818,2
4819,8
4820,2
4821,15
4822,10
4823,11
4824,13
4825,12
4826,17
4827,29
4828,36
4829,25
4830,39
4831,33
4832,38
4833,51
4834,38
4835,57
4836,14
