0,27061
1,303
2,150
3,96
4,118
5,18
6,6
7,2
8,6
9,10
10,12
11,19
13,11
14,3
16,1
17,5
18,10
19,8
20,6
21,9
22,6
23,1
24,3
25,4
26,7
27,2
28,5
29,1
30,17
31,11
32,6
33,13
34,6
35,9
36,15
37,13
38,4
39,9
40,8
41,12
42,13
43,5
44,10
45,4
46,2
47,8
48,1
49,8
50,2
51,6
52,8
53,1
54,28
55,20
56,12
57,25
58,21
59,82
60,25
61,47
62,44
63,26
64,48
65,28
66,19
67,24
68,34
69,11
70,6
71,5
72,2
73,4
74,1
75,6
76,1
77,1
78,5
79,4
80,4
82,4
83,1
84,5
85,41
86,12
87,2
88,2
89,7
90,2
91,3
92,4
94,2
96,1
97,2
98,9
99,1
100,4
101,2
102,1
103,1
104,1
105,7
106,1
109,1
110,3
112,5
113,1
114,2
115,3
118,1
119,8
120,2
121,1
122,4
123,4
124,1
125,2
126,4
128,2
129,2
130,1
131,6
133,1
134,4
135,3
136,5
137,2
138,4
139,2
141,1
143,1
144,3
146,5
147,4
148,1
149,3
150,1
151,2
152,1
153,9
154,2
155,2
157,4
158,5
160,2
161,4
163,1
164,1
165,2
166,2
167,2
168,4
169,3
170,2
172,3
173,1
174,1
175,3
176,1
178,1
180,4
181,4
182,2
183,2
184,3
185,1
186,1
191,7
193,1
194,6
195,5
197,2
198,3
199,2
200,1
201,3
203,1
204,3
205,1
206,2
208,1
209,1
210,2
212,1
214,1
215,4
216,6
217,4
218,16
219,10
220,7
221,30
222,33
223,34
224,38
225,15
226,50
227,35
228,19
229,21
230,19
231,26
232,20
233,31
234,28
235,16
236,8
237,7
238,4
239,1
240,16
241,6
242,6
243,15
244,7
245,4
246,7
247,9
248,17
249,6
250,12
251,12
252,15
253,8
254,15
255,9
256,12
257,13
258,10
259,9
260,60
261,8
262,2
263,4
264,7
265,10
266,8
267,12
268,5
269,5
270,15
271,4
272,8
273,6
274,8
275,9
276,7
277,8
278,9
279,10
280,6
281,10
282,4
283,9
284,11
285,19
286,7
287,11
288,18
289,33
290,27
291,67
292,24
293,92
294,44
295,72
296,45
297,59
298,27
299,16
300,6
301,2
302,2
303,2
304,5
305,28
306,7
307,7
308,5
309,6
310,4
311,4
312,2
313,8
314,3
316,4
317,7
318,1
319,2
320,3
321,4
322,8
323,3
325,6
326,4
327,4
328,18
329,11
330,12
331,11
332,5
333,13
334,36
335,4
336,24
337,26
338,3
339,4
340,15
341,2
342,4
343,21
344,6
345,22
346,4
347,24
348,19
349,17
350,8
351,10
352,12
353,21
354,40
355,20
356,27
357,34
358,28
359,18
360,8
361,4
362,7
363,25
364,23
365,45
366,4
367,25
368,8
369,13
370,4
371,2
372,12
373,12
374,24
375,2
376,2
377,1
378,1
379,3
380,1
381,1
383,2
384,3
385,1
387,4
388,2
389,1
390,1
391,2
392,1
393,1
394,1
395,8
396,1
397,1
398,1
400,1
401,2
402,1
403,1
404,3
405,1
406,1
407,2
408,2
409,2
411,4
412,1
413,1
416,4
418,1
419,1
421,4
422,2
423,2
424,1
425,3
426,2
427,1
428,1
429,3
430,1
431,1
434,1
435,3
436,1
437,1
438,37
439,87
440,3
441,2
442,2
444,2
445,3
446,2
447,1
448,1
449,1
450,1
451,4
452,1
453,1
454,1
455,1
456,2
458,3
459,3
460,1
461,2
462,1
463,1
464,35
465,30
466,10
467,28
468,2
469,18
470,34
471,33
472,13
473,1
474,2
475,4
476,1
477,3
478,2
479,2
481,2
482,1
483,1
485,1
486,2
487,1
488,1
489,5
490,1
492,2
494,2
495,1
496,2
497,1
498,2
501,1
502,13
503,20
504,58
505,17
506,14
508,3
509,2
511,2
513,1
514,1
515,3
516,2
517,1
520,2
521,2
522,3
523,2
524,4
525,2
526,1
528,1
529,3
530,1
531,2
532,2
533,2
534,1
535,2
536,1
537,2
540,28
541,25
542,2
543,1
544,1
545,6
546,1
548,5
549,2
550,2
551,3
552,7
553,8
554,1
555,2
556,7
557,5
558,15
559,55
560,53
561,23
562,12
563,48
564,23
565,17
566,32
567,26
568,26
569,34
570,6
571,16
572,5
573,5
574,13
575,1
576,11
577,5
578,4
579,15
580,8
581,10
582,2
583,1
584,6
585,7
586,6
587,2
588,3
589,7
590,12
591,3
592,2
593,7
594,3
595,4
596,5
597,3
598,5
599,11
600,6
601,3
602,2
603,5
604,4
605,13
606,12
607,16
608,3
609,28
610,60
611,40
612,139
613,10
614,8
615,14
616,11
617,24
618,25
619,55
620,27
621,20
622,18
623,1
624,1
625,4
627,6
628,23
629,18
630,6
631,5
632,7
633,10
634,5
635,4
636,19
637,6
638,13
639,2
640,2
641,10
642,12
643,8
644,8
645,12
646,14
647,6
648,8
649,5
650,7
651,4
652,2
653,6
654,21
655,7
656,9
657,6
658,17
659,8
660,15
661,9
662,23
663,15
664,22
665,154
666,7
667,15
668,17
669,48
670,29
671,32
672,36
673,49
674,118
675,99
676,35
677,55
678,60
679,70
680,44
681,33
682,65
683,56
684,113
685,142
686,42
687,40
688,405
689,103
690,68
691,50
692,45
693,63
694,69
695,72
696,34
697,62
698,175
699,80
700,46
701,123
702,73
703,100
704,64
705,40
706,63
707,56
708,76
709,98
710,93
711,34
712,63
713,46
714,50
715,90
716,40
717,60
718,57
719,147
720,37
721,26
722,26
723,42
724,92
725,32
726,144
727,143
728,88
729,65
730,67
731,95
732,98
733,79
734,109
735,215
736,79
737,82
738,53
739,31
740,45
741,28
742,65
743,50
744,62
745,38
746,31
747,12
748,21
749,66
750,22
751,14
752,43
753,50
754,23
755,133
756,37
757,27
758,26
759,35
760,63
761,108
762,35
763,67
764,68
765,64
766,70
767,343
768,117
769,69
770,62
771,202
772,191
773,206
774,127
775,79
776,68
777,49
778,37
779,55
780,83
781,46
782,43
783,53
784,37
785,48
786,36
787,139
788,57
789,61
790,29
791,46
792,137
793,108
794,111
795,42
796,33
797,254
798,128
799,90
800,139
801,112
802,85
803,126
804,159
805,208
806,361
807,231
808,285
809,245
810,141
811,176
812,159
813,128
814,159
815,190
816,306
817,486
818,475
819,452
820,287
821,260
822,378
823,389
824,341
825,480
826,302
827,149
828,168
829,191
830,254
831,340
832,235
833,139
834,126
835,321
836,124
837,88
838,209
839,130
840,135
841,168
842,130
843,131
844,92
845,148
846,139
847,117
848,170
849,174
850,279
851,78
852,148
853,145
854,131
855,199
856,129
857,89
858,93
859,83
860,91
861,141
862,172
863,163
864,244
865,172
866,165
867,195
868,294
869,219
870,332
871,415
872,234
873,240
874,196
875,233
876,186
877,827
878,1595
879,359
880,454
881,285
882,368
883,201
884,114
885,308
886,193
887,191
888,174
889,213
890,341
891,338
892,294
893,319
894,255
895,251
896,260
897,242
898,305
899,227
900,221
901,462
902,233
903,331
904,166
905,191
906,216
907,173
908,171
909,272
910,165
911,263
912,278
913,524
914,379
915,377
916,294
917,323
918,335
919,248
920,173
921,277
922,339
923,519
924,357
925,534
926,492
927,548
928,390
929,399
930,382
931,352
932,312
933,399
934,309
935,367
936,436
937,615
938,438
939,352
940,474
941,419
942,422
943,285
944,517
945,377
946,497
947,346
948,394
949,674
950,481
951,373
952,325
953,202
954,198
955,305
956,244
957,345
958,287
959,228
960,340
961,411
962,233
963,389
964,212
965,302
966,273
967,511
968,863
969,541
970,410
971,513
972,421
973,353
974,373
975,380
976,538
977,423
978,404
979,471
980,641
981,563
982,1234
983,615
984,586
985,638
986,657
987,654
988,618
989,533
990,593
991,750
992,897
993,688
994,743
995,718
996,604
997,792
998,801
999,996
1000,635
1001,653
1002,744
1003,810
1004,829
1005,792
1006,979
1007,714
1008,916
1009,512
1010,688
1011,685
1012,577
1013,1054
1014,1044
1015,876
1016,890
1017,980
1018,1049
1019,946
1020,898
1021,915
1022,863
1023,914
1024,786
1025,945
1026,915
1027,1410
1028,1402
1029,734
1030,588
1031,935
1032,1004
1033,923
1034,1320
1035,953
1036,1099
1037,1146
1038,901
1039,910
1040,2504
1041,1819
1042,1827
1043,1588
1044,1059
1045,962
1046,910
1047,854
1048,868
1049,877
1050,941
1051,2120
1052,1250
1053,1037
1054,1097
1055,1130
1056,1710
1057,1256
1058,1486
1059,2129
1060,2206
1061,1964
1062,2632
1063,2661
1064,2862
1065,1712
1066,2216
1067,2029
1068,1683
1069,1984
1070,2551
1071,2454
1072,3125
1073,3140
1074,2986
1075,2250
1076,2611
1077,2348
1078,2632
1079,2713
1080,2302
1081,2219
1082,2318
1083,2676
1084,2241
1085,2507
1086,2091
1087,2355
1088,2611
1089,2943
1090,2940
1091,3691
1092,4411
1093,3269
1094,3239
1095,3551
1096,3267
1097,3433
1098,3515
1099,3100
1100,6018
1101,3885
1102,4078
1103,3482
1104,4074
1105,4062
1106,4076
1107,4307
1108,5874
1109,4507
1110,3440
1111,4650
1112,4976
1113,5795
1114,5383
1115,5303
1116,6989
1117,5768
1118,5314
1119,6854
1120,6305
1121,6993
1122,7370
1123,7542
1124,6803
1125,6667
1126,7885
1127,7124
1128,8095
1129,7022
1130,7521
1131,6481
1132,6628
1133,6268
1134,8079
1135,6802
1136,7536
1137,8027
1138,8285
1139,8859
1140,9258
1141,10807
1142,10342
1143,9652
1144,10993
1145,10636
1146,12414
1147,12563
1148,13257
1149,13525
1150,12722
1151,13907
1152,18056
1153,14967
1154,14423
1155,13731
1156,15265
1157,16696
1158,18188
1159,16479
1160,18124
1161,23028
1162,19225
1163,21857
1164,22628
1165,23183
1166,30314
1167,28497
1168,28807
1169,36330
1170,30749
1171,32381
1172,33529
1173,36487
1174,37512
1175,40564
1176,41566
1177,44136
1178,46729
1179,56873
1180,58038
1181,60375
1182,68850
1183,74120
1184,94176
1185,99335
1186,100281
1187,117234
1188,137535
1189,148970
1190,161210
1191,194931
1192,230988
1193,276316
1194,380545
1195,465938
1196,589904
1197,816012
1198,1284261
1199,2850897
1200,28345913
1201,41683
1202,27645
1203,27042
1204,26815
1205,27513
1206,26778
1207,26871
1208,25725
1209,25472
1210,28841
1211,27193
1212,27240
1213,27430
1214,25553
1215,27026
1216,26718
1217,24219
1218,20942
1219,22807
1220,20679
1221,21006
1222,19311
1223,19128
1224,20521
1225,18241
1226,17654
1227,19316
1228,17962
1229,19358
1230,20856
1231,19259
1232,17530
1233,20660
1234,22380
1235,21392
1236,17906
1237,18700
1238,18171
1239,20486
1240,18672
1241,16678
1242,17025
1243,17221
1244,15336
1245,14101
1246,16028
1247,17855
1248,16473
1249,17001
1250,15039
1251,17034
1252,15328
1253,13813
1254,14723
1255,14398
1256,17072
1257,17585
1258,17861
1259,20176
1260,15153
1261,17326
1262,16290
1263,18112
1264,15646
1265,16216
1266,15970
1267,16491
1268,15427
1269,15882
1270,15701
1271,17552
1272,17331
1273,16711
1274,16658
1275,18035
1276,18057
1277,18139
1278,17932
1279,15291
1280,15066
1281,14001
1282,13829
1283,14708
1284,14674
1285,13179
1286,12778
1287,13465
1288,14106
1289,15483
1290,13416
1291,14685
1292,15110
1293,14687
1294,15868
1295,16484
1296,16138
1297,14943
1298,11475
1299,13273
1300,15369
1301,13611
1302,13467
1303,12532
1304,12082
1305,12083
1306,12177
1307,13003
1308,11702
1309,12674
1310,11910
1311,15406
1312,16209
1313,15677
1314,14806
1315,11741
1316,11986
1317,10444
1318,12369
1319,11248
1320,12112
1321,10784
1322,11315
1323,10889
1324,13469
1325,10635
1326,11453
1327,9840
1328,9846
1329,8748
1330,8926
1331,8932
1332,9797
1333,8960
1334,9437
1335,8867
1336,9628
1337,8624
1338,9449
1339,11153
1340,12966
1341,11051
1342,9312
1343,9600
1344,10261
1345,10540
1346,10431
1347,10838
1348,9035
1349,8666
1350,9521
1351,10178
1352,8602
1353,8082
1354,8524
1355,9241
1356,9125
1357,8854
1358,8404
1359,9429
1360,9617
1361,8513
1362,9147
1363,9998
1364,8091
1365,9003
1366,9682
1367,11920
1368,8953
1369,8780
1370,9001
1371,9440
1372,9562
1373,10351
1374,9007
1375,9686
1376,8171
1377,8266
1378,8407
1379,7648
1380,8047
1381,7695
1382,8105
1383,7986
1384,8281
1385,8515
1386,8701
1387,9072
1388,10132
1389,8894
1390,8256
1391,7534
1392,8277
1393,7912
1394,8547
1395,7693
1396,8954
1397,9209
1398,10536
1399,13005
1400,13835
1401,13472
1402,11782
1403,10025
1404,9627
1405,8584
1406,7255
1407,7988
1408,6768
1409,7084
1410,7621
1411,9155
1412,8408
1413,8234
1414,7960
1415,8940
1416,7756
1417,8092
1418,8396
1419,9256
1420,10826
1421,10593
1422,10643
1423,11764
1424,14335
1425,14868
1426,12866
1427,12416
1428,10521
1429,12346
1430,14054
1431,13395
1432,11390
1433,12164
1434,13108
1435,14095
1436,14125
1437,13559
1438,12553
1439,11595
1440,10501
1441,10677
1442,9614
1443,8318
1444,8595
1445,9483
1446,9466
1447,8044
1448,8314
1449,9672
1450,8568
1451,9269
1452,9322
1453,10268
1454,10246
1455,10479
1456,11204
1457,11356
1458,12053
1459,12431
1460,12018
1461,11892
1462,10757
1463,11602
1464,13005
1465,11920
1466,14917
1467,13333
1468,13750
1469,14284
1470,14238
1471,11929
1472,12274
1473,14941
1474,13243
1475,10912
1476,11158
1477,10898
1478,12015
1479,13998
1480,12897
1481,14642
1482,12729
1483,13244
1484,12536
1485,17114
1486,17126
1487,16742
1488,13864
1489,12663
1490,15117
1491,12863
1492,13960
1493,10341
1494,10188
1495,9749
1496,8533
1497,8327
1498,9279
1499,10326
1500,11778
1501,13665
1502,13283
1503,14496
1504,16198
1505,21365
1506,22675
1507,24295
1508,25385
1509,26847
1510,23596
1511,21402
1512,20868
1513,21893
1514,17733
1515,16614
1516,16999
1517,16512
1518,18167
1519,16199
1520,14273
1521,13490
1522,10769
1523,9844
1524,9328
1525,10505
1526,12125
1527,10799
1528,9915
1529,10591
1530,9362
1531,9331
1532,8649
1533,8052
1534,9665
1535,9999
1536,9691
1537,9437
1538,7707
1539,6601
1540,6606
1541,7380
1542,7955
1543,8038
1544,8557
1545,7708
1546,6026
1547,6262
1548,6228
1549,7377
1550,7528
1551,7192
1552,7736
1553,8051
1554,6752
1555,6965
1556,7197
1557,7595
1558,7595
1559,7849
1560,7279
1561,7027
1562,7027
1563,6834
1564,7368
1565,8953
1566,9316
1567,8307
1568,6982
1569,7427
1570,8797
1571,7353
1572,6830
1573,8155
1574,7453
1575,8371
1576,8214
1577,8354
1578,6707
1579,7750
1580,7596
1581,7774
1582,7044
1583,7482
1584,7332
1585,7316
1586,7810
1587,7616
1588,6687
1589,7207
1590,6807
1591,7488
1592,8077
1593,8210
1594,8831
1595,8367
1596,6859
1597,7028
1598,7384
1599,7161
1600,7679
1601,8455
1602,7114
1603,6384
1604,7320
1605,6822
1606,6673
1607,6631
1608,6348
1609,6398
1610,7286
1611,7320
1612,7458
1613,7353
1614,7160
1615,6221
1616,6662
1617,6599
1618,6902
1619,6284
1620,5786
1621,5536
1622,5863
1623,5804
1624,5422
1625,5281
1626,5269
1627,5705
1628,5629
1629,5699
1630,5224
1631,5712
1632,6180
1633,5883
1634,5464
1635,4779
1636,5378
1637,5040
1638,5909
1639,5745
1640,6336
1641,6593
1642,5961
1643,5750
1644,6861
1645,7628
1646,8511
1647,9704
1648,8473
1649,7850
1650,7024
1651,7496
1652,7414
1653,6116
1654,6393
1655,7585
1656,7051
1657,6333
1658,4723
1659,5840
1660,6125
1661,5901
1662,6453
1663,5901
1664,5931
1665,5592
1666,6510
1667,7598
1668,8395
1669,7428
1670,6519
1671,5781
1672,6160
1673,6016
1674,6273
1675,6435
1676,6997
1677,7239
1678,6433
1679,6065
1680,5769
1681,5836
1682,5783
1683,6050
1684,6138
1685,5648
1686,5803
1687,5932
1688,5905
1689,6577
1690,6132
1691,6729
1692,6465
1693,6688
1694,6564
1695,6406
1696,5900
1697,5375
1698,5008
1699,5140
1700,4601
1701,4639
1702,5200
1703,5062
1704,5610
1705,6254
1706,6680
1707,6026
1708,6175
1709,6153
1710,6391
1711,5422
1712,5772
1713,5103
1714,5829
1715,4753
1716,6015
1717,5194
1718,5595
1719,6037
1720,4963
1721,5057
1722,5402
1723,5241
1724,5397
1725,4611
1726,4740
1727,5291
1728,5053
1729,5203
1730,5166
1731,5396
1732,6137
1733,6022
1734,5825
1735,5926
1736,5937
1737,5838
1738,5868
1739,5559
1740,5610
1741,4815
1742,4606
1743,5707
1744,5360
1745,5344
1746,5950
1747,5870
1748,5936
1749,6032
1750,5927
1751,5388
1752,4995
1753,5821
1754,5922
1755,5466
1756,5369
1757,5797
1758,5840
1759,5652
1760,5153
1761,5740
1762,5985
1763,5757
1764,6832
1765,6554
1766,6043
1767,6640
1768,6239
1769,5766
1770,5254
1771,4862
1772,4424
1773,4852
1774,4952
1775,4570
1776,4557
1777,4051
1778,3665
1779,3692
1780,3586
1781,4034
1782,4638
1783,4281
1784,3558
1785,3707
1786,3295
1787,3612
1788,3722
1789,3961
1790,3596
1791,3862
1792,3510
1793,3859
1794,3891
1795,3824
1796,3954
1797,3681
1798,2996
1799,3682
1800,4012
1801,4144
1802,3470
1803,4252
1804,4147
1805,3840
1806,4201
1807,4103
1808,4290
1809,4431
1810,5416
1811,5075
1812,4786
1813,4308
1814,4862
1815,4863
1816,5168
1817,5536
1818,5946
1819,5705
1820,5339
1821,6204
1822,9849
1823,6387
1824,6390
1825,6608
1826,6885
1827,5996
1828,5892
1829,5752
1830,5887
1831,6010
1832,5985
1833,6034
1834,6495
1835,7762
1836,7444
1837,9202
1838,8453
1839,9178
1840,9140
1841,9203
1842,8094
1843,7277
1844,6252
1845,6913
1846,6941
1847,6261
1848,5998
1849,6107
1850,6124
1851,6274
1852,6102
1853,6355
1854,7038
1855,8086
1856,8213
1857,9152
1858,9913
1859,9054
1860,9255
1861,8133
1862,8224
1863,7667
1864,7880
1865,9599
1866,7506
1867,8120
1868,7949
1869,8171
1870,8060
1871,7991
1872,8526
1873,6879
1874,5748
1875,5518
1876,4694
1877,4861
1878,5823
1879,6426
1880,6330
1881,5480
1882,5226
1883,5185
1884,4835
1885,5231
1886,4847
1887,3965
1888,4359
1889,4120
1890,4426
1891,4357
1892,4440
1893,4669
1894,4267
1895,4163
1896,4061
1897,4306
1898,4378
1899,5548
1900,4660
1901,4328
1902,4298
1903,4149
1904,3834
1905,4760
1906,5479
1907,4444
1908,4361
1909,4689
1910,5357
1911,7192
1912,4990
1913,6091
1914,4258
1915,5064
1916,5650
1917,5734
1918,5204
1919,5325
1920,4828
1921,5016
1922,4600
1923,5168
1924,5622
1925,5749
1926,5487
1927,4353
1928,5110
1929,4341
1930,3973
1931,4077
1932,3794
1933,3307
1934,4082
1935,3971
1936,3424
1937,3850
1938,5385
1939,4346
1940,3454
1941,2928
1942,3205
1943,3363
1944,3600
1945,5012
1946,5235
1947,5777
1948,5568
1949,4974
1950,4666
1951,3529
1952,3792
1953,3725
1954,4346
1955,3713
1956,3982
1957,4700
1958,4490
1959,4037
1960,3800
1961,4619
1962,4823
1963,3651
1964,3854
1965,4306
1966,5789
1967,5483
1968,3348
1969,3602
1970,4416
1971,4699
1972,3517
1973,4043
1974,4526
1975,4872
1976,3743
1977,6421
1978,6363
1979,5356
1980,5334
1981,5054
1982,5152
1983,4678
1984,5284
1985,5773
1986,4972
1987,3564
1988,2707
1989,2811
1990,4241
1991,3739
1992,3386
1993,4044
1994,4700
1995,4784
1996,4334
1997,3966
1998,3827
1999,3668
2000,3130
2001,4056
2002,3945
2003,5504
2004,5221
2005,4962
2006,4230
2007,4980
2008,3930
2009,4128
2010,5203
2011,5867
2012,4714
2013,5107
2014,5642
2015,5774
2016,5315
2017,5042
2018,4682
2019,5583
2020,4958
2021,5358
2022,5200
2023,5048
2024,5031
2025,4604
2026,3621
2027,3136
2028,3901
2029,3621
2030,2960
2031,3416
2032,4198
2033,5053
2034,4781
2035,4928
2036,4619
2037,4308
2038,3720
2039,3524
2040,3612
2041,3820
2042,3596
2043,2660
2044,2582
2045,2735
2046,2317
2047,3296
2048,2318
2049,2364
2050,3244
2051,4238
2052,4365
2053,3430
2054,3989
2055,3134
2056,3835
2057,4671
2058,4763
2059,4436
2060,3827
2061,3656
2062,4389
2063,3785
2064,4444
2065,4416
2066,4108
2067,4076
2068,3330
2069,3122
2070,3873
2071,3950
2072,3229
2073,3636
2074,2976
2075,3790
2076,2912
2077,4518
2078,4203
2079,4834
2080,5275
2081,4495
2082,5644
2083,5196
2084,4761
2085,4464
2086,3885
2087,4232
2088,4935
2089,5269
2090,4654
2091,5142
2092,5094
2093,4029
2094,3912
2095,3201
2096,3037
2097,3333
2098,3053
2099,2649
2100,2922
2101,2472
2102,2647
2103,2428
2104,3003
2105,2662
2106,3275
2107,2032
2108,2621
2109,2615
2110,2826
2111,2373
2112,3450
2113,3747
2114,4236
2115,3238
2116,3464
2117,2996
2118,3880
2119,3336
2120,3679
2121,4212
2122,3924
2123,4315
2124,3546
2125,4163
2126,2903
2127,3709
2128,4087
2129,4380
2130,3970
2131,4561
2132,3493
2133,3815
2134,3180
2135,3240
2136,3068
2137,2938
2138,3294
2139,2586
2140,3368
2141,2631
2142,3520
2143,2495
2144,3251
2145,2308
2146,2988
2147,2300
2148,3255
2149,2393
2150,3246
2151,2251
2152,2993
2153,2936
2154,3398
2155,2869
2156,2964
2157,2838
2158,2660
2159,2540
2160,2919
2161,2669
2162,3093
2163,3148
2164,2760
2165,1850
2166,2012
2167,2276
2168,2657
2169,2618
2170,1874
2171,2513
2172,1995
2173,1789
2174,2761
2175,2078
2176,2495
2177,2674
2178,2141
2179,2378
2180,3303
2181,3707
2182,2858
2183,2630
2184,3182
2185,2140
2186,1988
2187,2523
2188,2002
2189,2129
2190,2582
2191,2376
2192,2726
2193,2669
2194,2960
2195,4004
2196,4858
2197,3354
2198,1947
2199,1970
2200,1886
2201,2025
2202,1710
2203,2958
2204,2177
2205,1394
2206,1408
2207,1452
2208,2359
2209,2320
2210,1646
2211,1527
2212,1867
2213,3886
2214,1788
2215,1906
2216,1967
2217,2150
2218,3140
2219,3334
2220,3228
2221,3353
2222,3678
2223,2946
2224,3514
2225,3502
2226,3037
2227,2727
2228,2298
2229,2415
2230,2615
2231,2753
2232,2866
2233,2309
2234,2414
2235,2075
2236,2979
2237,2177
2238,2031
2239,2578
2240,2399
2241,1847
2242,2015
2243,1481
2244,2437
2245,2160
2246,2676
2247,2543
2248,3416
2249,1668
2250,1783
2251,3682
2252,2966
2253,2412
2254,1831
2255,2390
2256,2374
2257,2007
2258,2157
2259,2261
2260,1911
2261,1855
2262,1974
2263,2150
2264,1584
2265,1704
2266,1903
2267,2533
2268,2430
2269,2395
2270,2831
2271,1765
2272,2428
2273,2925
2274,2381
2275,1752
2276,1364
2277,1496
2278,2816
2279,1711
2280,1454
2281,1445
2282,1724
2283,1886
2284,2516
2285,1791
2286,2321
2287,2597
2288,2774
2289,3027
2290,5326
2291,3826
2292,2985
2293,2726
2294,1950
2295,2979
2296,2225
2297,2217
2298,2381
2299,2810
2300,2623
2301,2446
2302,2237
2303,2655
2304,2143
2305,2741
2306,2965
2307,4060
2308,4228
2309,4618
2310,3735
2311,4061
2312,5566
2313,5256
2314,4301
2315,3194
2316,2653
2317,2213
2318,2525
2319,2689
2320,2447
2321,2809
2322,3157
2323,2760
2324,2780
2325,2256
2326,2781
2327,3202
2328,2523
2329,3278
2330,3929
2331,4344
2332,4401
2333,3574
2334,2847
2335,2170
2336,2135
2337,1357
2338,1475
2339,1901
2340,2177
2341,2081
2342,1678
2343,2509
2344,2416
2345,2129
2346,2069
2347,2273
2348,2521
2349,2747
2350,3327
2351,3671
2352,3196
2353,3222
2354,2440
2355,1687
2356,2137
2357,2759
2358,2478
2359,2008
2360,2430
2361,2343
2362,2252
2363,2352
2364,1618
2365,1974
2366,1452
2367,1945
2368,1652
2369,1830
2370,2665
2371,2971
2372,2782
2373,2543
2374,2538
2375,2708
2376,2504
2377,3392
2378,3589
2379,4046
2380,2680
2381,2310
2382,3530
2383,3214
2384,3426
2385,4096
2386,2781
2387,3187
2388,3623
2389,2953
2390,2645
2391,2772
2392,2673
2393,2379
2394,2385
2395,2196
2396,1656
2397,1568
2398,1465
2399,2440
2400,2113
2401,2645
2402,2559
2403,2442
2404,3443
2405,3885
2406,4318
2407,3752
2408,3073
2409,3863
2410,3378
2411,3798
2412,2270
2413,1951
2414,2107
2415,2532
2416,2103
2417,2291
2418,1731
2419,2927
2420,2340
2421,2431
2422,1776
2423,1666
2424,1495
2425,1455
2426,1821
2427,2002
2428,2624
2429,2675
2430,3779
2431,2941
2432,2983
2433,3981
2434,3475
2435,2266
2436,2273
2437,2491
2438,2959
2439,2351
2440,1873
2441,2467
2442,2066
2443,1212
2444,995
2445,1089
2446,998
2447,1470
2448,1848
2449,1123
2450,1551
2451,1451
2452,2066
2453,1783
2454,1496
2455,2057
2456,1267
2457,1963
2458,2167
2459,1369
2460,2205
2461,3191
2462,4294
2463,3308
2464,1874
2465,1683
2466,2226
2467,2563
2468,1970
2469,2219
2470,2369
2471,2168
2472,2170
2473,2066
2474,2079
2475,2914
2476,1993
2477,2664
2478,2893
2479,2512
2480,2540
2481,2796
2482,3233
2483,3181
2484,2259
2485,2122
2486,2000
2487,1508
2488,2011
2489,2552
2490,2661
2491,3531
2492,3356
2493,4382
2494,3209
2495,2892
2496,3057
2497,3088
2498,4110
2499,4661
2500,4188
2501,4210
2502,3944
2503,4843
2504,5484
2505,4241
2506,4461
2507,4524
2508,4781
2509,5925
2510,6560
2511,6687
2512,7125
2513,6635
2514,4079
2515,4377
2516,4994
2517,3749
2518,2113
2519,1688
2520,694
2521,599
2522,986
2523,788
2524,787
2525,909
2526,733
2527,619
2528,986
2529,830
2530,799
2531,723
2532,763
2533,624
2534,750
2535,644
2536,679
2537,674
2538,733
2539,738
2540,475
2541,561
2542,569
2543,716
2544,693
2545,669
2546,1024
2547,981
2548,1012
2549,854
2550,675
2551,744
2552,1031
2553,599
2554,491
2555,733
2556,639
2557,763
2558,672
2559,673
2560,525
2561,999
2562,734
2563,634
2564,783
2565,791
2566,796
2567,1037
2568,992
2569,840
2570,798
2571,636
2572,619
2573,564
2574,876
2575,655
2576,590
2577,668
2578,490
2579,491
2580,516
2581,570
2582,472
2583,593
2584,655
2585,772
2586,791
2587,934
2588,786
2589,562
2590,537
2591,733
2592,828
2593,824
2594,672
2595,638
2596,657
2597,589
2598,800
2599,554
2600,505
2601,402
2602,546
2603,643
2604,648
2605,555
2606,854
2607,761
2608,569
2609,787
2610,841
2611,851
2612,1023
2613,981
2614,1128
2615,934
2616,1084
2617,682
2618,569
2619,614
2620,536
2621,535
2622,763
2623,685
2624,725
2625,656
2626,670
2627,635
2628,484
2629,713
2630,585
2631,599
2632,926
2633,761
2634,692
2635,533
2636,539
2637,758
2638,831
2639,633
2640,450
2641,471
2642,362
2643,322
2644,363
2645,462
2646,478
2647,530
2648,648
2649,337
2650,382
2651,510
2652,499
2653,413
2654,504
2655,658
2656,658
2657,579
2658,445
2659,467
2660,564
2661,669
2662,591
2663,645
2664,649
2665,619
2666,879
2667,707
2668,535
2669,505
2670,514
2671,461
2672,750
2673,566
2674,505
2675,574
2676,693
2677,722
2678,699
2679,1000
2680,1576
2681,550
2682,481
2683,555
2684,586
2685,494
2686,513
2687,516
2688,452
2689,503
2690,413
2691,618
2692,665
2693,740
2694,607
2695,514
2696,485
2697,585
2698,469
2699,351
2700,380
2701,372
2702,409
2703,362
2704,554
2705,612
2706,534
2707,545
2708,562
2709,603
2710,602
2711,678
2712,688
2713,601
2714,616
2715,390
2716,432
2717,486
2718,530
2719,504
2720,549
2721,434
2722,563
2723,509
2724,477
2725,425
2726,542
2727,755
2728,678
2729,612
2730,661
2731,524
2732,569
2733,427
2734,499
2735,499
2736,369
2737,357
2738,413
2739,444
2740,622
2741,620
2742,601
2743,545
2744,766
2745,600
2746,576
2747,599
2748,615
2749,688
2750,732
2751,996
2752,799
2753,781
2754,787
2755,912
2756,1056
2757,1095
2758,1152
2759,886
2760,847
2761,860
2762,919
2763,751
2764,614
2765,894
2766,905
2767,946
2768,956
2769,829
2770,690
2771,655
2772,498
2773,442
2774,463
2775,492
2776,467
2777,504
2778,465
2779,507
2780,523
2781,531
2782,637
2783,816
2784,742
2785,740
2786,872
2787,830
2788,875
2789,732
2790,505
2791,556
2792,537
2793,486
2794,579
2795,381
2796,518
2797,736
2798,646
2799,639
2800,633
2801,573
2802,592
2803,855
2804,941
2805,1185
2806,1207
2807,907
2808,733
2809,747
2810,747
2811,1328
2812,801
2813,659
2814,742
2815,785
2816,814
2817,664
2818,684
2819,878
2820,884
2821,815
2822,605
2823,727
2824,840
2825,1092
2826,932
2827,729
2828,754
2829,688
2830,877
2831,981
2832,801
2833,633
2834,784
2835,858
2836,922
2837,797
2838,742
2839,1212
2840,1014
2841,885
2842,891
2843,821
2844,1051
2845,1013
2846,808
2847,891
2848,1789
2849,1171
2850,1131
2851,806
2852,689
2853,432
2854,632
2855,647
2856,557
2857,588
2858,554
2859,517
2860,401
2861,522
2862,625
2863,794
2864,644
2865,694
2866,665
2867,714
2868,857
2869,683
2870,635
2871,532
2872,583
2873,630
2874,757
2875,870
2876,914
2877,928
2878,635
2879,783
2880,743
2881,1063
2882,690
2883,737
2884,793
2885,692
2886,786
2887,811
2888,709
2889,690
2890,766
2891,591
2892,598
2893,684
2894,890
2895,660
2896,843
2897,883
2898,967
2899,1231
2900,1411
2901,878
2902,831
2903,1031
2904,1079
2905,1172
2906,1018
2907,786
2908,950
2909,766
2910,931
2911,763
2912,1235
2913,1189
2914,1016
2915,977
2916,970
2917,769
2918,1024
2919,1025
2920,1125
2921,1114
2922,1026
2923,824
2924,1219
2925,1566
2926,1567
2927,1529
2928,1526
2929,1337
2930,1142
2931,1480
2932,1334
2933,1338
2934,854
2935,1207
2936,1576
2937,1198
2938,1532
2939,1399
2940,1295
2941,1338
2942,1498
2943,1854
2944,1463
2945,1116
2946,1082
2947,1414
2948,1170
2949,1220
2950,1051
2951,932
2952,867
2953,923
2954,842
2955,709
2956,616
2957,885
2958,847
2959,614
2960,597
2961,644
2962,684
2963,553
2964,475
2965,719
2966,659
2967,593
2968,658
2969,543
2970,605
2971,530
2972,535
2973,680
2974,727
2975,836
2976,740
2977,802
2978,955
2979,1139
2980,1049
2981,899
2982,896
2983,783
2984,687
2985,758
2986,622
2987,707
2988,560
2989,694
2990,620
2991,540
2992,503
2993,618
2994,677
2995,560
2996,493
2997,587
2998,501
2999,1227
3000,743
3001,596
3002,763
3003,701
3004,831
3005,700
3006,848
3007,694
3008,730
3009,581
3010,553
3011,577
3012,656
3013,857
3014,956
3015,653
3016,787
3017,785
3018,965
3019,797
3020,927
3021,912
3022,1036
3023,1110
3024,956
3025,1002
3026,725
3027,697
3028,704
3029,712
3030,591
3031,990
3032,938
3033,872
3034,858
3035,1111
3036,1001
3037,751
3038,579
3039,729
3040,802
3041,846
3042,513
3043,573
3044,739
3045,729
3046,660
3047,719
3048,515
3049,663
3050,749
3051,1038
3052,978
3053,798
3054,1011
3055,772
3056,1227
3057,842
3058,552
3059,519
3060,593
3061,687
3062,721
3063,654
3064,685
3065,637
3066,686
3067,702
3068,724
3069,762
3070,461
3071,448
3072,580
3073,539
3074,534
3075,393
3076,394
3077,414
3078,835
3079,803
3080,751
3081,637
3082,647
3083,565
3084,791
3085,908
3086,856
3087,610
3088,552
3089,520
3090,655
3091,669
3092,722
3093,592
3094,694
3095,675
3096,657
3097,1087
3098,1245
3099,1165
3100,1189
3101,1547
3102,1499
3103,1224
3104,1769
3105,1670
3106,1593
3107,1567
3108,1802
3109,1731
3110,1405
3111,1703
3112,2048
3113,1987
3114,1734
3115,1803
3116,1602
3117,1452
3118,2245
3119,2156
3120,1650
3121,1657
3122,1181
3123,1115
3124,921
3125,873
3126,730
3127,1160
3128,1472
3129,1148
3130,770
3131,663
3132,586
3133,674
3134,745
3135,878
3136,884
3137,1170
3138,1549
3139,1311
3140,764
3141,882
3142,817
3143,683
3144,730
3145,770
3146,678
3147,803
3148,811
3149,731
3150,789
3151,683
3152,747
3153,568
3154,467
3155,434
3156,562
3157,473
3158,498
3159,501
3160,467
3161,527
3162,499
3163,533
3164,446
3165,354
3166,390
3167,449
3168,400
3169,428
3170,453
3171,424
3172,320
3173,434
3174,435
3175,497
3176,344
3177,329
3178,452
3179,565
3180,532
3181,341
3182,240
3183,258
3184,293
3185,236
3186,265
3187,356
3188,328
3189,354
3190,670
3191,595
3192,749
3193,584
3194,489
3195,563
3196,632
3197,482
3198,462
3199,575
3200,650
3201,465
3202,586
3203,414
3204,441
3205,394
3206,416
3207,583
3208,507
3209,660
3210,687
3211,791
3212,813
3213,840
3214,572
3215,544
3216,583
3217,575
3218,565
3219,646
3220,391
3221,416
3222,426
3223,412
3224,454
3225,534
3226,454
3227,398
3228,309
3229,290
3230,355
3231,375
3232,403
3233,346
3234,414
3235,343
3236,366
3237,407
3238,452
3239,539
3240,612
3241,526
3242,697
3243,405
3244,270
3245,372
3246,345
3247,361
3248,409
3249,365
3250,244
3251,466
3252,310
3253,424
3254,682
3255,563
3256,454
3257,460
3258,407
3259,223
3260,317
3261,372
3262,380
3263,398
3264,488
3265,516
3266,379
3267,392
3268,476
3269,449
3270,371
3271,449
3272,442
3273,468
3274,442
3275,493
3276,336
3277,628
3278,411
3279,459
3280,447
3281,314
3282,386
3283,369
3284,420
3285,426
3286,328
3287,326
3288,302
3289,374
3290,271
3291,325
3292,395
3293,357
3294,449
3295,548
3296,552
3297,612
3298,473
3299,473
3300,593
3301,484
3302,548
3303,619
3304,509
3305,493
3306,400
3307,463
3308,488
3309,559
3310,371
3311,475
3312,442
3313,427
3314,473
3315,557
3316,437
3317,564
3318,753
3319,578
3320,1162
3321,1191
3322,575
3323,610
3324,656
3325,739
3326,834
3327,1193
3328,730
3329,547
3330,770
3331,613
3332,511
3333,585
3334,732
3335,687
3336,616
3337,615
3338,549
3339,586
3340,611
3341,544
3342,440
3343,499
3344,418
3345,359
3346,345
3347,266
3348,339
3349,240
3350,236
3351,260
3352,287
3353,262
3354,320
3355,357
3356,368
3357,357
3358,408
3359,363
3360,348
3361,372
3362,287
3363,338
3364,282
3365,152
3366,184
3367,198
3368,184
3369,183
3370,155
3371,270
3372,188
3373,138
3374,185
3375,125
3376,129
3377,163
3378,166
3379,163
3380,186
3381,151
3382,131
3383,184
3384,119
3385,120
3386,232
3387,238
3388,65
3389,70
3390,30
3391,57
3392,71
3393,48
3394,45
3395,48
3396,27
3397,47
3398,38
3399,45
3400,49
3401,64
3402,87
3403,50
3404,59
3405,64
3406,69
3407,48
3408,135
3409,58
3410,77
3411,96
3412,82
3413,81
3414,88
3415,160
3416,240
3417,223
3418,177
3419,213
3420,186
3421,259
3422,200
3423,124
3424,110
3425,83
3426,40
3427,45
3428,62
3429,51
3430,43
3431,39
3432,55
3433,57
3434,79
3435,48
3436,86
3437,71
3438,80
3439,90
3440,107
3441,94
3442,117
3443,84
3444,54
3445,135
3446,104
3447,63
3448,40
3449,66
3450,127
3451,114
3452,135
3453,97
3454,317
3455,221
3456,364
3457,513
3458,492
3459,683
3460,643
3461,501
3462,314
3463,328
3464,161
3465,118
3466,140
3467,51
3468,36
3469,111
3470,61
3471,62
3472,32
3473,80
3474,75
3475,87
3476,59
3477,43
3478,56
3479,137
3480,231
3481,135
3482,128
3483,178
3484,83
3485,89
3486,92
3487,122
3488,71
3489,137
3490,115
3491,109
3492,115
3493,124
3494,89
3495,95
3496,92
3497,92
3498,98
3499,124
3500,107
3501,178
3502,145
3503,210
3504,171
3505,132
3506,191
3507,97
3508,116
3509,78
3510,109
3511,47
3512,58
3513,61
3514,58
3515,103
3516,119
3517,117
3518,65
3519,105
3520,99
3521,76
3522,85
3523,69
3524,84
3525,78
3526,120
3527,158
3528,126
3529,260
3530,160
3531,69
3532,100
3533,77
3534,82
3535,43
3536,44
3537,48
3538,49
3539,53
3540,91
3541,97
3542,110
3543,90
3544,518
3545,635
3546,528
3547,417
3548,420
3549,484
3550,674
3551,539
3552,493
3553,703
3554,656
3555,374
3556,336
3557,262
3558,407
3559,383
3560,408
3561,334
3562,294
3563,191
3564,263
3565,221
3566,329
3567,262
3568,403
3569,282
3570,320
3571,351
3572,313
3573,381
3574,459
3575,390
3576,372
3577,294
3578,207
3579,355
3580,370
3581,250
3582,182
3583,207
3584,216
3585,152
3586,141
3587,202
3588,143
3589,111
3590,136
3591,126
3592,120
3593,145
3594,127
3595,179
3596,187
3597,124
3598,62
3599,34
3600,36
3601,42
3602,89
3603,81
3604,79
3605,98
3606,78
3607,54
3608,56
3609,67
3610,71
3611,155
3612,73
3613,54
3614,75
3615,85
3616,112
3617,70
3618,48
3619,53
3620,64
3621,38
3622,74
3623,70
3624,68
3625,71
3626,37
3627,137
3628,117
3629,86
3630,87
3631,91
3632,146
3633,155
3634,172
3635,148
3636,87
3637,55
3638,85
3639,65
3640,88
3641,59
3642,64
3643,100
3644,190
3645,112
3646,142
3647,114
3648,68
3649,56
3650,72
3651,73
3652,67
3653,86
3654,165
3655,123
3656,95
3657,203
3658,191
3659,114
3660,174
3661,202
3662,212
3663,230
3664,156
3665,110
3666,92
3667,95
3668,150
3669,282
3670,250
3671,235
3672,364
3673,348
3674,206
3675,204
3676,300
3677,81
3678,84
3679,120
3680,108
3681,82
3682,66
3683,47
3684,116
3685,89
3686,114
3687,125
3688,130
3689,113
3690,69
3691,44
3692,80
3693,38
3694,43
3695,26
3696,52
3697,47
3698,120
3699,150
3700,102
3701,92
3702,110
3703,72
3704,68
3705,63
3706,56
3707,106
3708,125
3709,56
3710,78
3711,44
3712,38
3713,73
3714,77
3715,70
3716,61
3717,71
3718,71
3719,130
3720,119
3721,91
3722,88
3723,43
3724,66
3725,120
3726,102
3727,49
3728,45
3729,70
3730,33
3731,35
3732,48
3733,34
3734,33
3735,54
3736,52
3737,29
3738,25
3739,36
3740,76
3741,178
3742,79
3743,31
3744,49
3745,47
3746,111
3747,38
3748,65
3749,42
3750,42
3751,36
3752,40
3753,49
3754,236
3755,335
3756,326
3757,440
3758,310
3759,277
3760,258
3761,272
3762,328
3763,482
3764,337
3765,326
3766,233
3767,168
3768,161
3769,172
3770,340
3771,289
3772,227
3773,228
3774,190
3775,154
3776,178
3777,130
3778,169
3779,162
3780,311
3781,191
3782,148
3783,142
3784,154
3785,111
3786,204
3787,259
3788,169
3789,172
3790,228
3791,176
3792,265
3793,285
3794,257
3795,248
3796,153
3797,169
3798,269
3799,294
3800,205
3801,200
3802,142
3803,273
3804,246
3805,229
3806,359
3807,330
3808,253
3809,247
3810,212
3811,193
3812,234
3813,181
3814,164
3815,239
3816,236
3817,332
3818,203
3819,176
3820,181
3821,237
3822,202
3823,172
3824,130
3825,161
3826,268
3827,253
3828,210
3829,195
3830,233
3831,196
3832,237
3833,213
3834,230
3835,200
3836,216
3837,163
3838,199
3839,320
3840,295
3841,397
3842,642
3843,353
3844,413
3845,273
3846,427
3847,311
3848,277
3849,358
3850,287
3851,323
3852,360
3853,253
3854,243
3855,327
3856,493
3857,335
3858,350
3859,202
3860,188
3861,211
3862,237
3863,322
3864,230
3865,283
3866,279
3867,248
3868,279
3869,218
3870,275
3871,233
3872,313
3873,273
3874,239
3875,279
3876,304
3877,241
3878,196
3879,251
3880,251
3881,196
3882,262
3883,320
3884,295
3885,324
3886,259
3887,208
3888,317
3889,301
3890,251
3891,222
3892,205
3893,172
3894,166
3895,164
3896,269
3897,235
3898,218
3899,229
3900,207
3901,221
3902,198
3903,174
3904,157
3905,144
3906,221
3907,177
3908,152
3909,129
3910,114
3911,130
3912,144
3913,176
3914,248
3915,180
3916,127
3917,204
3918,161
3919,218
3920,213
3921,210
3922,347
3923,255
3924,230
3925,282
3926,168
3927,140
3928,152
3929,208
3930,221
3931,258
3932,199
3933,153
3934,197
3935,178
3936,191
3937,197
3938,207
3939,246
3940,236
3941,244
3942,253
3943,271
3944,260
3945,332
3946,308
3947,244
3948,262
3949,339
3950,384
3951,346
3952,363
3953,343
3954,353
3955,281
3956,267
3957,345
3958,391
3959,437
3960,388
3961,455
3962,375
3963,384
3964,387
3965,374
3966,471
3967,374
3968,254
3969,326
3970,336
3971,289
3972,253
3973,298
3974,224
3975,183
3976,120
3977,124
3978,153
3979,154
3980,174
3981,129
3982,302
3983,310
3984,207
3985,187
3986,259
3987,228
3988,147
3989,181
3990,120
3991,132
3992,208
3993,203
3994,170
3995,147
3996,120
3997,189
3998,137
3999,204
4000,264
4001,188
4002,185
4003,165
4004,380
4005,316
4006,393
4007,336
4008,285
4009,412
4010,210
4011,143
4012,186
4013,144
4014,141
4015,152
4016,140
4017,176
4018,164
4019,132
4020,103
4021,159
4022,194
4023,149
4024,117
4025,146
4026,117
4027,162
4028,172
4029,173
4030,201
4031,153
4032,204
4033,166
4034,164
4035,185
4036,186
4037,334
4038,320
4039,291
4040,374
4041,327
4042,438
4043,308
4044,244
4045,264
4046,375
4047,160
4048,138
4049,194
4050,244
4051,158
4052,162
4053,137
4054,163
4055,199
4056,227
4057,156
4058,143
4059,139
4060,166
4061,114
4062,115
4063,129
4064,108
4065,141
4066,212
4067,288
4068,208
4069,163
4070,122
4071,117
4072,119
4073,172
4074,182
4075,199
4076,152
4077,154
4078,193
4079,233
4080,208
4081,200
4082,208
4083,255
4084,196
4085,193
4086,167
4087,149
4088,144
4089,151
4090,138
4091,108
4092,114
4093,141
4094,193
4095,174
4096,176
4097,162
4098,178
4099,133
4100,162
4101,207
4102,239
4103,176
4104,142
4105,117
4106,147
4107,119
4108,118
4109,93
4110,112
4111,98
4112,53
4113,116
4114,104
4115,122
4116,141
4117,113
4118,151
4119,162
4120,149
4121,216
4122,225
4123,178
4124,184
4125,205
4126,244
4127,173
4128,156
4129,319
4130,271
4131,306
4132,366
4133,522
4134,529
4135,590
4136,552
4137,480
4138,482
4139,456
4140,319
4141,339
4142,392
4143,426
4144,303
4145,268
4146,218
4147,303
4148,324
4149,272
4150,272
4151,299
4152,229
4153,250
4154,304
4155,249
4156,296
4157,316
4158,285
4159,317
4160,257
4161,273
4162,296
4163,299
4164,249
4165,199
4166,249
4167,235
4168,203
4169,122
4170,185
4171,255
4172,176
4173,187
4174,176
4175,190
4176,298
4177,199
4178,209
4179,187
4180,199
4181,463
4182,163
4183,166
4184,189
4185,171
4186,124
4187,165
4188,244
4189,223
4190,265
4191,232
4192,152
4193,179
4194,195
4195,318
4196,245
4197,289
4198,246
4199,339
4200,283
4201,148
4202,283
4203,256
4204,148
4205,189
4206,170
4207,147
4208,244
4209,250
4210,288
4211,294
4212,251
4213,148
4214,85
4215,121
4216,108
4217,85
4218,69
4219,121
4220,95
4221,135
4222,127
4223,146
4224,122
4225,140
4226,136
4227,105
4228,110
4229,102
4230,100
4231,95
4232,84
4233,143
4234,173
4235,159
4236,83
4237,110
4238,92
4239,114
4240,129
4241,122
4242,128
4243,113
4244,160
4245,169
4246,196
4247,150
4248,170
4249,142
4250,141
4251,142
4252,133
4253,139
4254,164
4255,119
4256,195
4257,137
4258,129
4259,145
4260,198
4261,91
4262,105
4263,74
4264,92
4265,87
4266,131
4267,98
4268,230
4269,259
4270,129
4271,146
4272,166
4273,97
4274,173
4275,134
4276,133
4277,165
4278,230
4279,141
4280,128
4281,178
4282,153
4283,130
4284,232
4285,208
4286,236
4287,192
4288,189
4289,235
4290,381
4291,214
4292,253
4293,372
4294,512
4295,492
4296,332
4297,349
4298,324
4299,287
4300,372
4301,362
4302,401
4303,345
4304,522
4305,640
4306,450
4307,480
4308,562
4309,658
4310,358
4311,321
4312,259
4313,329
4314,328
4315,272
4316,357
4317,382
4318,240
4319,244
4320,520
4321,243
4322,200
4323,289
4324,387
4325,391
4326,315
4327,252
4328,291
4329,334
4330,259
4331,328
4332,288
4333,334
4334,327
4335,259
4336,177
4337,164
4338,270
4339,196
4340,102
4341,151
4342,92
4343,76
4344,80
4345,115
4346,141
4347,122
4348,218
4349,220
4350,109
4351,67
4352,115
4353,116
4354,87
4355,118
4356,148
4357,121
4358,113
4359,133
4360,158
4361,170
4362,185
4363,286
4364,150
4365,156
4366,123
4367,140
4368,135
4369,116
4370,123
4371,107
4372,144
4373,193
4374,98
4375,88
4376,120
4377,102
4378,136
4379,155
4380,219
4381,154
4382,130
4383,159
4384,148
4385,144
4386,193
4387,199
4388,318
4389,264
4390,283
4391,320
4392,300
4393,276
4394,285
4395,195
4396,229
4397,248
4398,185
4399,217
4400,169
4401,179
4402,152
4403,221
4404,136
4405,91
4406,114
4407,137
4408,130
4409,156
4410,277
4411,179
4412,118
4413,119
4414,141
4415,111
4416,70
4417,43
4418,98
4419,172
4420,138
4421,129
4422,76
4423,62
4424,40
4425,68
4426,67
4427,75
4428,68
4429,71
4430,84
4431,61
4432,59
4433,78
4434,93
4435,52
4436,76
4437,43
4438,49
4439,45
4440,47
4441,40
4442,33
4443,104
4444,66
4445,37
4446,73
4447,31
4448,31
4449,55
4450,72
4451,119
4452,72
4453,63
4454,125
4455,96
4456,101
4457,32
4458,51
4459,114
4460,116
4461,169
4462,287
4463,128
4464,79
4465,81
4466,36
4467,66
4468,103
4469,124
4470,110
4471,115
4472,121
4473,106
4474,53
4475,76
4476,60
4477,41
4478,28
4479,24
4480,26
4481,31
4482,29
4483,18
4484,32
4485,21
4486,45
4487,31
4488,45
4489,35
4490,28
4491,33
4492,33
4493,29
4494,22
4495,22
4496,44
4497,42
4498,40
4499,46
4500,41
4501,49
4502,27
4503,42
4504,23
4505,20
4506,26
4507,20
4508,33
4509,18
4510,47
4511,40
4512,40
4513,32
4514,52
4515,40
4516,22
4517,28
4518,33
4519,20
4520,34
4521,36
4522,53
4523,74
4524,72
4525,47
4526,46
4527,49
4528,62
4529,93
4530,43
4531,62
4532,59
4533,108
4534,68
4535,137
4536,171
4537,75
4538,45
4539,62
4540,87
4541,50
4542,19
4543,13
4544,102
4545,51
4546,31
4547,26
4548,52
4549,46
4550,31
4551,20
4552,46
4553,21
4554,48
4555,69
4556,61
4557,20
4558,16
4559,25
4560,20
4561,33
4562,38
4563,67
4564,96
4565,49
4566,89
4567,57
4568,9
4569,22
4570,17
4571,22
4572,18
4573,14
4574,14
4575,48
4576,49
4577,23
4578,46
4579,37
4580,31
4581,32
4582,36
4583,42
4584,38
4585,30
4586,23
4587,34
4588,36
4589,44
4590,30
4591,32
4592,106
4593,161
4594,231
4595,306
4596,128
4597,59
4598,52
4599,62
4600,37
4601,68
4602,101
4603,50
4604,65
4605,70
4606,32
4607,35
4608,51
4609,21
4610,38
4611,32
4612,49
4613,67
4614,42
4615,52
4616,74
4617,91
4618,116
4619,133
4620,59
4621,47
4622,67
4623,36
4624,32
4625,50
4626,53
4627,76
4628,44
4629,64
4630,53
4631,11
4632,19
4633,14
4634,33
4635,9
4636,7
4637,23
4638,17
4639,21
4640,7
4641,29
4642,30
4643,18
4644,11
4645,20
4646,25
4647,20
4648,16
4649,15
4650,12
4651,31
4652,24
4653,18
4654,36
4655,37
4656,34
4657,29
4658,46
4659,92
4660,65
4661,77
4662,90
4663,81
4664,79
4665,73
4666,48
4667,39
4668,27
4669,21
4670,24
4671,31
4672,40
4673,26
4674,56
4675,40
4676,30
4677,46
4678,24
4679,58
4680,41
4681,21
4682,25
4683,42
4684,34
4685,31
4686,20
4687,39
4688,33
4689,33
4690,58
4691,43
4692,49
4693,39
4694,23
4695,25
4696,27
4697,24
4698,26
4699,31
4700,30
4701,36
4702,23
4703,28
4704,21
4705,32
4706,15
4707,27
4708,30
4709,49
4710,56
4711,33
4712,11
4713,10
4714,8
4715,11
4716,6
4717,3
4718,9
4719,6
4720,7
4721,4
4722,9
4723,3
4724,3
4725,3
4726,6
4727,3
4728,2
4729,1
4730,10
4731,8
4732,12
4733,6
4734,9
4735,35
4736,5
4737,4
4738,11
4739,3
4740,4
4741,4
4742,9
4743,3
4744,1
4745,1
4746,6
4747,9
4748,6
4749,17
4750,18
4751,2
4752,6
4753,5
4754,7
4755,9
4756,5
4757,10
4758,3
4759,11
4760,5
4761,2
4762,12
4763,19
4764,17
4765,4
4766,7
4767,3
4768,7
4769,10
4770,10
4771,13
4772,13
4773,5
4774,10
4775,7
4776,10
4777,23
4778,9
4779,8
4780,7
4781,12
4782,2
4783,3
4784,15
4785,5
4786,68
4787,88
4788,13
4789,20
4790,20
4791,4
4792,11
4793,9
4794,6
4795,13
4796,17
4797,11
4798,6
4799,5
4800,3
4801,43
4802,33
4803,19
4804,10
4805,5
4806,28
4807,37
4808,24
4809,37
4810,99
4811,46
4812,65
4813,61
4814,57
4815,14
4816,30
4817,10
4818,6
4819,5
4820,10
4821,4
4822,5
4823,12
4824,15
4825,25
4826,6
4827,6
4828,7
4829,2
4830,17
4831,33
4832,42
4833,45
4834,38
4835,50
4836,45
4837,19
4838,16
4839,12
4840,31
4841,26
4842,12
4843,8
4844,5
4845,11
4846,14
4847,13
4848,15
4849,5
4850,12
4851,14
4852,18
4853,25
4854,10
4855,9
4856,5
4857,10
4858,10
4859,16
4860,10
4861,7
4862,10
4863,10
4864,4
4865,36
4866,13
4867,5
4868,8
4869,4
4870,36
4871,14
4872,18
4873,5
4874,6
4875,6
4876,2
4877,6
4878,7
4879,10
4880,10
4881,15
4882,9
4883,1
4884,12
4885,17
4886,7
4887,6
4888,5
4889,5
4890,1
4891,7
4892,11
4893,3
4894,4
4895,14
4896,19
4897,14
4898,11
4899,62
4900,46
4901,23
4902,30
4903,19
4904,5
4905,2
4906,1
4907,7
4908,5
4909,10
4910,9
4911,21
4912,24
4913,7
4914,2
4915,4
4916,9
4917,5
4918,4
4919,5
4920,6
4921,6
4922,1
4923,9
4924,8
4925,37
4926,19
4927,5
4928,4
4929,4
4930,1
4931,12
4932,7
4933,12
4934,10
4935,8
4936,17
4937,57
4938,23
4939,70
4940,38
4941,16
4942,3
4943,6
4944,5
4945,3
4946,6
4947,7
4948,1
4949,8
4950,6
4951,5
4952,8
4953,15
4954,17
4955,37
4956,24
4957,13
4958,2
4959,3
4960,7
4961,6
4962,7
4963,13
4964,23
4965,13
4966,6
4967,1
4968,15
4969,10
4970,7
4971,23
4972,3
4973,8
4974,3
4975,6
4976,5
4977,2
4978,2
4979,57
4980,95
4981,80
4982,19
4983,15
4984,8
4985,8
4986,6
4987,5
4988,8
4989,11
4990,7
4991,11
4992,10
4993,20
4994,8
4995,5
4996,5
4997,9
4998,16
4999,31
5000,34
5001,45
5002,48
5003,33
5004,8
5005,19
5006,8
5007,7
5008,2
5009,9
5010,4
5011,7
5012,9
5013,3
5014,10
5015,55
5016,14
5017,9
5018,12
5019,13
5020,8
5021,26
5022,36
5023,14
5024,14
5025,102
5026,35
5027,22
5028,4
5029,24
5030,9
5032,25
5033,25
5034,30
5035,11
5036,29
5037,6
5038,5
5039,8
5040,1
5041,23
5042,13
5043,7
5044,3
5045,4
5046,2
5047,6
5048,6
5049,2
5050,14
5051,10
5052,1
5053,9
5054,44
5055,17
5056,12
5057,8
5058,12
5059,26
5060,40
5061,14
5062,6
5063,23
5064,25
5065,9
5066,15
5067,11
5068,6
5069,12
5070,11
5071,15
5072,14
5073,14
5074,15
5075,31
5076,19
5077,14
5078,48
5079,5
5080,21
5081,36
5082,6
5083,5
5084,1
5085,3
5086,1
5087,2
5088,8
5089,5
5090,6
5091,73
5092,93
5093,148
5094,54
5095,9
5096,21
5097,22
5098,13
5099,13
5100,25
5101,17
5102,19
5103,14
5104,53
5105,18
5106,13
5107,23
5108,2
5109,2
5110,4
5111,7
5112,7
5113,18
5114,11
5115,5
5116,17
5117,19
5118,30
5119,17
5120,28
5121,5
5122,3
5123,24
5124,12
5125,2
5126,12
5127,7
5128,13
5129,10
5130,6
5131,1
5132,27
5133,21
5134,4
5135,7
5136,6
5137,4
5138,2
5139,2
5140,2
5141,1
5142,7
5143,9
5144,6
5145,13
5146,10
5147,26
5148,23
5149,2
5150,14
5151,3
5152,13
5153,3
5154,7
5155,8
5156,12
5157,15
5158,13
5159,14
5160,10
5161,29
5162,21
5163,50
5164,35
5165,13
5166,17
5167,3
5168,10
5169,3
5170,8
5171,2
5172,6
5173,1
5174,2
5175,10
5176,13
5177,4
5178,18
5179,14
5180,17
5181,12
5182,10
5183,8
5184,4
5185,11
5186,13
5187,18
5188,5
5189,3
5190,5
5191,4
5192,16
5193,30
5194,52
5195,14
5196,5
5197,19
5198,29
5199,5
5200,11
5201,8
5202,9
5203,8
5204,2
5205,6
5206,21
5208,27
5209,2
5210,6
5211,11
5212,4
5213,3
5214,10
5215,2
5216,1
5217,19
5218,12
5219,12
5221,16
5222,31
5223,54
5224,39
5225,19
5226,20
5227,8
5228,8
5229,4
5230,9
5231,25
5232,46
5233,57
5234,1
5235,40
5236,340
5237,244
5238,110
5239,127
5240,112
5241,110
5242,80
5243,112
5244,133
5245,267
5246,212
5247,134
5248,53
5249,15
5250,3
5251,7
5252,2
5253,1
5254,4
5255,21
5256,56
5257,10
5258,2
5259,9
5261,4
5262,7
5263,11
5264,4
5265,3
5266,12
5267,22
5268,60
5269,15
5270,10
5271,4
5273,3
5274,13
5275,2
5276,11
5278,3
5280,2
5281,1
5282,13
5283,24
5284,63
5285,31
5286,1
5287,6
5288,17
5289,2
5290,8
5291,7
5292,7
5293,3
5294,3
5295,3
5296,2
5297,7
5298,19
5299,14
5300,4
5301,7
5302,3
5303,17
5304,9
5305,6
5306,5
5307,11
5308,16
5309,14
5310,5
5311,6
5312,12
5313,20
5314,15
5315,8
5316,3
5317,11
5318,8
5319,11
5320,10
5321,3
5322,7
5323,3
5324,1
5326,3
5327,23
5328,18
5329,40
5330,17
5331,3
5332,17
5333,11
5334,5
5335,8
5336,7
5337,6
5338,19
5339,7
5340,5
5341,23
5342,25
5343,18
5344,5
5345,17
5347,11
5348,2
5349,5
5350,11
5351,9
5352,18
5353,17
5354,38
5355,46
5356,41
5357,21
5358,13
5359,13
5360,15
5361,18
5362,15
5363,6
5364,15
5365,22
5366,13
5367,3
5368,21
5369,42
5370,17
5371,8
5372,4
5373,38
5374,8
5375,30
5376,17
5377,11
5378,8
5379,18
5380,31
5381,35
5382,16
5383,12
5384,7
5385,18
5386,3
5387,6
5388,5
5389,6
5390,10
5391,9
5392,9
5393,22
5394,22
5395,7
5396,4
5397,8
5398,5
5399,32
5400,12
5401,7
5402,16
5403,19
5404,2
5405,2
5406,5
5407,25
5408,13
5409,4
5410,1
5411,1
5413,21
5415,14
5416,1
5417,1
5418,14
5419,10
5420,29
5421,25
5422,5
5423,7
5424,8
5425,13
5427,5
5428,3
5429,9
5430,18
5431,7
5432,9
5433,18
5434,10
5435,22
5436,11
5437,30
5438,34
5439,43
5440,18
5441,62
5442,23
5443,51
5444,66
5445,32
