0,52491
1,303
2,145
3,101
4,118
5,18
6,6
7,2
8,6
9,10
10,12
11,19
13,11
14,3
16,1
17,5
18,10
19,8
20,6
21,9
22,6
23,1
24,3
25,4
26,7
27,2
28,5
29,1
30,17
31,11
32,6
33,13
34,6
35,9
36,15
37,13
38,4
39,9
40,8
41,12
42,13
43,5
44,10
45,4
46,2
47,8
48,1
49,8
50,2
51,6
52,8
53,1
54,26
55,19
56,14
57,26
58,21
59,82
60,25
61,45
62,42
63,28
64,49
65,29
66,20
67,23
68,33
69,14
70,7
71,2
72,2
73,4
74,1
75,6
76,1
77,1
78,5
79,4
80,4
82,4
83,1
84,14
85,33
86,11
87,2
88,2
89,7
90,2
91,3
92,4
94,2
96,1
97,2
98,9
99,1
100,4
101,2
102,1
103,1
104,1
105,7
106,1
109,1
110,3
112,5
113,1
114,2
115,3
118,1
119,8
120,2
121,2
122,4
123,3
124,1
125,2
126,4
128,2
129,2
130,1
131,6
133,1
134,4
135,3
136,5
137,2
138,4
139,2
141,1
143,1
144,3
146,5
147,4
148,1
149,3
150,1
151,2
152,1
153,9
154,2
155,2
157,4
158,5
160,2
161,4
163,1
164,1
165,2
166,2
167,2
168,4
169,3
170,2
172,3
173,1
174,1
175,3
176,1
178,1
180,4
181,4
182,2
183,2
184,3
185,1
186,1
191,7
193,1
194,6
195,5
197,2
198,3
199,2
200,1
201,3
203,1
204,3
205,1
206,2
208,1
209,3
210,8
211,1
212,9
213,6
214,15
215,31
216,13
217,29
218,30
219,7
220,4
221,10
222,29
223,17
224,29
225,10
226,43
227,36
228,11
229,18
230,10
231,14
232,18
233,30
234,29
235,15
236,10
237,4
238,4
239,7
240,13
241,5
242,4
243,16
244,7
245,4
246,10
247,9
248,13
249,7
250,12
251,13
252,14
253,8
254,16
255,9
256,12
257,14
258,9
259,8
260,60
261,7
262,2
263,4
264,6
265,9
266,10
267,12
268,5
269,5
270,12
271,7
272,8
273,6
274,8
275,9
276,7
277,8
278,9
279,4
280,11
281,8
282,6
283,10
284,10
285,20
286,7
287,12
288,18
289,33
290,27
291,67
292,24
293,92
294,44
295,72
296,45
297,59
298,27
299,16
300,6
301,2
302,2
303,1
304,4
305,28
306,7
307,7
308,4
309,6
310,4
311,3
312,1
313,6
314,2
316,4
317,7
318,1
319,2
320,3
321,4
322,8
323,3
325,6
326,4
327,4
328,16
329,8
330,14
331,9
332,8
333,13
334,33
335,3
336,24
337,23
338,2
339,4
340,20
341,2
342,3
343,18
344,4
345,28
346,3
347,24
348,19
349,16
350,11
351,10
352,13
353,21
354,41
355,20
356,27
357,34
358,28
359,18
360,7
361,4
362,7
363,26
364,23
365,45
366,4
367,25
368,8
369,13
370,4
371,2
372,12
373,12
374,26
375,2
376,2
377,1
378,1
379,3
380,1
381,1
383,2
384,3
385,1
387,4
388,2
389,1
390,1
391,2
392,1
393,1
394,1
395,8
396,1
397,1
398,1
400,1
401,2
402,1
403,1
404,3
405,1
406,1
407,2
408,2
409,2
411,4
412,1
413,1
416,4
418,1
419,1
421,4
422,2
423,2
424,1
425,3
426,2
427,1
428,1
429,3
430,1
431,1
434,1
435,3
436,1
437,1
438,37
439,87
440,3
441,2
442,2
444,2
445,3
446,2
447,1
448,1
449,1
450,1
451,4
452,1
453,1
454,1
455,1
456,2
458,3
459,3
460,1
461,2
462,1
463,1
464,35
465,30
466,10
467,28
468,2
469,18
470,34
471,33
472,13
473,1
474,2
475,4
476,1
477,3
478,2
479,2
481,2
482,1
483,1
485,1
486,2
487,1
488,1
489,5
490,1
492,2
494,2
495,1
496,2
497,1
498,2
501,1
502,13
503,20
504,58
505,17
506,14
508,3
509,2
511,2
513,1
514,1
515,3
516,2
517,1
520,2
521,2
522,3
523,2
524,4
525,2
526,1
528,1
529,3
530,2
531,2
532,2
533,2
534,1
535,1
536,1
537,2
540,28
541,25
542,2
543,1
544,1
545,6
546,1
548,5
549,2
550,2
551,3
552,7
553,13
554,4
555,3
556,5
557,4
558,15
559,51
560,55
561,23
562,12
563,48
564,23
565,17
566,32
567,26
568,26
569,36
570,6
571,16
572,5
573,5
574,13
575,1
576,11
577,5
578,4
579,15
580,8
581,10
582,2
583,1
584,6
585,7
586,6
587,2
588,3
589,8
590,12
591,2
592,2
593,7
594,3
595,5
596,7
597,15
598,6
599,3
600,1
601,4
602,2
603,6
604,5
605,23
606,14
607,24
608,9
609,61
610,84
611,42
612,140
613,16
614,10
615,15
616,17
617,26
618,28
619,53
620,38
621,26
622,13
623,1
624,6
625,11
626,17
627,9
628,36
629,26
630,5
631,6
632,7
633,14
634,11
635,11
636,17
637,10
638,12
639,1
640,5
641,13
642,13
643,20
644,23
645,26
646,18
647,12
648,7
649,3
650,5
651,8
652,7
653,14
654,19
655,14
656,20
657,9
658,19
659,17
660,6
661,13
662,16
663,15
664,21
665,161
666,28
667,26
668,31
669,60
670,29
671,40
672,36
673,107
674,137
675,43
676,46
677,74
678,90
679,83
680,46
681,61
682,87
683,84
684,145
685,181
686,65
687,69
688,443
689,95
690,77
691,95
692,65
693,92
694,101
695,74
696,67
697,68
698,198
699,71
700,126
701,69
702,49
703,113
704,60
705,48
706,68
707,61
708,75
709,113
710,65
711,53
712,72
713,46
714,112
715,106
716,39
717,64
718,149
719,47
720,63
721,41
722,29
723,31
724,41
725,123
726,34
727,178
728,61
729,64
730,60
731,101
732,85
733,65
734,139
735,97
736,86
737,71
738,35
739,31
740,47
741,46
742,69
743,17
744,34
745,28
746,21
747,42
748,32
749,115
750,34
751,38
752,65
753,78
754,54
755,148
756,49
757,35
758,116
759,123
760,111
761,125
762,100
763,60
764,69
765,85
766,159
767,363
768,85
769,58
770,146
771,83
772,106
773,78
774,52
775,36
776,57
777,32
778,39
779,48
780,76
781,52
782,49
783,65
784,70
785,66
786,58
787,151
788,59
789,92
790,111
791,89
792,259
793,202
794,137
795,94
796,56
797,290
798,147
799,80
800,126
801,90
802,110
803,181
804,181
805,248
806,315
807,215
808,305
809,253
810,165
811,223
812,183
813,174
814,177
815,171
816,383
817,604
818,781
819,410
820,350
821,402
822,407
823,442
824,310
825,697
826,453
827,328
828,206
829,228
830,253
831,310
832,330
833,326
834,261
835,482
836,195
837,154
838,304
839,147
840,159
841,240
842,258
843,207
844,124
845,198
846,164
847,111
848,125
849,116
850,343
851,153
852,151
853,144
854,234
855,134
856,90
857,100
858,130
859,131
860,117
861,170
862,208
863,186
864,271
865,179
866,133
867,237
868,355
869,331
870,315
871,376
872,416
873,304
874,176
875,219
876,215
877,827
878,1638
879,450
880,500
881,315
882,390
883,267
884,151
885,441
886,164
887,242
888,194
889,251
890,422
891,398
892,329
893,342
894,282
895,247
896,247
897,246
898,301
899,185
900,148
901,521
902,191
903,146
904,187
905,209
906,140
907,162
908,140
909,262
910,204
911,408
912,485
913,431
914,200
915,260
916,224
917,199
918,177
919,190
920,167
921,209
922,273
923,452
924,242
925,438
926,531
927,583
928,399
929,326
930,302
931,318
932,294
933,329
934,302
935,313
936,447
937,491
938,424
939,356
940,348
941,301
942,381
943,208
944,377
945,363
946,493
947,303
948,296
949,511
950,432
951,287
952,286
953,161
954,134
955,193
956,191
957,276
958,185
959,157
960,356
961,430
962,215
963,298
964,217
965,266
966,212
967,448
968,892
969,463
970,383
971,502
972,362
973,256
974,243
975,363
976,447
977,341
978,325
979,366
980,433
981,415
982,1168
983,473
984,364
985,468
986,478
987,431
988,473
989,511
990,669
991,840
992,843
993,549
994,709
995,662
996,564
997,837
998,875
999,959
1000,667
1001,680
1002,769
1003,721
1004,778
1005,845
1006,879
1007,737
1008,939
1009,563
1010,743
1011,701
1012,754
1013,1025
1014,859
1015,893
1016,943
1017,1084
1018,1025
1019,860
1020,1004
1021,1074
1022,892
1023,999
1024,858
1025,1043
1026,872
1027,711
1028,1542
1029,734
1030,739
1031,982
1032,920
1033,811
1034,1269
1035,1034
1036,1108
1037,1184
1038,1027
1039,919
1040,2450
1041,1878
1042,1874
1043,1666
1044,980
1045,991
1046,931
1047,882
1048,961
1049,882
1050,935
1051,2135
1052,1098
1053,895
1054,1191
1055,1261
1056,1703
1057,1301
1058,1396
1059,2074
1060,2189
1061,2040
1062,2557
1063,2283
1064,2773
1065,1539
1066,1909
1067,1956
1068,1737
1069,1777
1070,2526
1071,2326
1072,3004
1073,3125
1074,2921
1075,2261
1076,2558
1077,2379
1078,2730
1079,2699
1080,2346
1081,2278
1082,2259
1083,2921
1084,2228
1085,2004
1086,2423
1087,2827
1088,2627
1089,3358
1090,3117
1091,3580
1092,4184
1093,3496
1094,3359
1095,3472
1096,3102
1097,3271
1098,3532
1099,3266
1100,5655
1101,3645
1102,4021
1103,3219
1104,3763
1105,4004
1106,4259
1107,4431
1108,4166
1109,4818
1110,3745
1111,5138
1112,5545
1113,6391
1114,6218
1115,5617
1116,6996
1117,5590
1118,5188
1119,7133
1120,6794
1121,7051
1122,6664
1123,6709
1124,6539
1125,6439
1126,7264
1127,6811
1128,8002
1129,7213
1130,7522
1131,6236
1132,6189
1133,6571
1134,8229
1135,7176
1136,7775
1137,8623
1138,8541
1139,8910
1140,10105
1141,11022
1142,10798
1143,9806
1144,11050
1145,10972
1146,11957
1147,12331
1148,12324
1149,12938
1150,12885
1151,14425
1152,18042
1153,15228
1154,15241
1155,14736
1156,15351
1157,16700
1158,18431
1159,16756
1160,18947
1161,23533
1162,18723
1163,21348
1164,21850
1165,22490
1166,29653
1167,28638
1168,29523
1169,37023
1170,30836
1171,31910
1172,34504
1173,36401
1174,37379
1175,40187
1176,42166
1177,44487
1178,46608
1179,56794
1180,57714
1181,60930
1182,68788
1183,73066
1184,92596
1185,99682
1186,100991
1187,117125
1188,137190
1189,148100
1190,160966
1191,197981
1192,229509
1193,274910
1194,378727
1195,462698
1196,593118
1197,820367
1198,1283835
1199,2862595
1200,28353916
1201,38947
1202,27082
1203,27674
1204,27128
1205,26850
1206,25299
1207,28009
1208,27831
1209,27013
1210,28690
1211,27336
1212,29324
1213,28607
1214,29199
1215,27964
1216,26264
1217,22707
1218,21171
1219,22309
1220,20937
1221,20048
1222,19374
1223,18696
1224,18026
1225,18750
1226,18581
1227,19643
1228,18559
1229,18517
1230,20074
1231,19074
1232,19215
1233,21468
1234,22411
1235,20026
1236,18111
1237,18460
1238,18931
1239,19838
1240,18448
1241,17849
1242,16542
1243,15798
1244,14248
1245,14189
1246,15967
1247,17385
1248,16776
1249,17926
1250,16365
1251,15318
1252,16523
1253,13997
1254,15117
1255,18055
1256,19631
1257,16997
1258,15404
1259,18400
1260,16022
1261,19687
1262,16635
1263,18636
1264,15730
1265,16710
1266,13822
1267,15548
1268,16601
1269,16823
1270,17982
1271,17767
1272,17164
1273,17653
1274,18720
1275,19491
1276,19030
1277,16107
1278,15214
1279,15894
1280,14888
1281,14340
1282,13996
1283,14713
1284,15050
1285,13793
1286,13072
1287,13331
1288,13954
1289,15577
1290,13731
1291,15733
1292,14748
1293,18196
1294,18881
1295,15847
1296,15462
1297,11862
1298,12262
1299,13818
1300,11917
1301,13639
1302,12756
1303,13562
1304,12603
1305,11773
1306,11261
1307,10552
1308,11232
1309,12257
1310,14110
1311,15006
1312,13770
1313,12547
1314,14116
1315,11262
1316,11690
1317,10032
1318,11989
1319,11242
1320,10396
1321,12201
1322,13599
1323,11300
1324,11707
1325,10935
1326,11990
1327,10075
1328,10291
1329,9177
1330,9754
1331,9828
1332,8916
1333,8786
1334,9338
1335,8646
1336,9296
1337,9781
1338,11390
1339,11077
1340,12872
1341,10569
1342,10109
1343,10893
1344,11174
1345,9809
1346,10254
1347,9980
1348,9358
1349,10538
1350,10356
1351,10128
1352,9488
1353,9347
1354,9609
1355,8939
1356,9002
1357,9133
1358,9215
1359,9744
1360,8621
1361,8656
1362,9474
1363,7950
1364,7727
1365,9268
1366,11483
1367,11438
1368,9121
1369,9593
1370,10456
1371,11139
1372,9449
1373,9824
1374,7997
1375,8301
1376,7832
1377,7662
1378,8578
1379,7651
1380,8564
1381,8332
1382,7361
1383,8832
1384,8591
1385,10026
1386,9513
1387,10211
1388,9580
1389,7620
1390,7536
1391,9016
1392,9132
1393,10064
1394,8179
1395,8067
1396,9003
1397,10693
1398,12842
1399,14172
1400,12635
1401,10792
1402,10048
1403,8733
1404,9278
1405,7693
1406,6989
1407,6859
1408,6518
1409,7494
1410,8702
1411,9170
1412,9951
1413,8673
1414,8356
1415,9552
1416,8936
1417,8563
1418,7921
1419,9953
1420,9506
1421,10791
1422,11238
1423,12100
1424,14869
1425,12582
1426,12543
1427,11413
1428,11146
1429,12450
1430,13136
1431,12292
1432,12461
1433,12144
1434,13612
1435,13410
1436,13193
1437,13637
1438,12058
1439,11071
1440,10619
1441,9807
1442,9026
1443,7680
1444,8967
1445,8603
1446,7526
1447,7966
1448,8495
1449,7173
1450,7565
1451,8347
1452,9614
1453,9794
1454,9629
1455,10946
1456,10630
1457,10858
1458,12188
1459,12646
1460,10731
1461,11041
1462,10922
1463,11135
1464,11465
1465,14286
1466,13861
1467,13221
1468,14433
1469,13696
1470,12171
1471,11471
1472,13572
1473,13479
1474,10958
1475,11484
1476,12284
1477,11309
1478,13705
1479,13791
1480,13281
1481,13079
1482,14293
1483,13982
1484,15318
1485,18689
1486,15570
1487,15535
1488,13484
1489,13625
1490,15234
1491,13266
1492,11958
1493,10601
1494,10367
1495,8596
1496,8918
1497,9244
1498,10867
1499,12581
1500,14149
1501,13565
1502,16365
1503,17353
1504,23101
1505,22492
1506,25339
1507,26840
1508,27801
1509,25838
1510,22077
1511,20430
1512,22694
1513,16831
1514,15970
1515,17625
1516,17665
1517,17074
1518,16699
1519,14226
1520,12212
1521,9360
1522,10138
1523,10312
1524,11424
1525,10634
1526,10891
1527,9896
1528,9927
1529,12023
1530,9069
1531,8186
1532,8438
1533,9671
1534,9785
1535,10251
1536,9678
1537,8643
1538,7482
1539,6997
1540,7722
1541,7738
1542,7255
1543,7108
1544,6306
1545,6430
1546,6382
1547,6035
1548,6267
1549,6706
1550,7733
1551,8117
1552,7645
1553,7656
1554,7285
1555,6856
1556,6585
1557,7258
1558,7521
1559,7287
1560,6691
1561,7916
1562,7123
1563,7061
1564,7826
1565,8683
1566,7903
1567,7187
1568,7182
1569,6896
1570,7090
1571,7718
1572,8080
1573,7649
1574,7591
1575,8349
1576,7720
1577,7457
1578,7568
1579,8313
1580,7960
1581,7638
1582,8019
1583,7979
1584,7406
1585,7866
1586,7243
1587,6685
1588,6909
1589,7105
1590,6866
1591,7374
1592,7693
1593,7929
1594,7706
1595,7625
1596,7790
1597,7315
1598,7357
1599,7258
1600,7795
1601,7963
1602,7644
1603,7854
1604,6973
1605,5972
1606,6212
1607,6522
1608,6981
1609,6793
1610,6687
1611,6960
1612,6564
1613,6335
1614,6403
1615,6047
1616,6387
1617,6843
1618,6308
1619,4867
1620,5098
1621,5513
1622,5400
1623,6142
1624,6165
1625,5623
1626,5475
1627,5673
1628,5544
1629,5236
1630,5358
1631,5233
1632,5733
1633,4678
1634,5288
1635,4802
1636,4841
1637,5035
1638,5362
1639,5879
1640,6106
1641,5945
1642,6122
1643,6641
1644,6973
1645,8244
1646,9017
1647,8243
1648,7072
1649,7388
1650,7088
1651,7096
1652,6627
1653,6390
1654,6382
1655,6497
1656,6704
1657,5695
1658,6415
1659,6168
1660,6552
1661,6673
1662,5898
1663,5842
1664,5862
1665,6539
1666,7712
1667,8039
1668,7613
1669,5760
1670,6041
1671,5784
1672,5746
1673,6360
1674,6620
1675,6577
1676,6307
1677,6927
1678,5513
1679,5819
1680,6473
1681,5628
1682,5617
1683,6231
1684,6809
1685,5778
1686,6133
1687,6011
1688,6732
1689,7075
1690,7016
1691,6797
1692,5912
1693,5704
1694,5370
1695,5700
1696,5350
1697,4818
1698,4598
1699,4668
1700,4718
1701,5007
1702,5137
1703,5682
1704,5602
1705,6747
1706,6577
1707,6808
1708,6633
1709,6312
1710,5082
1711,5233
1712,5178
1713,4946
1714,5801
1715,5854
1716,5943
1717,5143
1718,5914
1719,5238
1720,5187
1721,5205
1722,4412
1723,4898
1724,4921
1725,4769
1726,4982
1727,4820
1728,4531
1729,4760
1730,5910
1731,5272
1732,5692
1733,6009
1734,5960
1735,5267
1736,5521
1737,5604
1738,5334
1739,4670
1740,4363
1741,5314
1742,5556
1743,5951
1744,5374
1745,5905
1746,5572
1747,5281
1748,6364
1749,5724
1750,5240
1751,5263
1752,4751
1753,5632
1754,5701
1755,5180
1756,5227
1757,5195
1758,4588
1759,4446
1760,5034
1761,5030
1762,5137
1763,5863
1764,5814
1765,5450
1766,5387
1767,4931
1768,5023
1769,4457
1770,3878
1771,3745
1772,4114
1773,3717
1774,3806
1775,3768
1776,3557
1777,3385
1778,3262
1779,3586
1780,4150
1781,4138
1782,4119
1783,2797
1784,3193
1785,3443
1786,3890
1787,3922
1788,3644
1789,3906
1790,4185
1791,3798
1792,4022
1793,3718
1794,4804
1795,3930
1796,3537
1797,5004
1798,3491
1799,3473
1800,3741
1801,4189
1802,3596
1803,3898
1804,4603
1805,4681
1806,4257
1807,4675
1808,4263
1809,4162
1810,4706
1811,5092
1812,4759
1813,4791
1814,5422
1815,6207
1816,6039
1817,4881
1818,5413
1819,5193
1820,6545
1821,6956
1822,10712
1823,6865
1824,7110
1825,6252
1826,5674
1827,5925
1828,6095
1829,6181
1830,6340
1831,5661
1832,5900
1833,7355
1834,7848
1835,7717
1836,7643
1837,9418
1838,9732
1839,8117
1840,7528
1841,6395
1842,6421
1843,6937
1844,6040
1845,5410
1846,5903
1847,5990
1848,6612
1849,5853
1850,6618
1851,6422
1852,6760
1853,7495
1854,8880
1855,7312
1856,8388
1857,9905
1858,9539
1859,8116
1860,8450
1861,7874
1862,7401
1863,7490
1864,6863
1865,7617
1866,8307
1867,8471
1868,7801
1869,7571
1870,7852
1871,7525
1872,5446
1873,5933
1874,4852
1875,4877
1876,5468
1877,6225
1878,6976
1879,5534
1880,5310
1881,5276
1882,5631
1883,5195
1884,4567
1885,4494
1886,4227
1887,4141
1888,6538
1889,4242
1890,4239
1891,4681
1892,4740
1893,4633
1894,4437
1895,3884
1896,4502
1897,4979
1898,5794
1899,4545
1900,4044
1901,4726
1902,4475
1903,4006
1904,5718
1905,4460
1906,4252
1907,4708
1908,6155
1909,6619
1910,5272
1911,5402
1912,4950
1913,4569
1914,5384
1915,5269
1916,5977
1917,6833
1918,4366
1919,4715
1920,4987
1921,5060
1922,6208
1923,5991
1924,5628
1925,4852
1926,5115
1927,4893
1928,5056
1929,4285
1930,3378
1931,3249
1932,3792
1933,3355
1934,3299
1935,4708
1936,4867
1937,4063
1938,3096
1939,3372
1940,3119
1941,3278
1942,3689
1943,5257
1944,6085
1945,6241
1946,5620
1947,5482
1948,5163
1949,3604
1950,3951
1951,3915
1952,4230
1953,3527
1954,3531
1955,4162
1956,4415
1957,4767
1958,3802
1959,4944
1960,4370
1961,3113
1962,4000
1963,4241
1964,5660
1965,4490
1966,3595
1967,4178
1968,4379
1969,4142
1970,4399
1971,4262
1972,4046
1973,5102
1974,5027
1975,4980
1976,6120
1977,5067
1978,6256
1979,4148
1980,4502
1981,4340
1982,4335
1983,4489
1984,4563
1985,4144
1986,2938
1987,3368
1988,4237
1989,3486
1990,3603
1991,4046
1992,4480
1993,4367
1994,3914
1995,4363
1996,3905
1997,3121
1998,3588
1999,3844
2000,4215
2001,5258
2002,4924
2003,4298
2004,4359
2005,5292
2006,4159
2007,4601
2008,4785
2009,5001
2010,4912
2011,5251
2012,5477
2013,6534
2014,5213
2015,4662
2016,5355
2017,4425
2018,4659
2019,5384
2020,5577
2021,4651
2022,4486
2023,4052
2024,3542
2025,3289
2026,3689
2027,3799
2028,3261
2029,3757
2030,4818
2031,4869
2032,4851
2033,4386
2034,3715
2035,3916
2036,3910
2037,3557
2038,3487
2039,3454
2040,3089
2041,2085
2042,2758
2043,2810
2044,2795
2045,3361
2046,2242
2047,2814
2048,3259
2049,4327
2050,3659
2051,3521
2052,2615
2053,2963
2054,3918
2055,4745
2056,4687
2057,4530
2058,3837
2059,3952
2060,4483
2061,3622
2062,3972
2063,4871
2064,3740
2065,3935
2066,2722
2067,3061
2068,3597
2069,3437
2070,3143
2071,3264
2072,3102
2073,4109
2074,3704
2075,3871
2076,4052
2077,4704
2078,5303
2079,4356
2080,5479
2081,5227
2082,4945
2083,4405
2084,3602
2085,4098
2086,4866
2087,5000
2088,5079
2089,5045
2090,5103
2091,4102
2092,3531
2093,3835
2094,2675
2095,3158
2096,2999
2097,2776
2098,2739
2099,2229
2100,2995
2101,2565
2102,2567
2103,2313
2104,2643
2105,2345
2106,3010
2107,2400
2108,2610
2109,3057
2110,3793
2111,3963
2112,4031
2113,3253
2114,3746
2115,3107
2116,3674
2117,3127
2118,3972
2119,4382
2120,4518
2121,3811
2122,3467
2123,4543
2124,3540
2125,4160
2126,3713
2127,3468
2128,3788
2129,4085
2130,4373
2131,3896
2132,2933
2133,3300
2134,2849
2135,3345
2136,2282
2137,2518
2138,2953
2139,2836
2140,3030
2141,2788
2142,2800
2143,2625
2144,2749
2145,2538
2146,2852
2147,2719
2148,2878
2149,2454
2150,3802
2151,2976
2152,3216
2153,2569
2154,3131
2155,2709
2156,2648
2157,2582
2158,2930
2159,3113
2160,2579
2161,2987
2162,2378
2163,2051
2164,2331
2165,2538
2166,3415
2167,2232
2168,2535
2169,2482
2170,2205
2171,2595
2172,2493
2173,2361
2174,2574
2175,2282
2176,2174
2177,3194
2178,2770
2179,3170
2180,3383
2181,2311
2182,2811
2183,2147
2184,2991
2185,1879
2186,1939
2187,2815
2188,2391
2189,2585
2190,2927
2191,2721
2192,3000
2193,4284
2194,4251
2195,2898
2196,2515
2197,1815
2198,2148
2199,1886
2200,2598
2201,3403
2202,2213
2203,1787
2204,1628
2205,1664
2206,2865
2207,1733
2208,2420
2209,1807
2210,1891
2211,2582
2212,1767
2213,3281
2214,1601
2215,2272
2216,2667
2217,3315
2218,3488
2219,3405
2220,3054
2221,2712
2222,3391
2223,2588
2224,3079
2225,1750
2226,2628
2227,2185
2228,2718
2229,2422
2230,2591
2231,2463
2232,2376
2233,2768
2234,3164
2235,2000
2236,1993
2237,2511
2238,1758
2239,1700
2240,1564
2241,2324
2242,2021
2243,2136
2244,2404
2245,3717
2246,2284
2247,1479
2248,2756
2249,3615
2250,2527
2251,2174
2252,2102
2253,2267
2254,2677
2255,1933
2256,2419
2257,1644
2258,1522
2259,1720
2260,2188
2261,1898
2262,1717
2263,1864
2264,2351
2265,2154
2266,2584
2267,1890
2268,1860
2269,2468
2270,3473
2271,3114
2272,1499
2273,1520
2274,1522
2275,2500
2276,1829
2277,1743
2278,1622
2279,1567
2280,2304
2281,2017
2282,2538
2283,2643
2284,2709
2285,2955
2286,2591
2287,3969
2288,5312
2289,3702
2290,3247
2291,2509
2292,2272
2293,2004
2294,2123
2295,2256
2296,2261
2297,3028
2298,2698
2299,2823
2300,2811
2301,3231
2302,2779
2303,3231
2304,3641
2305,4675
2306,4162
2307,3765
2308,4295
2309,5212
2310,4523
2311,3861
2312,3603
2313,2425
2314,2839
2315,2048
2316,2826
2317,2526
2318,2170
2319,3384
2320,2617
2321,2156
2322,2056
2323,2753
2324,3116
2325,3254
2326,3248
2327,4337
2328,4610
2329,4201
2330,3149
2331,3027
2332,1866
2333,2358
2334,1636
2335,1531
2336,1669
2337,2016
2338,2196
2339,2269
2340,2286
2341,2250
2342,2085
2343,1643
2344,2598
2345,1881
2346,1543
2347,3627
2348,3607
2349,3138
2350,2854
2351,2276
2352,2262
2353,2239
2354,2834
2355,2608
2356,2471
2357,2551
2358,2087
2359,1801
2360,2219
2361,1466
2362,1619
2363,1282
2364,2252
2365,1894
2366,2000
2367,2524
2368,3043
2369,2592
2370,2454
2371,2933
2372,2184
2373,3059
2374,3446
2375,3684
2376,3208
2377,2575
2378,2209
2379,3160
2380,3188
2381,3708
2382,4321
2383,3109
2384,3008
2385,3465
2386,2846
2387,2751
2388,2558
2389,2707
2390,2758
2391,2143
2392,2236
2393,1968
2394,1397
2395,1414
2396,2861
2397,2280
2398,3015
2399,2570
2400,2970
2401,3014
2402,3427
2403,3988
2404,3956
2405,3362
2406,4041
2407,2795
2408,2891
2409,2028
2410,1858
2411,2194
2412,2520
2413,2158
2414,2012
2415,1494
2416,3103
2417,2407
2418,1949
2419,1614
2420,1430
2421,1760
2422,1293
2423,1669
2424,2610
2425,3094
2426,2869
2427,3725
2428,2983
2429,2929
2430,3386
2431,3389
2432,2237
2433,2256
2434,2751
2435,2881
2436,2881
2437,2103
2438,2192
2439,1618
2440,1160
2441,1237
2442,1088
2443,1362
2444,1373
2445,1979
2446,1128
2447,1370
2448,1311
2449,1794
2450,2008
2451,1391
2452,2094
2453,1462
2454,1759
2455,1626
2456,1704
2457,2072
2458,3330
2459,4424
2460,3435
2461,2816
2462,1845
2463,2120
2464,1827
2465,2010
2466,2108
2467,2000
2468,2526
2469,2527
2470,2458
2471,2259
2472,2581
2473,2240
2474,2972
2475,2511
2476,2757
2477,2691
2478,3059
2479,3255
2480,2842
2481,2028
2482,2095
2483,1944
2484,1794
2485,2477
2486,2321
2487,3051
2488,3100
2489,3225
2490,3712
2491,2976
2492,2832
2493,4486
2494,5180
2495,4505
2496,4859
2497,3524
2498,2881
2499,4536
2500,4732
2501,4590
2502,4537
2503,4099
2504,4430
2505,6022
2506,6429
2507,8378
2508,7898
2509,6719
2510,4337
2511,3536
2512,5030
2513,3367
2514,2377
2515,937
2516,971
2517,620
2518,628
2519,959
2520,518
2521,591
2522,1170
2523,837
2524,878
2525,626
2526,827
2527,1112
2528,864
2529,388
2530,650
2531,744
2532,538
2533,812
2534,726
2535,655
2536,526
2537,521
2538,572
2539,580
2540,583
2541,649
2542,908
2543,1024
2544,740
2545,698
2546,812
2547,884
2548,930
2549,759
2550,752
2551,1162
2552,868
2553,671
2554,505
2555,892
2556,587
2557,509
2558,606
2559,671
2560,893
2561,906
2562,1084
2563,850
2564,761
2565,778
2566,658
2567,615
2568,842
2569,904
2570,803
2571,674
2572,532
2573,614
2574,647
2575,518
2576,548
2577,558
2578,475
2579,557
2580,601
2581,707
2582,945
2583,835
2584,693
2585,510
2586,747
2587,591
2588,753
2589,953
2590,828
2591,691
2592,518
2593,553
2594,809
2595,687
2596,529
2597,520
2598,574
2599,511
2600,513
2601,799
2602,585
2603,410
2604,724
2605,791
2606,844
2607,852
2608,867
2609,862
2610,1324
2611,872
2612,738
2613,527
2614,577
2615,713
2616,555
2617,582
2618,705
2619,526
2620,500
2621,647
2622,518
2623,795
2624,623
2625,886
2626,780
2627,586
2628,566
2629,478
2630,679
2631,893
2632,656
2633,672
2634,565
2635,575
2636,547
2637,571
2638,495
2639,471
2640,449
2641,457
2642,528
2643,373
2644,432
2645,430
2646,595
2647,413
2648,393
2649,664
2650,645
2651,516
2652,496
2653,413
2654,516
2655,442
2656,443
2657,571
2658,545
2659,680
2660,915
2661,549
2662,524
2663,573
2664,533
2665,523
2666,748
2667,488
2668,480
2669,561
2670,612
2671,713
2672,525
2673,594
2674,622
2675,618
2676,657
2677,1138
2678,1026
2679,790
2680,1300
2681,403
2682,434
2683,481
2684,463
2685,632
2686,613
2687,564
2688,629
2689,537
2690,592
2691,441
2692,549
2693,477
2694,557
2695,355
2696,353
2697,343
2698,317
2699,400
2700,488
2701,465
2702,565
2703,791
2704,588
2705,647
2706,646
2707,639
2708,547
2709,371
2710,421
2711,410
2712,460
2713,527
2714,347
2715,416
2716,458
2717,387
2718,461
2719,570
2720,573
2721,562
2722,551
2723,761
2724,738
2725,624
2726,543
2727,715
2728,478
2729,507
2730,343
2731,427
2732,391
2733,445
2734,465
2735,510
2736,648
2737,512
2738,500
2739,647
2740,751
2741,593
2742,662
2743,704
2744,712
2745,738
2746,629
2747,837
2748,690
2749,825
2750,655
2751,1070
2752,1123
2753,1157
2754,1039
2755,923
2756,916
2757,813
2758,924
2759,900
2760,544
2761,837
2762,736
2763,687
2764,670
2765,629
2766,793
2767,869
2768,699
2769,605
2770,497
2771,467
2772,483
2773,469
2774,413
2775,397
2776,399
2777,650
2778,716
2779,712
2780,605
2781,641
2782,803
2783,1090
2784,1070
2785,740
2786,496
2787,616
2788,476
2789,455
2790,337
2791,585
2792,577
2793,517
2794,738
2795,631
2796,567
2797,529
2798,706
2799,726
2800,903
2801,858
2802,948
2803,1112
2804,1104
2805,721
2806,640
2807,670
2808,783
2809,734
2810,894
2811,1200
2812,697
2813,742
2814,972
2815,915
2816,974
2817,727
2818,865
2819,944
2820,850
2821,821
2822,704
2823,660
2824,885
2825,865
2826,697
2827,801
2828,903
2829,783
2830,799
2831,814
2832,934
2833,1155
2834,989
2835,1047
2836,1213
2837,1210
2838,1255
2839,948
2840,686
2841,883
2842,1690
2843,940
2844,1004
2845,857
2846,492
2847,829
2848,599
2849,657
2850,575
2851,464
2852,496
2853,504
2854,503
2855,509
2856,589
2857,388
2858,484
2859,561
2860,816
2861,1025
2862,602
2863,595
2864,499
2865,619
2866,616
2867,637
2868,880
2869,596
2870,695
2871,779
2872,790
2873,969
2874,774
2875,800
2876,766
2877,955
2878,811
2879,731
2880,784
2881,677
2882,755
2883,1064
2884,1034
2885,771
2886,482
2887,708
2888,634
2889,684
2890,762
2891,720
2892,1071
2893,1043
2894,1004
2895,1169
2896,1052
2897,1092
2898,857
2899,819
2900,810
2901,1032
2902,1196
2903,892
2904,852
2905,835
2906,784
2907,961
2908,1153
2909,1326
2910,1107
2911,818
2912,819
2913,838
2914,1028
2915,1192
2916,1280
2917,1104
2918,953
2919,1268
2920,1762
2921,1441
2922,1155
2923,1219
2924,1178
2925,1504
2926,1322
2927,1513
2928,1229
2929,1266
2930,1202
2931,1049
2932,1417
2933,995
2934,1392
2935,1611
2936,1116
2937,1345
2938,1671
2939,1606
2940,1503
2941,1428
2942,1262
2943,1084
2944,1142
2945,1024
2946,995
2947,909
2948,913
2949,806
2950,789
2951,707
2952,573
2953,755
2954,842
2955,1051
2956,631
2957,548
2958,545
2959,665
2960,609
2961,569
2962,912
2963,607
2964,542
2965,616
2966,542
2967,521
2968,624
2969,634
2970,819
2971,859
2972,812
2973,942
2974,974
2975,1017
2976,911
2977,952
2978,892
2979,771
2980,547
2981,756
2982,720
2983,725
2984,618
2985,632
2986,560
2987,676
2988,569
2989,662
2990,563
2991,646
2992,586
2993,1227
2994,423
2995,590
2996,757
2997,808
2998,792
2999,843
3000,713
3001,481
3002,577
3003,482
3004,687
3005,684
3006,612
3007,687
3008,627
3009,752
3010,749
3011,879
3012,725
3013,701
3014,804
3015,997
3016,891
3017,900
3018,1015
3019,1083
3020,920
3021,1015
3022,865
3023,802
3024,581
3025,604
3026,798
3027,781
3028,871
3029,909
3030,1095
3031,904
3032,1035
3033,808
3034,521
3035,643
3036,568
3037,699
3038,960
3039,784
3040,793
3041,755
3042,725
3043,686
3044,609
3045,668
3046,646
3047,650
3048,779
3049,1040
3050,1028
3051,856
3052,1690
3053,706
3054,616
3055,543
3056,489
3057,702
3058,780
3059,668
3060,636
3061,570
3062,532
3063,615
3064,619
3065,706
3066,743
3067,646
3068,568
3069,461
3070,368
3071,395
3072,337
3073,453
3074,561
3075,781
3076,716
3077,587
3078,633
3079,586
3080,827
3081,792
3082,843
3083,804
3084,698
3085,605
3086,583
3087,675
3088,595
3089,603
3090,613
3091,643
3092,736
3093,806
3094,1060
3095,1114
3096,1199
3097,1612
3098,1395
3099,1628
3100,1291
3101,1608
3102,1690
3103,1672
3104,1778
3105,1550
3106,1714
3107,1400
3108,1748
3109,2215
3110,1763
3111,1774
3112,1927
3113,1275
3114,1835
3115,1946
3116,2037
3117,1888
3118,1462
3119,1002
3120,957
3121,872
3122,844
3123,1077
3124,1374
3125,1343
3126,900
3127,564
3128,561
3129,613
3130,706
3131,818
3132,900
3133,863
3134,1262
3135,2030
3136,926
3137,677
3138,784
3139,918
3140,859
3141,722
3142,660
3143,791
3144,753
3145,745
3146,692
3147,699
3148,738
3149,592
3150,601
3151,497
3152,496
3153,509
3154,417
3155,452
3156,490
3157,526
3158,425
3159,525
3160,501
3161,373
3162,334
3163,360
3164,433
3165,472
3166,404
3167,456
3168,373
3169,317
3170,451
3171,539
3172,441
3173,369
3174,451
3175,542
3176,473
3177,345
3178,268
3179,218
3180,230
3181,326
3182,333
3183,377
3184,394
3185,458
3186,445
3187,682
3188,592
3189,835
3190,678
3191,571
3192,474
3193,404
3194,454
3195,584
3196,523
3197,681
3198,463
3199,528
3200,346
3201,389
3202,469
3203,445
3204,472
3205,612
3206,642
3207,881
3208,886
3209,653
3210,681
3211,787
3212,728
3213,521
3214,544
3215,589
3216,503
3217,450
3218,433
3219,437
3220,503
3221,401
3222,401
3223,469
3224,574
3225,394
3226,321
3227,334
3228,353
3229,453
3230,454
3231,639
3232,395
3233,397
3234,369
3235,554
3236,591
3237,741
3238,848
3239,462
3240,326
3241,408
3242,435
3243,298
3244,346
3245,392
3246,328
3247,250
3248,332
3249,373
3250,496
3251,309
3252,562
3253,435
3254,441
3255,299
3256,288
3257,342
3258,305
3259,316
3260,369
3261,383
3262,310
3263,294
3264,277
3265,368
3266,371
3267,348
3268,412
3269,452
3270,503
3271,421
3272,428
3273,566
3274,380
3275,449
3276,375
3277,447
3278,303
3279,307
3280,476
3281,508
3282,324
3283,281
3284,299
3285,293
3286,411
3287,387
3288,385
3289,441
3290,492
3291,529
3292,578
3293,528
3294,483
3295,430
3296,662
3297,578
3298,532
3299,540
3300,434
3301,367
3302,472
3303,433
3304,481
3305,508
3306,537
3307,393
3308,482
3309,484
3310,416
3311,450
3312,411
3313,642
3314,613
3315,620
3316,1225
3317,1121
3318,657
3319,576
3320,589
3321,645
3322,769
3323,1068
3324,733
3325,685
3326,822
3327,696
3328,571
3329,649
3330,708
3331,680
3332,538
3333,460
3334,524
3335,580
3336,615
3337,620
3338,479
3339,605
3340,373
3341,341
3342,267
3343,307
3344,266
3345,270
3346,248
3347,260
3348,268
3349,302
3350,335
3351,245
3352,267
3353,348
3354,397
3355,379
3356,333
3357,348
3358,393
3359,310
3360,319
3361,291
3362,172
3363,261
3364,182
3365,186
3366,207
3367,181
3368,174
3369,124
3370,130
3371,190
3372,137
3373,170
3374,194
3375,167
3376,176
3377,113
3378,101
3379,188
3380,190
3381,276
3382,306
3383,300
3384,232
3385,206
3386,163
3387,204
3388,142
3389,72
3390,99
3391,110
3392,65
3393,41
3394,47
3395,58
3396,48
3397,47
3398,47
3399,61
3400,65
3401,38
3402,39
3403,45
3404,67
3405,44
3406,68
3407,128
3408,224
3409,147
3410,91
3411,69
3412,71
3413,91
3414,81
3415,52
3416,64
3417,87
3418,83
3419,102
3420,64
3421,47
3422,46
3423,54
3424,50
3425,38
3426,37
3427,43
3428,60
3429,41
3430,56
3431,101
3432,114
3433,111
3434,64
3435,112
3436,82
3437,112
3438,103
3439,71
3440,66
3441,77
3442,65
3443,98
3444,145
3445,107
3446,95
3447,104
3448,67
3449,88
3450,230
3451,307
3452,397
3453,692
3454,456
3455,687
3456,468
3457,396
3458,360
3459,396
3460,129
3461,123
3462,69
3463,66
3464,41
3465,67
3466,110
3467,59
3468,85
3469,71
3470,81
3471,65
3472,86
3473,46
3474,126
3475,182
3476,210
3477,103
3478,107
3479,124
3480,170
3481,117
3482,93
3483,142
3484,116
3485,108
3486,92
3487,117
3488,115
3489,84
3490,87
3491,99
3492,144
3493,139
3494,121
3495,154
3496,186
3497,89
3498,128
3499,166
3500,123
3501,113
3502,201
3503,75
3504,54
3505,121
3506,74
3507,66
3508,90
3509,100
3510,123
3511,129
3512,149
3513,135
3514,65
3515,40
3516,54
3517,61
3518,72
3519,104
3520,102
3521,214
3522,254
3523,204
3524,74
3525,83
3526,41
3527,47
3528,41
3529,34
3530,37
3531,38
3532,49
3533,78
3534,118
3535,115
3536,103
3537,108
3538,128
3539,117
3540,100
3541,44
3542,376
3543,492
3544,596
3545,515
3546,484
3547,493
3548,719
3549,531
3550,551
3551,520
3552,675
3553,455
3554,307
3555,371
3556,257
3557,355
3558,318
3559,367
3560,284
3561,238
3562,251
3563,303
3564,287
3565,250
3566,256
3567,386
3568,395
3569,395
3570,305
3571,365
3572,373
3573,429
3574,376
3575,233
3576,277
3577,335
3578,419
3579,266
3580,184
3581,180
3582,128
3583,153
3584,163
3585,203
3586,135
3587,139
3588,106
3589,158
3590,110
3591,97
3592,95
3593,128
3594,103
3595,150
3596,39
3597,62
3598,61
3599,80
3600,89
3601,86
3602,80
3603,63
3604,62
3605,80
3606,105
3607,109
3608,46
3609,40
3610,56
3611,84
3612,100
3613,88
3614,97
3615,57
3616,48
3617,45
3618,85
3619,82
3620,73
3621,61
3622,105
3623,95
3624,51
3625,53
3626,85
3627,126
3628,190
3629,169
3630,144
3631,93
3632,98
3633,79
3634,91
3635,107
3636,64
3637,65
3638,67
3639,74
3640,75
3641,147
3642,172
3643,154
3644,118
3645,86
3646,77
3647,108
3648,120
3649,100
3650,52
3651,69
3652,129
3653,251
3654,140
3655,109
3656,144
3657,230
3658,206
3659,214
3660,195
3661,101
3662,104
3663,99
3664,118
3665,193
3666,173
3667,258
3668,237
3669,235
3670,355
3671,306
3672,209
3673,237
3674,196
3675,157
3676,87
3677,75
3678,63
3679,74
3680,92
3681,78
3682,75
3683,148
3684,91
3685,82
3686,94
3687,144
3688,172
3689,83
3690,39
3691,64
3692,55
3693,142
3694,137
3695,67
3696,105
3697,116
3698,99
3699,71
3700,61
3701,80
3702,77
3703,138
3704,76
3705,80
3706,95
3707,80
3708,54
3709,62
3710,103
3711,100
3712,101
3713,87
3714,125
3715,147
3716,214
3717,168
3718,104
3719,97
3720,136
3721,139
3722,111
3723,130
3724,131
3725,135
3726,187
3727,263
3728,252
3729,135
3730,106
3731,124
3732,104
3733,94
3734,89
3735,104
3736,256
3737,116
3738,74
3739,86
3740,81
3741,83
3742,99
3743,86
3744,150
3745,96
3746,89
3747,111
3748,94
3749,82
3750,121
3751,256
3752,125
3753,246
3754,384
3755,401
3756,414
3757,402
3758,435
3759,492
3760,356
3761,378
3762,363
3763,281
3764,279
3765,281
3766,234
3767,267
3768,262
3769,336
3770,308
3771,285
3772,258
3773,295
3774,269
3775,226
3776,185
3777,200
3778,181
3779,207
3780,225
3781,125
3782,201
3783,237
3784,290
3785,203
3786,253
3787,273
3788,260
3789,255
3790,344
3791,368
3792,245
3793,308
3794,184
3795,160
3796,212
3797,260
3798,200
3799,251
3800,235
3801,278
3802,422
3803,410
3804,239
3805,287
3806,357
3807,317
3808,201
3809,179
3810,247
3811,226
3812,205
3813,229
3814,246
3815,300
3816,264
3817,235
3818,177
3819,282
3820,283
3821,310
3822,343
3823,232
3824,221
3825,287
3826,283
3827,204
3828,289
3829,273
3830,225
3831,260
3832,207
3833,225
3834,226
3835,388
3836,459
3837,569
3838,438
3839,481
3840,323
3841,241
3842,436
3843,297
3844,327
3845,316
3846,326
3847,366
3848,294
3849,275
3850,365
3851,397
3852,254
3853,219
3854,212
3855,213
3856,201
3857,307
3858,282
3859,215
3860,229
3861,309
3862,301
3863,255
3864,239
3865,324
3866,257
3867,351
3868,370
3869,328
3870,242
3871,289
3872,177
3873,276
3874,237
3875,192
3876,226
3877,187
3878,270
3879,375
3880,207
3881,253
3882,306
3883,231
3884,348
3885,275
3886,154
3887,243
3888,203
3889,222
3890,227
3891,157
3892,168
3893,203
3894,229
3895,237
3896,274
3897,208
3898,280
3899,274
3900,398
3901,324
3902,299
3903,245
3904,251
3905,240
3906,425
3907,413
3908,382
3909,339
3910,222
3911,184
3912,179
3913,223
3914,251
3915,287
3916,274
3917,398
3918,336
3919,325
3920,307
3921,225
3922,254
3923,252
3924,327
3925,252
3926,263
3927,316
3928,395
3929,357
3930,379
3931,312
3932,326
3933,221
3934,237
3935,214
3936,258
3937,289
3938,267
3939,311
3940,340
3941,351
3942,335
3943,321
3944,350
3945,331
3946,343
3947,391
3948,288
3949,319
3950,310
3951,334
3952,322
3953,319
3954,343
3955,301
3956,507
3957,389
3958,341
3959,310
3960,347
3961,355
3962,394
3963,374
3964,233
3965,220
3966,262
3967,259
3968,213
3969,229
3970,111
3971,157
3972,106
3973,73
3974,108
3975,97
3976,148
3977,144
3978,164
3979,274
3980,173
3981,176
3982,143
3983,186
3984,149
3985,163
3986,109
3987,227
3988,147
3989,146
3990,141
3991,149
3992,124
3993,105
3994,114
3995,213
3996,378
3997,143
3998,121
3999,155
4000,179
4001,169
4002,191
4003,159
4004,157
4005,221
4006,232
4007,185
4008,184
4009,137
4010,151
4011,178
4012,150
4013,189
4014,148
4015,107
4016,119
4017,183
4018,195
4019,108
4020,136
4021,123
4022,142
4023,176
4024,177
4025,158
4026,123
4027,186
4028,281
4029,134
4030,202
4031,164
4032,294
4033,282
4034,206
4035,362
4036,360
4037,508
4038,550
4039,245
4040,237
4041,356
4042,259
4043,116
4044,173
4045,229
4046,227
4047,181
4048,177
4049,130
4050,201
4051,238
4052,195
4053,151
4054,152
4055,136
4056,107
4057,144
4058,127
4059,168
4060,156
4061,150
4062,350
4063,284
4064,212
4065,238
4066,201
4067,195
4068,211
4069,194
4070,210
4071,272
4072,177
4073,261
4074,275
4075,311
4076,246
4077,212
4078,250
4079,214
4080,434
4081,237
4082,194
4083,158
4084,143
4085,141
4086,179
4087,146
4088,162
4089,186
4090,141
4091,188
4092,283
4093,178
4094,153
4095,191
4096,155
4097,304
4098,191
4099,185
4100,155
4101,158
4102,165
4103,162
4104,129
4105,123
4106,86
4107,90
4108,121
4109,103
4110,114
4111,122
4112,111
4113,126
4114,114
4115,179
4116,155
4117,141
4118,184
4119,170
4120,197
4121,243
4122,213
4123,161
4124,240
4125,243
4126,211
4127,265
4128,281
4129,466
4130,442
4131,428
4132,460
4133,697
4134,419
4135,356
4136,241
4137,332
4138,348
4139,330
4140,271
4141,170
4142,224
4143,278
4144,287
4145,246
4146,288
4147,234
4148,168
4149,226
4150,313
4151,271
4152,286
4153,275
4154,269
4155,288
4156,253
4157,251
4158,278
4159,248
4160,223
4161,268
4162,229
4163,226
4164,151
4165,142
4166,179
4167,217
4168,194
4169,195
4170,311
4171,241
4172,199
4173,181
4174,169
4175,223
4176,225
4177,190
4178,298
4179,170
4180,165
4181,122
4182,165
4183,131
4184,247
4185,266
4186,358
4187,182
4188,256
4189,311
4190,380
4191,318
4192,259
4193,246
4194,228
4195,142
4196,141
4197,229
4198,333
4199,184
4200,170
4201,174
4202,56
4203,116
4204,241
4205,105
4206,165
4207,202
4208,231
4209,113
4210,92
4211,82
4212,90
4213,70
4214,95
4215,97
4216,101
4217,92
4218,82
4219,76
4220,82
4221,76
4222,101
4223,72
4224,39
4225,60
4226,50
4227,65
4228,91
4229,60
4230,141
4231,64
4232,76
4233,80
4234,169
4235,80
4236,111
4237,105
4238,119
4239,70
4240,181
4241,106
4242,123
4243,95
4244,86
4245,117
4246,106
4247,96
4248,118
4249,85
4250,58
4251,79
4252,96
4253,107
4254,100
4255,103
4256,80
4257,77
4258,78
4259,53
4260,65
4261,66
4262,102
4263,114
4264,181
4265,144
4266,124
4267,137
4268,106
4269,111
4270,139
4271,103
4272,140
4273,82
4274,265
4275,181
4276,160
4277,143
4278,129
4279,120
4280,245
4281,161
4282,186
4283,155
4284,185
4285,281
4286,246
4287,207
4288,303
4289,325
4290,408
4291,307
4292,365
4293,308
4294,269
4295,246
4296,264
4297,253
4298,274
4299,263
4300,492
4301,364
4302,464
4303,358
4304,410
4305,328
4306,300
4307,197
4308,298
4309,460
4310,194
4311,325
4312,356
4313,284
4314,291
4315,415
4316,240
4317,217
4318,291
4319,273
4320,323
4321,253
4322,263
4323,309
4324,234
4325,248
4326,322
4327,264
4328,317
4329,279
4330,245
4331,195
4332,142
4333,198
4334,200
4335,144
4336,96
4337,61
4338,75
4339,50
4340,59
4341,102
4342,62
4343,65
4344,179
4345,138
4346,105
4347,151
4348,82
4349,63
4350,130
4351,141
4352,57
4353,81
4354,119
4355,107
4356,161
4357,116
4358,135
4359,147
4360,117
4361,128
4362,192
4363,139
4364,116
4365,70
4366,106
4367,99
4368,94
4369,91
4370,57
4371,63
4372,77
4373,94
4374,132
4375,126
4376,105
4377,127
4378,91
4379,101
4380,123
4381,144
4382,159
4383,217
4384,230
4385,240
4386,228
4387,259
4388,192
4389,193
4390,142
4391,160
4392,115
4393,133
4394,106
4395,164
4396,93
4397,85
4398,94
4399,103
4400,49
4401,48
4402,48
4403,103
4404,52
4405,79
4406,97
4407,58
4408,67
4409,67
4410,209
4411,81
4412,100
4413,115
4414,172
4415,158
4416,89
4417,85
4418,64
4419,54
4420,66
4421,78
4422,78
4423,64
4424,67
4425,62
4426,59
4427,55
4428,90
4429,108
4430,55
4431,45
4432,63
4433,66
4434,52
4435,75
4436,69
4437,60
4438,118
4439,55
4440,48
4441,57
4442,41
4443,22
4444,70
4445,76
4446,73
4447,52
4448,61
4449,43
4450,35
4451,92
4452,63
4453,78
4454,150
4455,188
4456,210
4457,370
4458,83
4459,78
4460,61
4461,27
4462,25
4463,55
4464,122
4465,121
4466,125
4467,94
4468,124
4469,100
4470,75
4471,62
4472,57
4473,31
4474,26
4475,30
4476,23
4477,28
4478,27
4479,24
4480,12
4481,47
4482,40
4483,40
4484,47
4485,30
4486,17
4487,31
4488,41
4489,37
4490,17
4491,29
4492,39
4493,51
4494,42
4495,35
4496,54
4497,24
4498,23
4499,41
4500,32
4501,26
4502,19
4503,34
4504,29
4505,58
4506,28
4507,32
4508,41
4509,47
4510,44
4511,24
4512,28
4513,21
4514,27
4515,39
4516,42
4517,36
4518,60
4519,101
4520,52
4521,47
4522,51
4523,83
4524,41
4525,52
4526,66
4527,93
4528,94
4529,95
4530,113
4531,159
4532,100
4533,52
4534,64
4535,59
4536,41
4537,20
4538,39
4539,21
4540,26
4541,35
4542,117
4543,51
4544,37
4545,41
4546,43
4547,27
4548,22
4549,25
4550,63
4551,48
4552,25
4553,46
4554,14
4555,26
4556,28
4557,68
4558,77
4559,74
4560,43
4561,89
4562,70
4563,8
4564,18
4565,17
4566,17
4567,17
4568,22
4569,25
4570,40
4571,55
4572,24
4573,46
4574,36
4575,27
4576,16
4577,19
4578,30
4579,18
4580,21
4581,16
4582,29
4583,51
4584,60
4585,55
4586,61
4587,89
4588,128
4589,116
4590,284
4591,207
4592,61
4593,54
4594,62
4595,78
4596,109
4597,86
4598,30
4599,44
4600,68
4601,22
4602,42
4603,57
4604,51
4605,33
4606,53
4607,45
4608,64
4609,61
4610,51
4611,51
4612,120
4613,118
4614,114
4615,64
4616,52
4617,47
4618,53
4619,40
4620,40
4621,87
4622,69
4623,44
4624,62
4625,34
4626,13
4627,10
4628,15
4629,33
4630,13
4631,9
4632,20
4633,19
4634,12
4635,12
4636,23
4637,22
4638,22
4639,12
4640,27
4641,22
4642,13
4643,23
4644,28
4645,32
4646,15
4647,19
4648,13
4649,21
4650,19
4651,24
4652,35
4653,31
4654,28
4655,30
4656,56
4657,94
4658,91
4659,87
4660,113
4661,95
4662,57
4663,43
4664,20
4665,33
4666,17
4667,24
4668,27
4669,21
4670,70
4671,52
4672,46
4673,26
4674,25
4675,35
4676,22
4677,45
4678,35
4679,36
4680,50
4681,31
4682,16
4683,47
4684,39
4685,65
4686,37
4687,52
4688,32
4689,28
4690,56
4691,23
4692,13
4693,31
4694,35
4695,22
4696,25
4697,48
4698,20
4699,23
4700,13
4701,31
4702,27
4703,34
4704,48
4705,51
4706,31
4707,9
4708,10
4709,7
4710,11
4711,4
4712,5
4713,6
4714,6
4715,9
4716,2
4717,5
4718,6
4719,3
4720,4
4721,5
4722,9
4723,8
4724,5
4725,1
4726,4
4727,10
4728,6
4729,12
4730,32
4731,2
4732,4
4733,14
4734,3
4735,4
4736,4
4737,5
4738,4
4739,2
4741,5
4742,9
4743,14
4744,17
4745,12
4746,3
4747,4
4748,8
4749,5
4750,10
4751,2
4752,11
4753,4
4754,12
4755,7
4756,2
4757,15
4758,20
4759,9
4760,4
4761,23
4763,7
4764,11
4765,5
4766,13
4767,7
4768,3
4769,10
4770,8
4771,12
4772,30
4773,11
4774,7
4775,6
4776,6
4777,2
4778,6
4779,13
4780,8
4781,99
4782,85
4783,14
4784,3
4785,13
4786,1
4787,16
4788,7
4789,6
4790,14
4791,5
4792,5
4793,8
4794,7
4795,12
4796,45
4797,37
4798,22
4799,41
4800,26
4801,40
4802,34
4803,29
4804,76
4805,96
4806,28
4807,36
4808,36
4809,30
4810,18
4811,13
4812,3
4813,8
4814,7
4815,10
4816,4
4817,6
4818,13
4819,17
4820,20
4821,6
4822,10
4823,28
4824,49
4825,57
4826,38
4827,49
4828,36
4829,20
4830,25
4831,12
4832,3
4833,8
4834,8
4835,30
4836,24
4837,9
4838,13
4839,7
4840,24
4841,7
4842,21
4843,3
4844,2
4845,12
4846,12
4847,18
4848,22
4849,7
4850,10
4851,15
4852,7
4853,4
4854,9
4855,6
4856,9
4857,18
4858,11
4859,9
4860,31
4861,14
4862,23
4863,21
4864,16
4865,7
4866,6
4867,5
4868,1
4869,5
4870,9
4871,7
4872,5
4873,8
4874,5
4875,23
4876,18
4877,5
4878,4
4879,13
4880,1
4881,8
4882,5
4883,9
4884,5
4885,3
4886,6
4887,7
4888,5
4889,7
4890,48
4891,63
4892,34
4893,28
4894,26
4895,25
4896,1
4897,4
4898,4
4899,4
4900,5
4901,2
4902,5
4903,7
4904,7
4905,12
4906,25
4907,13
4908,12
4909,9
4910,2
4911,1
4912,2
4913,4
4914,6
4915,6
4916,7
4917,9
4918,3
4919,9
4920,43
4921,12
4922,4
4923,5
4924,4
4925,4
4926,12
4927,8
4928,46
4929,51
4930,6
4931,16
4932,18
4933,38
4934,41
4935,18
4936,11
4937,6
4938,3
4939,4
4940,2
4941,5
4942,9
4943,4
4944,7
4945,9
4946,2
4947,9
4948,28
4949,12
4950,45
4951,18
4952,6
4953,1
4954,1
4955,21
4956,24
4957,12
4958,7
4959,9
4960,3
4961,3
4962,1
4963,10
4964,9
4965,20
4966,12
4967,6
4968,3
4969,1
4970,9
4971,4
4972,1
4973,2
4974,61
4975,90
4976,82
4977,21
4978,16
4979,10
4980,11
4981,6
4982,6
4983,6
4984,7
4985,7
4986,8
4987,11
4988,24
4989,8
4990,10
4991,11
4992,8
4993,8
4994,24
4995,37
4996,44
4997,50
4998,20
4999,15
5000,25
5001,4
5002,6
5003,1
5004,7
5005,5
5006,7
5007,11
5008,3
5009,9
5010,55
5011,17
5012,9
5013,9
5014,11
5015,5
5016,16
5017,55
5018,13
5019,29
5020,35
5021,98
5022,18
5023,9
5024,18
5025,10
5026,5
5027,20
5028,24
5029,24
5030,23
5031,18
5032,6
5033,5
5034,2
5035,2
5036,18
5037,18
5038,4
5039,9
5040,7
5041,2
5042,1
5043,7
5044,4
5045,9
5046,7
5047,1
5048,21
5049,40
5050,26
5051,18
5052,30
5053,24
5054,15
5055,4
5056,6
5057,6
5058,34
5059,22
5060,11
5061,14
5062,8
5063,2
5064,11
5065,22
5066,14
5067,15
5068,29
5069,9
5070,13
5071,23
5072,13
5073,59
5074,2
5075,11
5076,29
5077,6
5078,6
5079,1
5080,3
5081,3
5082,1
5083,8
5084,6
5085,32
5086,62
5087,114
5088,162
5089,10
5090,24
5091,18
5092,5
5093,33
5094,18
5095,20
5096,21
5097,5
5098,15
5099,46
5100,22
5101,5
5102,9
5103,13
5104,7
5105,4
5106,7
5107,18
5108,7
5109,11
5110,3
5111,21
5112,24
5113,24
5114,29
5115,12
5116,15
5117,16
5118,5
5119,6
5120,7
5121,8
5122,2
5123,5
5124,10
5125,6
5126,15
5127,41
5128,7
5129,6
5130,3
5131,3
5132,7
5133,2
5134,1
5135,3
5136,3
5137,6
5138,12
5139,7
5140,16
5141,6
5142,26
5143,12
5144,12
5145,14
5146,3
5147,16
5148,9
5149,2
5150,3
5151,3
5152,12
5153,23
5154,19
5155,25
5156,10
5157,40
5158,56
5159,31
5160,3
5161,4
5162,3
5163,1
5164,16
5165,4
5166,6
5167,4
5168,3
5170,11
5171,14
5172,6
5173,20
5174,10
5176,5
5177,23
5178,11
5179,1
5180,20
5181,16
5182,14
5183,3
5184,5
5185,5
5186,10
5187,15
5188,49
5189,48
5190,4
5191,4
5192,10
5193,30
5194,2
5195,9
5196,10
5197,12
5198,7
5199,8
5200,3
5201,13
5203,30
5204,5
5205,8
5206,9
5207,4
5208,2
5210,20
5211,11
5212,8
5213,8
5214,8
5215,12
5216,13
5217,34
5218,60
5219,34
5220,14
5221,13
5222,8
5223,17
5224,11
5225,9
5226,23
5227,38
5228,52
5230,177
5231,296
5232,195
5233,101
5234,132
5235,142
5236,81
5237,76
5238,100
5239,220
5240,248
5241,200
5242,81
5243,36
5244,7
5245,6
5246,3
5247,1
5248,5
5249,7
5250,49
5251,28
5253,9
5254,7
5255,1
5256,7
5257,5
5258,11
5259,2
5260,7
5261,20
5262,49
5263,13
5264,28
5265,4
5266,2
5267,4
5268,1
5269,7
5270,9
5271,8
5273,3
5275,5
5276,3
5277,6
5278,42
5279,53
5280,26
5281,7
5282,5
5283,11
5284,11
5285,2
5286,3
5287,8
5288,3
5289,3
5290,2
5291,10
5292,4
5293,28
5294,2
5295,5
5297,12
5298,12
5299,11
5300,8
5301,4
5302,7
5303,18
5304,25
5305,9
5307,15
5308,24
5309,7
5310,2
5311,10
5312,3
5313,21
5314,2
5315,15
5317,2
5318,6
5320,1
5321,13
5322,14
5323,39
5324,16
5325,18
5326,2
5327,16
5328,7
5329,7
5330,6
5331,14
5332,6
5333,15
5334,7
5335,16
5336,19
5337,11
5338,24
5339,11
5340,14
5341,1
5342,8
5343,1
5344,8
5345,4
5346,19
5347,12
5348,24
5349,43
5350,44
5351,34
5352,25
5353,21
5354,16
5355,15
5356,11
5357,2
5358,15
5359,14
5360,19
5361,10
5362,21
5363,18
5364,37
5365,10
5366,7
5367,3
5368,2
5369,7
5370,9
5371,39
5372,11
5373,48
5374,19
5375,30
5376,37
5377,11
5378,9
5379,7
5380,23
5381,2
5382,3
5383,4
5384,13
5385,8
5386,6
5387,15
5388,22
5389,11
5390,4
5391,6
5392,8
5393,5
5394,12
5395,24
5396,29
5397,13
5398,6
5399,2
5400,3
5401,9
5402,30
5403,10
5404,3
5405,2
5406,1
5408,26
5409,5
5410,4
5411,2
5413,12
5414,8
5415,44
5416,14
5417,6
5419,17
5420,10
5421,2
5422,9
5423,2
5424,4
5425,12
5426,19
5427,1
5428,23
5429,9
5430,21
5431,21
5432,38
5433,26
5434,23
5435,47
5436,39
5437,50
5438,56
5439,53
5440,16
